Device,Time,DHT1-OUT Temp,DHT1-OUT Hum,DHT2-IN Temp,DHT2-IN Hum,Soil,Infrared
S118,1486911899,20.70,8.00,20.80,13.10,0.10,17.50
S118,1486912198,20.70,8.00,20.80,13.20,0.10,17.50
S118,1486912497,20.70,8.00,20.80,13.20,0.10,17.50
S118,1486912796,20.70,8.20,20.80,13.50,0.10,17.50
S118,1486913095,20.70,8.40,20.80,13.40,0.10,17.50
S118,1486913394,20.80,8.60,20.80,13.70,0.10,17.50
S118,1486913693,20.80,8.90,20.80,14.30,0.10,17.50
S118,1486913992,20.80,8.80,20.80,13.90,0.10,17.50
S118,1486914291,20.80,9.00,20.80,14.10,0.10,17.50
S118,1486914590,20.80,8.60,20.80,13.80,0.10,17.50
S118,1486914889,20.70,8.60,20.80,13.70,0.10,17.50
S118,1486915188,20.80,8.60,20.80,13.60,0.10,17.50
S118,1486915487,20.70,8.60,20.80,13.80,0.10,17.50
S118,1486915786,20.80,9.20,20.80,14.30,0.10,17.50
S118,1486916085,20.80,9.00,20.80,14.30,0.10,17.50
S118,1486916384,20.80,9.60,20.80,14.30,0.10,17.50
S118,1486916683,20.80,9.60,20.90,14.40,0.10,17.50
S118,1486916982,20.80,9.60,20.90,14.40,0.10,17.50
S118,1486917281,20.80,9.60,20.90,14.40,0.10,17.50
S118,1486917580,20.80,9.60,20.90,14.70,0.10,17.50
S118,1486917879,20.80,9.60,20.80,14.30,0.10,17.50
S118,1486918178,20.80,9.60,20.80,14.30,0.10,17.50
S118,1486918477,20.80,9.60,20.80,14.30,0.10,17.50
S118,1486918776,20.80,9.60,20.80,14.50,0.10,17.50
S118,1486919075,20.80,9.80,20.90,14.80,0.10,17.50
S118,1486919374,20.80,9.70,20.90,14.90,0.10,17.50
S118,1486919673,20.80,9.60,20.90,14.80,0.10,17.50
S118,1486919973,20.80,9.90,20.90,14.80,0.10,17.50
S118,1486920272,21.80,15.30,20.90,15.00,0.10,17.50
S118,1486920571,21.80,10.30,22.30,14.10,0.10,17.50
S118,1486920870,21.50,10.10,21.50,14.80,0.10,17.50
S118,1486921169,21.40,10.00,21.20,14.60,0.10,17.50
S118,1486921469,21.30,9.90,21.10,14.90,0.10,17.50
S118,1486921768,21.30,10.30,21.10,15.40,0.10,17.50
S118,1486922067,21.20,10.00,21.10,15.40,0.10,17.50
S118,1486922367,21.10,10.50,21.00,15.50,0.10,17.50
S118,1486922666,21.00,10.20,21.00,15.30,0.10,17.50
S118,1486922966,21.00,10.30,21.00,15.20,0.10,17.50
S118,1486923265,21.00,10.60,20.90,15.50,0.10,17.50
S118,1486923564,21.00,10.50,20.90,15.30,0.10,17.50
S118,1486923863,20.90,10.50,21.00,15.40,0.10,17.50
S118,1486924162,20.90,10.50,21.10,15.10,0.10,17.50
S118,1486924461,20.90,10.40,21.10,15.10,0.10,17.50
S118,1486924761,20.90,10.40,21.10,15.10,0.10,17.50
S118,1486925060,20.80,10.50,21.10,15.30,0.10,17.50
S118,1486925359,20.80,10.40,21.00,15.20,0.10,17.50
S118,1486925658,20.80,10.40,21.00,15.30,0.10,17.50
S118,1486925958,20.80,10.40,20.90,15.20,0.10,17.50
S118,1486926257,20.80,10.40,20.90,15.30,0.10,17.50
S118,1486926557,20.80,10.30,20.90,15.20,0.10,17.50
S118,1486926856,20.80,10.30,21.00,15.50,0.10,17.50
S118,1486927155,20.80,10.50,20.90,15.20,0.10,17.50
S118,1486927454,20.80,10.50,20.90,15.20,0.10,17.50
S118,1486927753,20.80,10.40,20.90,15.30,0.10,17.50
S118,1486928052,20.80,10.50,20.90,15.30,0.10,17.50
S118,1486928352,20.80,10.30,20.90,15.30,0.10,17.50
S118,1486928651,20.80,10.30,20.90,15.20,0.10,17.50
S118,1486928950,20.80,10.80,20.90,15.70,0.10,17.50
S118,1486929249,20.80,10.70,20.90,15.60,0.10,17.50
S118,1486929548,20.80,10.60,20.90,15.70,0.10,17.50
S118,1486929847,20.80,11.00,21.00,15.80,0.10,17.50
S118,1486930146,20.80,11.00,20.90,15.80,0.10,17.50
S118,1486930445,20.80,11.20,20.90,16.00,0.10,17.50
S118,1486930745,20.80,11.20,20.90,16.00,0.10,17.50
S118,1486931044,20.80,11.20,20.90,16.00,0.10,17.50
S118,1486931343,20.80,11.30,20.90,16.20,0.10,17.50
S118,1486931642,20.80,11.50,20.80,16.30,0.10,17.50
S118,1486931941,21.10,11.60,21.40,16.10,0.10,17.50
S118,1486932240,21.40,11.80,22.30,15.30,0.10,17.50
S118,1486932540,21.20,11.30,21.30,15.80,0.10,17.50
S118,1486932839,21.10,11.30,21.00,16.30,0.10,17.50
S118,1486933138,21.10,11.60,20.90,16.90,0.10,17.50
S118,1486933437,21.00,11.60,20.80,16.60,0.10,17.50
S118,1486933736,21.00,11.60,20.80,16.50,0.10,17.50
S118,1486934035,21.00,11.60,20.80,16.40,0.10,17.50
S118,1486934334,20.90,11.50,20.80,16.30,0.10,17.50
S118,1486934633,20.90,11.60,20.80,16.40,0.10,17.50
S118,1486934932,20.90,11.60,20.80,16.40,0.10,17.50
S118,1486935231,20.90,11.70,20.90,16.60,0.10,17.50
S118,1486935530,20.80,11.70,20.80,16.60,0.10,17.50
S118,1486935829,20.80,11.70,20.80,16.60,0.10,17.50
S118,1486936129,20.80,11.80,20.80,16.70,0.10,17.50
S118,1486936428,20.80,11.80,20.80,16.60,0.10,17.50
S118,1486936727,20.80,11.90,20.80,16.60,0.10,17.50
S118,1486937026,20.80,11.90,20.80,16.70,0.10,17.50
S118,1486937325,20.80,12.00,20.80,16.80,0.10,17.50
S118,1486937624,20.80,12.00,20.80,16.90,0.10,17.50
S118,1486937923,20.70,12.00,20.80,16.80,0.10,17.50
S118,1486938222,20.70,12.10,20.80,17.20,0.10,17.50
S118,1486938521,20.70,12.40,20.90,17.30,0.10,17.50
S118,1486938820,20.70,12.30,20.90,17.30,0.10,17.50
S118,1486939119,20.70,12.50,20.90,17.50,0.10,17.50
S118,1486939418,20.80,12.50,21.00,17.40,0.10,17.50
S118,1486939717,20.80,12.40,20.90,17.10,0.10,17.50
S118,1486940016,20.70,12.30,20.70,17.30,0.10,17.50
S118,1486940316,20.70,12.40,20.50,17.40,0.10,17.50
S118,1486940615,20.70,12.40,20.40,17.40,0.10,17.50
S118,1486940914,20.70,12.40,20.30,17.50,0.10,17.50
S118,1486941213,20.60,12.30,20.20,17.50,0.10,17.50
S118,1486941512,20.60,12.40,20.10,17.60,0.10,17.50
S118,1486941811,20.60,12.40,20.00,17.60,0.10,17.50
S118,1486942110,20.40,12.30,20.00,17.60,0.10,17.50
S118,1486942409,20.40,12.30,19.90,17.60,0.10,17.50
S118,1486942708,20.40,12.40,19.80,17.50,0.10,17.50
S118,1486943007,20.30,12.40,19.80,17.50,0.10,17.50
S118,1486943306,20.30,12.40,19.70,17.50,0.10,17.50
S118,1486943605,20.20,12.40,19.70,17.70,0.10,17.50
S118,1486943904,20.20,12.50,19.60,17.70,0.10,17.50
S118,1486944203,20.10,12.50,19.60,17.80,0.10,17.50
S118,1486944502,20.10,12.60,19.50,17.90,0.10,17.50
S118,1486944801,20.00,12.70,19.50,17.90,0.10,17.50
S118,1486945100,20.00,12.80,19.50,18.10,0.10,17.50
S118,1486945399,20.00,12.90,19.40,18.10,0.10,17.50
S118,1486945698,19.90,12.80,19.40,18.10,0.10,17.50
S118,1486945997,19.90,12.90,19.30,18.10,0.10,17.50
S118,1486946296,19.80,12.90,19.30,18.10,0.10,17.50
S118,1486946595,19.80,13.00,19.30,18.20,0.10,17.50
S118,1486946894,19.80,13.00,19.20,18.20,0.10,17.50
S118,1486947193,19.70,13.00,19.20,18.30,0.10,17.50
S118,1486947492,19.70,13.00,19.20,18.30,0.10,17.50
S118,1486947791,19.70,13.00,19.20,18.40,0.10,17.50
S118,1486948090,19.60,13.20,19.20,19.00,0.10,17.50
S118,1486948389,19.60,13.40,19.20,19.00,0.10,17.50
S118,1486948688,19.60,13.30,19.10,18.80,0.10,17.50
S118,1486948987,19.60,13.30,19.10,18.80,0.10,17.50
S118,1486949286,19.50,13.30,19.10,18.70,0.10,17.50
S118,1486949585,19.50,13.20,19.10,18.70,0.10,17.50
S118,1486949884,19.50,13.10,19.00,18.70,0.10,17.50
S118,1486950184,19.50,13.20,19.00,18.70,0.10,17.50
S118,1486950483,19.40,13.10,19.00,18.70,0.10,17.50
S118,1486950782,19.40,13.20,19.00,18.80,0.10,17.50
S118,1486951081,19.40,13.20,18.90,18.80,0.10,17.50
S118,1486951380,19.40,13.20,18.90,18.80,0.10,17.50
S118,1486951679,19.30,13.20,18.90,18.80,0.10,17.50
S118,1486951978,19.30,13.30,18.90,18.80,0.10,17.50
S118,1486952277,19.30,13.20,18.80,18.70,0.10,17.50
S118,1486952576,19.20,13.70,18.90,18.80,0.10,17.50
S118,1486952875,19.30,13.30,18.80,18.70,0.10,17.50
S118,1486953174,19.20,13.20,18.80,18.70,0.10,17.50
S118,1486953473,19.20,13.20,18.80,18.70,0.10,17.50
S118,1486953772,19.20,13.20,18.80,18.80,0.10,17.50
S118,1486954071,19.20,13.20,18.70,18.60,0.10,17.50
S118,1486954370,19.10,13.10,18.70,18.70,0.10,17.50
S118,1486954669,19.10,13.10,18.60,18.60,0.10,17.50
S118,1486954968,19.10,13.20,18.60,18.70,0.10,17.50
S118,1486955267,19.10,13.10,18.60,18.70,0.10,17.50
S118,1486955566,19.00,13.10,18.60,18.70,0.10,17.50
S118,1486955865,19.00,13.20,18.50,18.80,0.10,17.50
S118,1486956164,19.00,13.20,18.50,18.80,0.10,17.50
S118,1486956463,19.00,13.20,18.40,18.90,0.10,17.50
S118,1486956762,18.90,13.20,18.40,18.90,0.10,17.50
S118,1486957061,18.90,13.30,18.30,19.00,0.10,17.50
S118,1486957360,18.80,13.20,18.30,19.10,0.10,17.50
S118,1486957659,18.80,13.30,18.30,19.10,0.10,17.50
S118,1486957958,18.80,13.30,18.20,19.10,0.10,17.50
S118,1486958257,18.70,13.30,18.20,19.10,0.10,17.50
S118,1486958556,18.70,13.40,18.20,19.20,0.10,17.50
S118,1486958855,18.70,13.40,18.10,19.20,0.10,17.50
S118,1486959154,18.70,13.50,18.10,19.20,0.10,17.50
S118,1486959453,18.60,13.40,18.10,19.20,0.10,17.40
S118,1486959752,18.60,13.50,18.10,19.20,0.10,17.50
S118,1486960051,18.60,13.50,18.10,19.20,0.10,17.50
S118,1486960350,18.50,13.50,18.10,19.20,0.10,17.50
S118,1486960649,18.50,13.50,18.10,19.20,0.10,17.50
S118,1486960948,18.50,13.50,18.10,19.20,0.10,17.50
S118,1486961247,18.50,13.50,18.10,19.20,0.10,17.50
S118,1486961546,18.50,13.60,18.10,19.30,0.10,17.50
S118,1486961845,18.50,13.60,18.10,19.20,0.10,17.40
S118,1486962144,18.50,13.60,18.10,19.30,0.10,17.50
S118,1486962443,18.50,13.60,18.00,19.40,0.10,17.50
S118,1486962742,18.40,13.60,18.00,19.40,0.10,17.50
S118,1486963041,18.40,13.60,17.90,19.40,0.10,17.50
S118,1486963340,18.40,13.70,17.90,19.50,0.10,17.50
S118,1486963639,18.40,13.70,17.80,19.50,0.10,17.50
S118,1486963938,18.40,13.70,17.80,19.60,0.10,17.40
S118,1486964237,18.30,13.70,17.80,19.70,0.10,17.40
S118,1486964536,18.30,13.70,17.70,19.80,0.10,17.50
S118,1486964835,18.20,13.80,17.70,19.80,0.10,17.40
S118,1486965134,18.20,13.80,17.70,19.80,0.10,17.40
S118,1486965433,18.20,13.90,17.70,19.80,0.10,17.50
S118,1486965732,18.20,14.00,17.80,19.90,0.10,17.50
S118,1486966031,18.20,14.10,17.80,19.90,0.10,17.50
S118,1486966330,18.20,14.20,17.80,19.90,0.10,17.50
S118,1486966629,18.20,14.20,17.80,19.90,0.10,17.50
S118,1486966928,18.20,14.30,17.80,19.90,0.10,17.50
S118,1486967227,18.20,14.30,17.80,19.90,0.10,17.50
S118,1486967526,18.20,14.30,17.90,20.00,0.10,17.40
S118,1486967825,18.20,14.30,17.80,19.90,0.10,17.40
S118,1486968124,18.10,14.20,17.80,19.90,0.10,17.50
S118,1486968423,18.20,14.30,17.70,19.80,0.10,17.40
S118,1486968722,18.10,14.20,17.80,19.90,0.10,17.50
S118,1486969021,18.10,14.10,18.00,20.10,0.10,17.50
S118,1486969320,18.20,14.10,18.10,19.70,0.10,17.50
S118,1486969619,18.20,14.10,18.10,19.40,0.10,17.50
S118,1486969918,18.20,14.00,18.20,19.50,0.10,17.50
S118,1486970217,18.20,14.00,18.30,19.40,0.10,17.40
S118,1486970516,18.20,14.00,18.30,19.30,0.10,17.50
S118,1486970815,18.30,14.10,18.40,19.40,0.10,17.50
S118,1486971114,18.30,14.00,18.50,19.50,0.10,17.50
S118,1486971413,18.30,14.00,18.50,19.30,0.10,17.50
S118,1486971712,18.40,14.00,18.60,19.30,0.10,17.50
S118,1486972011,18.40,14.10,18.60,19.30,0.10,17.50
S118,1486972310,18.40,14.00,18.60,19.30,0.10,17.50
S118,1486972609,18.50,14.00,18.70,19.20,0.10,17.50
S118,1486972908,18.50,13.90,18.70,19.20,0.10,17.50
S118,1486973207,18.50,13.90,18.80,19.10,0.10,17.40
S118,1486973506,18.60,13.90,18.80,19.10,0.10,17.50
S118,1486973805,18.60,13.80,18.90,19.00,0.10,17.50
S118,1486974104,18.60,13.80,18.90,19.10,0.10,17.50
S118,1486974403,18.70,13.80,19.00,19.00,0.10,17.50
S118,1486974702,18.70,13.80,19.00,19.00,0.10,17.50
S118,1486975001,18.80,13.80,19.10,19.00,0.10,17.50
S118,1486975300,18.80,13.80,19.10,19.00,0.10,17.50
S118,1486975599,18.80,13.90,19.10,19.00,0.10,17.50
S118,1486975898,18.90,13.90,19.20,19.00,0.10,17.50
S118,1486976197,18.90,13.90,19.20,19.00,0.10,17.50
S118,1486976496,18.90,13.80,19.20,18.80,0.10,17.50
S118,1486976795,19.00,13.90,19.30,18.90,0.10,17.50
S118,1486977094,19.00,13.90,19.30,18.90,0.10,17.50
S118,1486977393,19.00,13.90,19.30,18.90,0.10,17.50
S118,1486977692,19.10,13.90,19.40,18.80,0.10,17.50
S118,1486977991,19.10,13.80,19.40,18.90,0.10,17.50
S118,1486978290,19.10,13.80,19.40,18.80,0.10,17.50
S118,1486978589,19.10,13.80,19.50,18.90,0.10,17.50
S118,1486978888,19.20,13.80,19.50,19.00,0.10,17.50
S118,1486979187,19.20,13.90,19.50,18.90,0.10,17.50
S118,1486979486,19.20,13.90,19.50,19.00,0.10,17.50
S118,1486979785,19.20,13.80,19.60,19.00,0.10,17.50
S118,1486980084,19.30,13.90,19.60,18.80,0.10,17.50
S118,1486980383,19.30,13.90,19.60,19.00,0.10,17.50
S118,1486980682,19.30,14.30,19.70,19.50,0.10,17.50
S118,1486980981,19.40,14.40,19.80,19.60,0.10,17.50
S118,1486981280,19.40,14.60,19.80,19.60,0.10,17.50
S118,1486981579,19.40,14.60,19.90,19.50,0.10,17.50
S118,1486981878,19.50,14.70,20.00,19.70,0.10,17.50
S118,1486982177,19.50,14.70,20.00,19.60,0.10,17.50
S118,1486982476,19.60,14.70,20.10,19.60,0.10,17.50
S118,1486982775,19.60,14.70,20.10,19.40,0.10,17.50
S118,1486983074,19.70,14.70,20.20,19.60,0.10,17.50
S118,1486983373,19.70,14.70,20.20,19.50,0.10,17.50
