Device,Time,DHT1-OUT Temp,DHT1-OUT Hum,DHT2-IN Temp,DHT2-IN Hum,Soil,Infrared
S144,1486911899,20.70,9.70,20.90,13.40,0.10,17.40
S144,1486912198,20.70,9.50,20.90,12.90,0.10,17.40
S144,1486912497,20.70,9.80,20.90,13.20,0.10,17.40
S144,1486912796,20.80,9.90,20.90,13.10,0.10,17.40
S144,1486913095,20.80,10.30,20.90,13.30,0.10,17.40
S144,1486913394,20.80,10.20,21.00,13.60,0.10,17.40
S144,1486913693,20.80,10.60,21.00,14.00,0.10,17.40
S144,1486913992,20.80,10.30,20.90,13.60,0.10,17.40
S144,1486914291,20.80,10.30,20.90,13.60,0.10,17.40
S144,1486914590,20.80,10.20,20.90,13.50,0.10,17.40
S144,1486914889,20.80,10.10,20.90,13.40,0.10,17.40
S144,1486915188,20.80,10.40,20.90,13.60,0.10,17.40
S144,1486915487,20.80,10.40,20.90,13.60,0.10,17.40
S144,1486915786,20.80,10.70,21.00,13.90,0.10,17.40
S144,1486916085,20.80,11.00,21.00,14.40,0.10,17.40
S144,1486916385,20.80,11.00,21.00,14.40,0.10,17.40
S144,1486916684,20.80,11.00,21.10,14.50,0.10,17.40
S144,1486916983,20.90,11.30,21.10,14.50,0.10,17.40
S144,1486917283,20.90,11.10,21.10,14.50,0.10,17.40
S144,1486917582,20.90,11.40,21.00,14.80,0.10,17.40
S144,1486911899,20.90,11.50,21.10,14.90,0.10,17.40
S144,1486912198,20.80,11.50,21.10,15.00,0.10,17.40
S144,1486912497,20.80,11.70,21.00,15.10,0.10,17.40
S144,1486912796,20.80,11.60,21.00,15.10,0.10,17.40
S144,1486913095,20.80,11.60,21.00,14.90,0.10,17.40
S144,1486913394,20.80,11.70,21.00,15.10,0.10,17.40
S144,1486913693,20.80,11.90,21.10,15.10,0.10,17.40
S144,1486913992,20.90,12.20,21.10,15.50,0.10,17.40
S144,1486914291,20.90,12.60,21.20,16.10,0.10,17.40
S144,1486914590,20.90,12.10,21.10,15.50,0.10,17.40
S144,1486914889,20.90,12.20,21.10,15.40,0.10,17.40
S144,1486915188,20.90,12.10,21.00,15.40,0.10,17.40
S144,1486915487,21.80,13.10,22.80,14.50,0.10,17.40
S144,1486915786,21.50,12.40,22.20,14.70,0.10,17.40
S144,1486916085,21.40,12.70,21.50,15.90,0.10,17.40
S144,1486916385,21.30,12.10,21.20,15.20,0.10,17.40
S144,1486916684,21.20,12.00,21.10,15.10,0.10,17.40
S144,1486916983,21.20,12.10,21.00,15.10,0.10,17.40
S144,1486917283,21.10,12.10,21.00,15.10,0.10,17.40
S144,1486917582,21.10,12.10,21.00,15.10,0.10,17.40
S144,1486917881,21.10,12.20,21.00,15.20,0.10,17.40
S144,1486918181,21.00,12.10,21.00,15.10,0.10,17.40
S144,1486918480,21.00,12.10,21.00,15.10,0.10,17.40
S144,1486918780,21.00,12.10,21.00,15.10,0.10,17.40
S144,1486919079,21.00,12.20,21.00,15.60,0.10,17.40
S144,1486919378,21.00,12.20,21.00,15.10,0.10,17.40
S144,1486919677,20.90,12.10,21.00,15.10,0.10,17.40
S144,1486919977,20.90,12.20,21.00,15.10,0.10,17.40
S144,1486920276,20.90,12.20,21.00,15.20,0.10,17.40
S144,1486920575,20.90,12.20,21.00,15.20,0.10,17.40
S144,1486920874,20.90,12.20,21.00,15.30,0.10,17.40
S144,1486921174,20.90,12.30,21.00,15.40,0.10,17.40
S144,1486921473,20.90,12.60,21.00,15.70,0.10,17.40
S144,1486921772,20.90,12.60,21.00,15.70,0.10,17.40
S144,1486922071,20.90,12.70,21.00,15.70,0.10,17.40
S144,1486922371,20.90,12.70,21.00,15.80,0.10,17.40
S144,1486922670,20.90,12.80,21.00,15.80,0.10,17.40
S144,1486922969,20.90,12.80,21.00,15.90,0.10,17.40
S144,1486923268,20.90,12.90,21.00,15.90,0.10,17.40
S144,1486923567,20.90,13.30,21.00,17.50,0.10,17.40
S144,1486923867,20.90,13.10,21.00,16.20,0.10,17.40
S144,1486924166,20.90,13.10,21.00,16.20,0.10,17.40
S144,1486924465,20.90,13.00,21.00,16.10,0.10,17.40
S144,1486924764,20.90,13.10,21.00,16.30,0.10,17.40
S144,1486925063,20.80,12.90,20.90,16.00,0.10,17.40
S144,1486925362,20.80,13.30,20.90,16.30,0.10,17.40
S144,1486925661,20.90,13.60,20.80,16.80,0.10,17.40
S144,1486925961,20.90,13.40,20.80,16.70,0.10,17.40
S144,1486926260,20.90,13.30,20.80,16.50,0.10,17.40
S144,1486926559,20.90,13.20,20.80,16.40,0.10,17.40
S144,1486926858,20.90,13.20,20.80,16.40,0.10,17.40
S144,1486927157,20.90,13.20,20.80,16.40,0.10,17.40
S144,1486927456,20.90,13.30,20.80,16.50,0.10,17.40
S144,1486927755,20.90,13.30,20.80,16.60,0.10,17.40
S144,1486928054,20.80,13.40,20.70,16.70,0.10,17.40
S144,1486928353,20.80,13.40,20.70,16.60,0.10,17.40
S144,1486928652,20.80,13.50,20.70,16.60,0.10,17.40
S144,1486928951,20.80,13.50,20.80,16.70,0.10,17.40
S144,1486929250,20.80,13.50,20.80,16.70,0.10,17.40
S144,1486929549,20.80,13.50,20.70,16.80,0.10,17.40
S144,1486929848,20.80,13.60,20.70,16.90,0.10,17.40
S144,1486930147,20.80,13.60,20.70,17.00,0.10,17.40
S144,1486930446,20.80,13.70,20.70,16.90,0.10,17.40
S144,1486930745,20.80,13.80,20.80,17.00,0.10,17.40
S144,1486931044,20.80,14.10,20.90,17.30,0.10,17.40
S144,1486931343,20.80,14.40,21.00,17.10,0.10,17.40
S144,1486931642,20.80,14.40,21.10,17.50,0.10,17.40
S144,1486931941,20.80,14.10,21.00,17.10,0.10,17.40
S144,1486932240,20.80,13.90,20.90,17.00,0.10,17.40
S144,1486932539,20.80,14.00,20.70,17.50,0.10,17.40
S144,1486932838,20.80,14.00,20.40,17.40,0.10,17.40
S144,1486933137,20.80,13.90,20.30,17.40,0.10,17.40
S144,1486933436,20.70,13.80,20.20,17.50,0.10,17.40
S144,1486933735,20.70,13.80,20.10,17.60,0.10,17.40
S144,1486934034,20.60,13.80,20.00,17.60,0.10,17.40
S144,1486934333,20.60,13.80,19.90,17.70,0.10,17.40
S144,1486934632,20.50,13.80,19.90,17.70,0.10,17.40
S144,1486934931,20.50,13.90,19.80,17.70,0.10,17.40
S144,1486935230,20.40,13.80,19.70,17.80,0.10,17.40
S144,1486935529,20.40,13.90,19.70,17.80,0.10,17.40
S144,1486935828,20.30,13.90,19.60,17.90,0.10,17.40
S144,1486936127,20.30,13.90,19.60,17.90,0.10,17.40
S144,1486936426,20.20,13.90,19.60,17.90,0.10,17.40
S144,1486936725,20.20,13.90,19.50,18.00,0.10,17.40
S144,1486937024,20.20,14.00,19.50,18.10,0.10,17.40
S144,1486937323,20.10,14.10,19.40,18.20,0.10,17.40
S144,1486937622,20.10,14.10,19.30,18.30,0.10,17.40
S144,1486937921,20.10,14.20,19.30,18.30,0.10,17.40
S144,1486938220,20.00,14.10,19.30,18.30,0.10,17.40
S144,1486938519,20.00,14.20,19.20,18.20,0.10,17.40
S144,1486938818,19.90,14.10,19.20,18.20,0.10,17.40
S144,1486939117,19.90,14.20,19.20,18.30,0.10,17.40
S144,1486939416,19.90,14.30,19.10,18.40,0.10,17.40
S144,1486939715,19.80,14.30,19.20,18.50,0.10,17.40
S144,1486940014,19.80,14.30,19.20,18.50,0.10,17.40
S144,1486940313,19.70,14.50,19.10,18.60,0.10,17.40
S144,1486940612,19.70,14.80,19.10,19.00,0.10,17.40
S144,1486940911,19.70,14.80,19.10,19.00,0.10,17.40
S144,1486941210,19.70,14.80,19.10,18.90,0.10,17.40
S144,1486941509,19.70,14.80,19.10,18.90,0.10,17.40
S144,1486941808,19.60,14.70,19.10,18.90,0.10,17.40
S144,1486942107,19.60,14.70,19.00,18.80,0.10,17.40
S144,1486942406,19.60,14.70,19.00,18.80,0.10,17.40
S144,1486942705,19.50,14.60,19.00,18.90,0.10,17.40
S144,1486943004,19.50,14.60,19.00,18.90,0.10,17.40
S144,1486943303,19.50,14.60,18.90,18.90,0.10,17.40
S144,1486943602,19.50,14.60,18.90,18.90,0.10,17.40
S144,1486943901,19.40,14.60,18.90,18.90,0.10,17.40
S144,1486944200,19.40,14.60,18.90,18.90,0.10,17.40
S144,1486944499,19.40,14.60,18.80,18.90,0.10,17.40
S144,1486944798,19.40,14.70,18.90,19.10,0.10,17.40
S144,1486945097,19.30,14.60,18.80,18.90,0.10,17.40
S144,1486945396,19.30,14.50,18.80,18.90,0.10,17.40
S144,1486945695,19.30,14.50,18.70,18.80,0.10,17.40
S144,1486945994,19.30,14.60,18.80,18.90,0.10,17.40
S144,1486946293,19.20,14.50,18.70,18.80,0.10,17.40
S144,1486946592,19.20,14.50,18.70,18.90,0.10,17.40
S144,1486946891,19.20,14.50,18.60,18.80,0.10,17.40
S144,1486947190,19.20,14.50,18.60,18.80,0.10,17.40
S144,1486947489,19.20,14.50,18.60,18.90,0.10,17.40
S144,1486947788,19.10,14.50,18.60,18.90,0.10,17.40
S144,1486948087,19.10,14.50,18.50,18.90,0.10,17.40
S144,1486948386,19.10,14.60,18.40,18.90,0.10,17.40
S144,1486948685,19.10,14.70,18.40,19.00,0.10,17.40
S144,1486948984,19.00,14.60,18.30,19.10,0.10,17.40
S144,1486949283,19.00,14.70,18.30,19.10,0.10,17.40
S144,1486949582,18.90,14.70,18.20,19.20,0.10,17.40
S144,1486949881,18.90,14.70,18.20,19.30,0.10,17.40
S144,1486950181,18.80,14.70,18.20,19.30,0.10,17.40
S144,1486950480,18.80,14.70,18.10,19.30,0.10,17.40
S144,1486950779,18.80,14.80,18.10,19.40,0.10,17.40
S144,1486951078,18.70,14.80,18.00,19.40,0.10,17.40
S144,1486951377,18.70,14.80,18.00,19.40,0.10,17.40
S144,1486951676,18.70,14.90,18.00,19.50,0.10,17.40
S144,1486951975,18.60,15.00,18.00,19.50,0.10,17.40
S144,1486952274,18.60,15.00,18.00,19.50,0.10,17.40
S144,1486952573,18.60,15.00,18.10,19.50,0.10,17.40
S144,1486952872,18.60,15.00,18.10,19.40,0.10,17.40
S144,1486953171,18.60,15.00,18.10,19.40,0.10,17.40
S144,1486953470,18.60,15.00,18.10,19.40,0.10,17.40
S144,1486953769,18.50,15.00,18.10,19.40,0.10,17.40
S144,1486954068,18.50,15.00,18.10,19.30,0.10,17.40
S144,1486954367,18.50,15.00,18.00,19.30,0.10,17.40
S144,1486954666,18.50,15.00,18.00,19.40,0.10,17.40
S144,1486954965,18.50,15.10,18.00,19.50,0.10,17.40
S144,1486955264,18.50,15.10,17.90,19.50,0.10,17.40
S144,1486955563,18.40,15.10,17.80,19.50,0.10,17.40
S144,1486955862,18.40,15.10,17.80,19.60,0.10,17.40
S144,1486956161,18.40,15.10,17.80,19.70,0.10,17.40
S144,1486956460,18.30,15.10,17.70,19.80,0.10,17.40
S144,1486956759,18.30,15.20,17.70,19.80,0.10,17.40
S144,1486957058,18.30,15.30,17.70,19.90,0.10,17.40
S144,1486957357,18.30,15.30,17.70,20.00,0.10,17.40
S144,1486957656,18.20,15.40,17.70,20.10,0.10,17.40
S144,1486957955,18.20,15.40,17.70,20.10,0.10,17.40
S144,1486958254,18.20,15.60,17.80,20.10,0.10,17.40
S144,1486958553,18.20,15.60,17.80,20.10,0.10,17.40
S144,1486958852,18.20,15.50,17.80,20.10,0.10,17.40
S144,1486959151,18.20,15.60,17.80,20.10,0.10,17.40
S144,1486959450,18.20,15.70,17.80,20.10,0.10,17.40
S144,1486959749,18.20,15.70,17.90,20.10,0.10,17.40
S144,1486960048,18.20,15.60,17.90,20.20,0.10,17.40
S144,1486960347,18.20,15.70,17.80,20.10,0.10,17.40
S144,1486960646,18.20,15.70,17.80,20.20,0.10,17.40
S144,1486960945,18.20,15.60,17.80,20.10,0.10,17.40
S144,1486961244,18.20,15.60,17.90,20.00,0.10,17.40
S144,1486961543,18.10,15.50,18.00,19.70,0.10,17.40
S144,1486961842,18.20,15.60,18.20,19.70,0.10,17.40
S144,1486962141,18.20,15.60,18.20,19.60,0.10,17.40
S144,1486962440,18.20,15.70,18.30,19.70,0.10,17.40
S144,1486962739,18.20,15.60,18.40,19.50,0.10,17.40
S144,1486963038,18.30,15.70,18.50,19.60,0.10,17.40
S144,1486963337,18.30,15.70,18.50,19.60,0.10,17.40
S144,1486963636,18.30,15.80,18.60,19.60,0.10,17.40
S144,1486963935,18.30,15.70,18.60,19.50,0.10,17.40
S144,1486964234,18.40,15.70,18.60,19.50,0.10,17.40
S144,1486964533,18.40,15.70,18.70,19.50,0.10,17.40
S144,1486964832,18.40,15.70,18.70,19.50,0.10,17.40
S144,1486965131,18.50,15.70,18.80,19.40,0.10,17.40
S144,1486965430,18.50,15.60,18.80,19.30,0.10,17.40
S144,1486965729,18.50,15.60,18.90,19.20,0.10,17.40
S144,1486966028,18.60,15.60,18.90,19.20,0.10,17.40
S144,1486966327,18.60,15.60,19.00,19.10,0.10,17.40
S144,1486966626,18.60,15.50,19.00,19.00,0.10,17.40
S144,1486966925,18.70,15.60,19.00,18.90,0.10,17.40
S144,1486967224,18.70,15.50,19.10,19.10,0.10,17.40
S144,1486967523,18.80,15.60,19.10,19.00,0.10,17.40
S144,1486967822,18.80,15.60,19.20,19.10,0.10,17.40
S144,1486968121,18.80,15.50,19.20,19.00,0.10,17.40
S144,1486968420,18.90,15.60,19.20,19.00,0.10,17.40
S144,1486968719,18.90,15.50,19.30,19.10,0.10,17.40
S144,1486969018,18.90,15.50,19.30,19.00,0.10,17.40
S144,1486969317,19.00,15.60,19.30,18.80,0.10,17.40
S144,1486969616,19.00,15.60,19.40,19.10,0.10,17.40
S144,1486969915,19.00,15.50,19.40,19.00,0.10,17.40
S144,1486970214,19.10,15.60,19.40,18.90,0.10,17.40
S144,1486970513,19.10,15.60,19.40,18.90,0.10,17.40
S144,1486970812,19.10,15.60,19.50,18.80,0.10,17.40
S144,1486971111,19.10,15.60,19.50,19.00,0.10,17.40
S144,1486971410,19.10,15.60,19.50,19.00,0.10,17.40
S144,1486971709,19.20,15.60,19.60,18.90,0.10,17.40
S144,1486972008,19.20,15.60,19.60,19.00,0.10,17.40
S144,1486972307,19.30,15.70,19.60,19.10,0.10,17.40
S144,1486972606,19.30,15.70,19.70,19.10,0.10,17.40
S144,1486972905,19.30,15.70,19.70,19.00,0.10,17.40
S144,1486973204,19.30,16.00,19.70,19.50,0.10,17.40
S144,1486973503,19.40,16.20,19.80,19.50,0.10,17.40
S144,1486973802,19.40,16.30,19.90,19.50,0.10,17.40
S144,1486974101,19.50,16.40,20.00,19.50,0.10,17.40
S144,1486974400,19.50,16.40,20.10,19.60,0.10,17.40
