Device,Time,DHT1-OUT Temp,DHT1-OUT Hum,DHT2-IN Temp,DHT2-IN Hum,Soil,Infrared
S153,1486911899,20.90,12.10,20.80,11.90,0.30,17.60
S153,1486912198,20.90,12.10,20.80,12.00,0.30,17.60
S153,1486912497,20.90,12.30,20.80,12.20,0.30,17.60
S153,1486912796,20.90,12.40,20.90,12.10,0.30,17.60
S153,1486913095,20.90,12.70,20.90,12.20,0.30,17.50
S153,1486913394,21.00,12.80,20.90,12.50,0.30,17.60
S153,1486913693,20.90,13.10,20.90,13.10,0.30,17.50
S153,1486913992,21.00,12.80,20.80,13.00,0.30,17.60
S153,1486914291,21.00,12.80,20.80,12.70,0.30,17.60
S153,1486914590,21.00,12.70,20.80,12.60,0.30,17.60
S153,1486914889,21.00,12.60,20.80,12.50,0.30,17.60
S153,1486915188,20.90,12.80,20.70,12.80,0.30,17.60
S153,1486915487,20.90,13.90,20.90,13.30,0.30,17.50
S153,1486915786,21.00,13.20,21.10,13.20,0.30,17.50
S153,1486916085,21.10,14.10,21.10,13.70,0.30,17.60
S153,1486916385,21.10,13.60,21.20,13.30,0.30,17.60
S153,1486916684,21.10,14.00,21.20,13.30,0.30,17.60
S153,1486916983,21.10,14.10,21.10,13.20,0.30,17.60
S153,1486917283,21.10,13.80,21.00,13.20,0.30,17.60
S153,1486917582,21.20,14.00,20.90,13.30,0.30,17.60
S153,1486917881,21.20,14.30,21.00,13.90,0.30,17.60
S153,1486918181,21.10,14.30,21.00,13.90,0.30,17.60
S153,1486918480,21.10,14.50,21.00,14.20,0.30,17.60
S153,1486918780,21.10,14.30,20.90,13.90,0.30,17.60
S153,1486919079,21.10,14.30,20.90,13.90,0.30,17.60
S153,1486919378,21.10,14.30,20.90,14.00,0.30,17.50
S153,1486919677,21.10,14.30,20.90,13.90,0.30,17.50
S153,1486919977,21.10,14.40,20.90,14.00,0.30,17.50
S153,1486920276,21.10,14.30,20.90,14.00,0.30,17.50
S153,1486920575,21.00,14.40,20.90,14.20,0.30,17.60
S153,1486920874,21.00,14.40,20.80,14.10,0.30,17.60
S153,1486921174,21.00,14.50,20.90,14.10,0.30,17.50
S153,1486921473,21.10,14.90,20.90,14.40,0.30,17.60
S153,1486921772,21.10,15.20,21.00,14.50,0.30,17.60
S153,1486922071,21.10,14.90,20.90,14.50,0.30,17.60
S153,1486922371,21.10,14.80,20.90,14.40,0.30,17.60
S153,1486922670,21.10,14.70,20.90,14.40,0.30,17.60
S153,1486922969,21.10,14.80,20.90,14.40,0.30,17.60
S153,1486923268,21.10,15.10,20.90,14.60,0.30,17.60
S153,1486923567,21.10,14.90,20.90,14.50,0.30,17.60
S153,1486923867,21.10,14.80,20.90,14.50,0.30,17.60
S153,1486924166,21.10,14.70,20.80,14.40,0.30,17.60
S153,1486924465,21.10,14.80,20.90,14.40,0.30,17.60
S153,1486924764,21.10,14.70,20.90,14.40,0.30,17.60
S153,1486925063,21.10,14.70,20.80,14.30,0.30,17.60
S153,1486925362,21.10,14.70,20.80,14.40,0.30,17.60
S153,1486925661,21.00,14.70,20.80,14.30,0.30,17.60
S153,1486925961,21.00,14.70,20.80,14.30,0.30,17.60
S153,1486926260,21.00,14.70,20.80,14.30,0.30,17.50
S153,1486926559,21.10,14.70,20.80,14.30,0.30,17.60
S153,1486926858,21.10,14.80,20.90,14.40,0.30,17.60
S153,1486927157,21.20,14.90,21.10,14.10,0.30,17.60
S153,1486927456,21.70,14.40,22.00,13.30,0.30,17.60
S153,1486927755,21.60,14.40,21.40,13.40,0.30,17.60
S153,1486928054,21.50,14.60,21.10,14.10,0.30,17.50
S153,1486928353,21.50,14.60,20.90,14.20,0.30,17.60
S153,1486928652,21.40,14.80,20.90,14.70,0.30,17.60
S153,1486928951,21.30,15.00,21.00,14.60,0.30,17.60
S153,1486929250,21.30,15.10,20.90,14.60,0.30,17.60
S153,1486929549,21.20,15.30,20.90,14.70,0.30,17.60
S153,1486929848,21.20,15.30,20.90,14.80,0.30,17.60
S153,1486930147,21.20,15.40,20.90,14.90,0.30,17.60
S153,1486930446,21.20,15.50,20.90,15.40,0.30,17.60
S153,1486930745,21.20,15.60,21.00,14.80,0.30,17.60
S153,1486931044,21.10,15.80,21.00,15.20,0.30,17.60
S153,1486931343,21.10,15.80,20.90,15.30,0.30,17.60
S153,1486931642,21.10,15.80,20.80,15.10,0.30,17.60
S153,1486931941,21.10,15.70,20.90,15.10,0.30,17.60
S153,1486932240,21.10,15.80,20.90,15.20,0.30,17.60
S153,1486932539,21.10,15.70,20.80,15.10,0.30,17.60
S153,1486932838,21.00,16.20,20.70,15.70,0.30,17.60
S153,1486933137,21.00,16.20,20.70,15.90,0.30,17.60
S153,1486933436,21.10,16.00,20.70,15.60,0.30,17.60
S153,1486933735,21.00,15.90,20.70,15.40,0.30,17.60
S153,1486934034,21.00,15.90,20.80,15.40,0.30,17.50
S153,1486934333,21.00,15.80,20.80,15.40,0.30,17.60
S153,1486934632,21.00,15.80,20.80,15.40,0.30,17.60
S153,1486934931,21.00,15.90,20.80,15.50,0.30,17.60
S153,1486935230,21.00,15.90,20.70,15.60,0.30,17.60
S153,1486935529,21.00,16.10,20.70,15.80,0.30,17.50
S153,1486935828,21.00,16.10,20.70,15.70,0.30,17.60
S153,1486936127,21.00,16.10,20.70,15.70,0.30,17.60
S153,1486936426,21.00,16.10,20.70,15.70,0.30,17.60
S153,1486936725,21.00,16.10,20.70,15.70,0.30,17.50
S153,1486937024,21.00,16.20,20.70,15.70,0.30,17.60
S153,1486937323,20.90,16.20,20.70,15.90,0.30,17.60
S153,1486937622,21.00,16.20,20.60,15.90,0.30,17.60
S153,1486937921,21.00,16.40,20.70,16.10,0.30,17.60
S153,1486938220,21.00,16.60,20.90,16.60,0.30,17.50
S153,1486938519,21.00,16.90,20.90,16.50,0.30,17.60
S153,1486938818,21.00,17.00,20.90,16.60,0.30,17.60
S153,1486939117,21.00,16.90,20.90,16.60,0.30,17.60
S153,1486939416,21.00,16.90,21.00,16.10,0.30,17.50
S153,1486939715,21.00,16.70,20.90,16.20,0.30,17.60
S153,1486940014,21.00,16.80,20.70,16.50,0.30,17.50
S153,1486940313,21.00,16.80,20.40,16.60,0.30,17.60
S153,1486940612,21.00,16.70,20.30,16.50,0.30,17.60
S153,1486940911,20.90,16.60,20.20,16.70,0.30,17.60
S153,1486941210,20.80,16.70,20.10,16.70,0.30,17.60
S153,1486941509,20.80,16.80,20.00,16.80,0.30,17.60
S153,1486941808,20.70,16.70,19.90,16.80,0.30,17.50
S153,1486942107,20.70,16.80,19.80,16.90,0.30,17.50
S153,1486942406,20.60,16.80,19.70,16.90,0.30,17.50
S153,1486942705,20.60,16.90,19.70,17.00,0.30,17.60
S153,1486943004,20.50,16.80,19.70,17.00,0.30,17.50
S153,1486943303,20.40,16.90,19.60,17.00,0.30,17.60
S153,1486943602,20.40,16.90,19.60,17.10,0.30,17.50
S153,1486943901,20.40,17.00,19.50,17.10,0.30,17.50
S153,1486944200,20.30,17.10,19.50,17.20,0.30,17.50
S153,1486944499,20.20,17.20,19.40,17.30,0.30,17.50
S153,1486944798,20.20,17.30,19.40,17.50,0.30,17.50
S153,1486945097,20.20,17.40,19.30,17.40,0.30,17.50
S153,1486945396,20.10,17.30,19.30,17.40,0.30,17.50
S153,1486945695,20.10,17.40,19.30,17.60,0.30,17.50
S153,1486945994,20.00,17.30,19.20,17.50,0.30,17.50
S153,1486946293,20.00,17.30,19.20,17.50,0.30,17.50
S153,1486946592,20.00,17.40,19.20,17.60,0.30,17.50
S153,1486946891,19.90,17.40,19.10,17.60,0.30,17.50
S153,1486947190,19.90,17.50,19.20,17.70,0.30,17.50
S153,1486947489,19.90,17.50,19.20,17.80,0.30,17.50
S153,1486947788,19.90,18.00,19.10,18.40,0.30,17.50
S153,1486948087,19.80,18.20,19.10,18.30,0.30,17.50
S153,1486948386,19.70,18.10,19.10,18.40,0.30,17.50
S153,1486948685,19.70,18.30,19.10,18.30,0.30,17.50
S153,1486948984,19.70,18.20,19.00,18.20,0.30,17.50
S153,1486949283,19.70,18.10,19.00,18.20,0.30,17.50
S153,1486949582,19.70,18.00,19.00,18.20,0.30,17.50
S153,1486949881,19.60,18.00,19.00,18.10,0.30,17.50
S153,1486950181,19.60,18.00,19.00,18.20,0.30,17.50
S153,1486950480,19.60,18.00,18.90,18.20,0.30,17.50
S153,1486950779,19.60,18.00,18.90,18.30,0.30,17.60
S153,1486951078,19.50,18.10,18.90,18.30,0.30,17.50
S153,1486951377,19.50,18.00,18.90,18.30,0.30,17.50
S153,1486951676,19.50,18.20,18.90,18.30,0.30,17.60
S153,1486951975,19.50,18.10,18.80,18.20,0.30,17.60
S153,1486952274,19.50,18.20,18.80,18.40,0.30,17.50
S153,1486952573,19.40,18.20,18.80,18.30,0.30,17.50
S153,1486952872,19.40,18.10,18.80,18.30,0.30,17.50
S153,1486953171,19.30,18.10,18.70,18.20,0.30,17.50
S153,1486953470,19.40,18.10,18.70,18.20,0.30,17.60
S153,1486953769,19.30,18.20,18.60,18.10,0.30,17.50
S153,1486954068,19.30,18.20,18.60,18.10,0.30,17.60
S153,1486954367,19.20,18.20,18.60,18.10,0.30,17.60
S153,1486954666,19.20,18.20,18.50,18.20,0.30,17.50
S153,1486954965,19.20,18.30,18.50,18.20,0.30,17.50
S153,1486955264,19.20,18.30,18.50,18.20,0.30,17.50
S153,1486955563,19.10,18.30,18.50,18.30,0.30,17.50
S153,1486955862,19.10,18.30,18.40,18.40,0.30,17.50
S153,1486956161,19.10,18.30,18.30,18.50,0.30,17.50
S153,1486956460,19.00,18.30,18.30,18.60,0.30,17.60
S153,1486956759,19.00,18.30,18.20,18.80,0.30,17.60
S153,1486957058,18.90,18.40,18.10,18.80,0.30,17.50
S153,1486957357,18.90,18.40,18.10,18.80,0.30,17.60
S153,1486957656,18.90,18.60,18.10,18.80,0.30,17.60
S153,1486957955,18.80,18.50,18.10,18.80,0.30,17.60
S153,1486958254,18.80,18.60,18.00,18.80,0.30,17.60
S153,1486958553,18.80,18.60,18.00,18.80,0.30,17.60
S153,1486958852,18.70,18.60,17.90,18.70,0.30,17.60
S153,1486959151,18.70,18.70,17.90,18.70,0.30,17.60
S153,1486959450,18.60,18.60,17.90,18.70,0.30,17.60
S153,1486959749,18.60,18.80,18.00,18.80,0.30,17.50
S153,1486960048,18.60,18.80,18.00,18.80,0.30,17.60
S153,1486960347,18.60,18.80,18.10,18.80,0.30,17.60
S153,1486960646,18.50,18.90,18.00,18.80,0.30,17.60
S153,1486960945,18.60,18.90,18.00,18.80,0.30,17.50
S153,1486961244,18.60,18.80,18.00,18.80,0.30,17.60
S153,1486961543,18.60,19.00,18.00,18.80,0.30,17.60
S153,1486961842,18.50,18.90,18.00,18.80,0.30,17.50
S153,1486962141,18.50,18.90,17.90,18.70,0.30,17.60
S153,1486962440,18.50,18.80,17.90,18.70,0.30,17.50
S153,1486962739,18.50,19.00,17.80,18.60,0.30,17.60
S153,1486963038,18.50,18.90,17.80,18.70,0.30,17.50
S153,1486963337,18.50,19.00,17.70,18.80,0.30,17.50
S153,1486963636,18.40,19.10,17.70,18.90,0.30,17.60
S153,1486963935,18.30,19.10,17.60,19.00,0.30,17.60
S153,1486964234,18.40,19.10,17.60,19.00,0.30,17.60
S153,1486964533,18.30,19.20,17.60,19.20,0.30,17.60
S153,1486964832,18.30,19.30,17.60,19.30,0.30,17.60
S153,1486965131,18.30,19.30,17.60,19.40,0.30,17.60
S153,1486965430,18.20,19.40,17.60,19.40,0.30,17.50
S153,1486965729,18.20,19.50,17.70,19.40,0.30,17.60
S153,1486966028,18.20,19.50,17.70,19.30,0.30,17.60
S153,1486966327,18.20,19.70,17.70,19.30,0.30,17.60
S153,1486966626,18.20,19.70,17.80,19.40,0.30,17.60
S153,1486966925,18.20,19.60,17.80,19.50,0.30,17.50
S153,1486967224,18.20,19.60,17.80,19.40,0.30,17.60
S153,1486967523,18.20,19.60,17.80,19.40,0.30,17.60
S153,1486967822,18.20,19.60,17.70,19.50,0.30,17.60
S153,1486968121,18.20,19.70,17.70,19.60,0.30,17.60
S153,1486968420,18.20,19.60,17.70,19.40,0.30,17.60
S153,1486968719,18.20,19.40,17.80,19.20,0.30,17.60
S153,1486969018,18.20,19.40,18.00,19.00,0.30,17.60
S153,1486969317,18.20,19.50,18.10,18.90,0.30,17.60
S153,1486969616,18.20,19.50,18.20,18.90,0.30,17.60
S153,1486969915,18.20,19.60,18.20,18.90,0.30,17.60
S153,1486970214,18.20,19.60,18.30,19.00,0.30,17.60
S153,1486970513,18.30,19.70,18.40,19.00,0.30,17.60
S153,1486970812,18.30,19.60,18.40,19.00,0.30,17.60
S153,1486971111,18.40,19.70,18.40,19.00,0.30,17.60
S153,1486971410,18.40,19.60,18.50,19.10,0.30,17.50
S153,1486971709,18.40,19.60,18.60,19.20,0.30,17.50
S153,1486972008,18.40,19.60,18.60,19.20,0.30,17.50
S153,1486972307,18.50,19.60,18.60,19.20,0.30,17.60
S153,1486972606,18.50,19.60,18.70,19.20,0.30,17.60
S153,1486972905,18.60,19.50,18.70,19.10,0.30,17.50
S153,1486973204,18.60,19.50,18.80,19.00,0.30,17.60
S153,1486973503,18.60,19.50,18.90,18.90,0.30,17.60
S153,1486973802,18.70,19.50,18.90,19.00,0.30,17.50
S153,1486974101,18.70,19.50,18.90,18.70,0.30,17.50
S153,1486974400,18.70,19.50,19.00,18.70,0.30,17.50
S153,1486974699,18.80,19.50,19.00,18.70,0.30,17.50
S153,1486974998,18.80,19.40,19.00,18.70,0.30,17.50
S153,1486975297,18.90,19.40,19.00,18.60,0.30,17.50
S153,1486975596,18.90,19.40,19.10,18.60,0.30,17.50
S153,1486975895,18.90,19.40,19.10,18.60,0.30,17.60
S153,1486976194,18.90,19.40,19.20,18.50,0.30,17.50
S153,1486976493,19.00,19.40,19.20,18.50,0.30,17.50
S153,1486976792,19.00,19.40,19.30,18.50,0.30,17.50
S153,1486977091,19.10,19.40,19.30,18.60,0.30,17.50
S153,1486977390,19.10,19.40,19.30,18.50,0.30,17.60
S153,1486977689,19.20,19.40,19.30,18.60,0.30,17.50
S153,1486977988,19.20,19.40,19.40,18.60,0.30,17.60
S153,1486978287,19.20,19.40,19.40,18.50,0.30,17.50
S153,1486978586,19.30,19.40,19.40,18.60,0.30,17.50
S153,1486978885,19.30,19.30,19.50,18.50,0.30,17.60
S153,1486979184,19.30,19.30,19.50,18.50,0.30,17.50
S153,1486979483,19.40,19.30,19.50,18.50,0.30,17.50
S153,1486979782,19.40,19.30,19.50,18.50,0.30,17.50
S153,1486980081,19.40,19.30,19.50,18.60,0.30,17.60
S153,1486980380,19.50,19.60,19.60,18.80,0.30,17.50
S153,1486980679,19.50,20.10,19.60,18.90,0.30,17.50
S153,1486980978,19.50,20.00,19.80,19.00,0.30,17.50
S153,1486981277,19.60,20.10,19.90,19.10,0.30,17.50
S153,1486981576,19.60,20.20,20.00,19.10,0.30,17.50
S153,1486981875,19.70,20.20,20.10,19.10,0.30,17.50
S153,1486982174,19.70,20.20,20.10,19.00,0.30,17.50
S153,1486982473,19.80,20.00,20.20,18.90,0.30,17.50
S153,1486982772,19.80,20.10,20.20,18.80,0.30,17.50
S153,1486983071,19.90,20.00,20.20,18.80,0.30,17.50
S153,1486983370,19.90,20.10,20.30,19.30,0.30,17.50
