Device,Time,DHT1-OUT Temp,DHT1-OUT Hum,DHT2-IN Temp,DHT2-IN Hum,Soil,Infrared
S168,1486911899,20.80,15.80,20.70,10.60,0.10,17.50
S168,1486912198,20.90,15.80,20.70,10.70,0.10,17.50
S168,1486912497,20.90,16.00,20.70,10.80,0.10,17.50
S168,1486912796,20.90,16.00,20.80,10.90,0.10,17.50
S168,1486913095,20.90,16.00,20.80,11.00,0.10,17.50
S168,1486913394,20.90,16.50,20.70,11.90,0.10,17.50
S168,1486913693,20.90,16.60,20.80,11.70,0.10,17.50
S168,1486913992,20.90,16.50,20.70,11.60,0.10,17.50
S168,1486914291,20.90,16.30,20.60,11.40,0.10,17.50
S168,1486914590,20.90,16.20,20.70,11.40,0.10,17.50
S168,1486914889,20.90,16.20,20.60,11.20,0.10,17.50
S168,1486915188,20.90,16.30,20.70,11.50,0.10,17.50
S168,1486915487,20.90,16.80,20.80,12.30,0.10,17.50
S168,1486915786,20.90,16.70,20.80,11.80,0.10,17.50
S168,1486916085,20.90,17.30,20.80,12.90,0.10,17.50
S168,1486916385,20.90,17.00,20.70,12.60,0.10,17.50
S168,1486916684,20.90,17.20,20.70,12.50,0.10,17.50
S168,1486916983,21.00,17.30,20.80,12.80,0.10,17.50
S168,1486917283,21.00,17.10,20.80,12.50,0.10,17.50
S168,1486917582,20.90,17.20,20.70,12.80,0.10,17.50
S168,1486917881,20.90,17.40,20.60,12.90,0.10,17.50
S168,1486918181,20.90,17.20,20.60,13.00,0.10,17.50
S168,1486918480,20.90,17.50,20.60,13.50,0.10,17.50
S168,1486918780,20.90,17.40,20.60,12.90,0.10,17.50
S168,1486919079,20.90,17.60,20.70,13.20,0.10,17.50
S168,1486919378,20.90,17.60,20.70,13.20,0.10,17.50
S168,1486919677,20.90,17.60,20.70,13.20,0.10,17.50
S168,1486919977,20.90,17.60,20.70,13.30,0.10,17.50
S168,1486920276,20.90,17.60,20.70,13.20,0.10,17.50
S168,1486920575,20.90,18.00,20.70,13.20,0.10,17.50
S168,1486920874,20.90,17.80,20.60,13.40,0.10,17.50
S168,1486921174,20.90,17.80,20.70,13.40,0.10,17.50
S168,1486921473,21.00,18.00,20.80,13.70,0.10,17.50
S168,1486921772,21.00,18.10,20.80,13.70,0.10,17.50
S168,1486922071,21.00,17.90,20.70,13.80,0.10,17.50
S168,1486922371,20.90,18.00,20.70,13.80,0.10,17.50
S168,1486922670,20.90,18.10,20.70,13.80,0.10,17.50
S168,1486922969,21.00,18.00,20.70,13.70,0.10,17.50
S168,1486923268,20.90,18.10,20.70,13.90,0.10,17.50
S168,1486923567,20.90,18.10,20.70,13.90,0.10,17.50
S168,1486923867,20.90,18.00,20.70,13.80,0.10,17.50
S168,1486924166,20.90,17.90,20.70,13.70,0.10,17.50
S168,1486924465,20.90,17.90,20.70,13.60,0.10,17.50
S168,1486924764,20.90,17.90,20.60,13.70,0.10,17.50
S168,1486925063,20.90,17.90,20.70,13.60,0.10,17.50
S168,1486925362,21.20,17.80,20.90,13.50,0.10,17.50
S168,1486925661,22.40,19.90,22.30,13.00,0.10,17.50
S168,1486925961,21.70,17.40,21.90,12.30,0.10,17.50
S168,1486926260,21.60,17.40,21.30,13.00,0.10,17.50
S168,1486926559,21.50,17.50,21.00,13.30,0.10,17.50
S168,1486926858,21.40,17.60,20.90,13.40,0.10,17.50
S168,1486927157,21.30,17.70,20.90,13.40,0.10,17.50
S168,1486927456,21.20,17.70,20.90,13.50,0.10,17.50
S168,1486927755,21.10,17.80,20.90,13.50,0.10,17.50
S168,1486928054,21.10,17.80,20.80,13.40,0.10,17.50
S168,1486928353,21.10,17.70,20.80,13.30,0.10,17.50
S168,1486928652,21.00,18.00,20.80,13.80,0.10,17.50
S168,1486928951,21.00,18.20,20.80,14.00,0.10,17.50
S168,1486929250,21.00,18.00,20.90,14.00,0.10,17.50
S168,1486929549,21.00,18.30,20.90,14.20,0.10,17.50
S168,1486929848,20.90,18.40,20.90,14.20,0.10,17.50
S168,1486930147,20.90,18.50,20.90,14.30,0.10,17.50
S168,1486930446,20.90,18.50,20.80,14.30,0.10,17.50
S168,1486930745,20.90,18.50,21.20,14.00,0.10,17.50
S168,1486931044,20.90,18.70,20.90,14.60,0.10,17.50
S168,1486931343,20.90,18.70,20.80,14.60,0.10,17.50
S168,1486931642,20.90,18.70,20.70,14.60,0.10,17.50
S168,1486931941,20.90,18.70,20.80,14.50,0.10,17.50
S168,1486932240,20.90,18.80,20.80,14.60,0.10,17.50
S168,1486932539,20.90,18.80,20.80,14.80,0.10,17.50
S168,1486932838,20.90,19.70,20.70,15.20,0.10,17.50
S168,1486933137,20.80,19.30,20.70,15.40,0.10,17.50
S168,1486933436,20.80,19.10,20.70,15.20,0.10,17.50
S168,1486933735,20.80,19.00,20.70,15.00,0.10,17.50
S168,1486934034,20.80,18.90,20.70,14.90,0.10,17.50
S168,1486934333,20.80,18.90,20.70,14.80,0.10,17.50
S168,1486934632,20.80,18.90,20.70,14.80,0.10,17.50
S168,1486934931,20.80,19.00,20.70,14.90,0.10,17.50
S168,1486935230,20.80,19.20,20.70,15.20,0.10,17.50
S168,1486935529,20.80,19.10,20.70,15.20,0.10,17.50
S168,1486935828,20.80,19.10,20.70,15.20,0.10,17.50
S168,1486936127,20.70,19.20,20.70,15.20,0.10,17.50
S168,1486936426,20.70,19.20,20.60,15.20,0.10,17.50
S168,1486936725,20.70,19.20,20.70,15.20,0.10,17.50
S168,1486937024,20.80,19.20,20.60,15.20,0.10,17.50
S168,1486937323,20.70,19.40,20.60,15.40,0.10,17.50
S168,1486937622,20.70,19.30,20.60,15.40,0.10,17.50
S168,1486937921,20.70,19.60,20.70,15.80,0.10,17.50
S168,1486938220,20.70,19.80,20.90,16.20,0.10,17.50
S168,1486938519,20.70,19.90,20.90,15.80,0.10,17.50
S168,1486938818,20.70,19.90,20.80,16.10,0.10,17.50
S168,1486939117,20.70,19.70,20.80,15.80,0.10,17.50
S168,1486939416,20.70,19.70,20.80,15.80,0.10,17.50
S168,1486939715,20.70,19.60,20.70,15.70,0.10,17.50
S168,1486940014,20.70,19.70,20.50,16.00,0.10,17.50
S168,1486940313,20.70,19.60,20.40,16.10,0.10,17.50
S168,1486940612,20.60,19.60,20.30,16.10,0.10,17.50
S168,1486940911,20.60,19.50,20.20,16.10,0.10,17.50
S168,1486941210,20.60,19.60,20.00,16.20,0.10,17.50
S168,1486941509,20.50,19.60,20.00,16.30,0.10,17.50
S168,1486941808,20.50,19.60,19.90,16.30,0.10,17.50
S168,1486942107,20.40,19.60,19.80,16.40,0.10,17.50
S168,1486942406,20.30,19.60,19.80,16.40,0.10,17.50
S168,1486942705,20.30,19.70,19.70,16.50,0.10,17.50
S168,1486943004,20.30,19.70,19.60,16.50,0.10,17.50
S168,1486943303,20.20,19.80,19.60,16.60,0.10,17.50
S168,1486943602,20.20,19.80,19.60,16.60,0.10,17.50
S168,1486943901,20.10,19.80,19.50,16.70,0.10,17.50
S168,1486944200,20.10,20.00,19.50,16.90,0.10,17.50
S168,1486944499,20.00,20.00,19.50,16.90,0.10,17.50
S168,1486944798,20.00,20.00,19.40,17.00,0.10,17.50
S168,1486945097,19.90,20.00,19.30,17.00,0.10,17.50
S168,1486945396,19.90,20.10,19.30,17.00,0.10,17.50
S168,1486945695,19.90,20.10,19.20,17.00,0.10,17.50
S168,1486945994,19.80,20.10,19.20,17.30,0.10,17.50
S168,1486946293,19.80,20.20,19.20,17.20,0.10,17.50
S168,1486946592,19.70,20.20,19.10,17.20,0.10,17.50
S168,1486946891,19.60,20.30,19.10,17.40,0.10,17.50
S168,1486947190,19.60,20.30,19.10,17.50,0.10,17.50
S168,1486947489,19.60,20.40,19.10,17.50,0.10,17.50
S168,1486947788,19.50,20.90,19.10,18.30,0.10,17.50
S168,1486948087,19.60,21.20,19.00,18.20,0.10,17.50
S168,1486948386,19.50,21.10,19.00,18.20,0.10,17.40
S168,1486948685,19.50,21.00,19.00,18.10,0.10,17.50
S168,1486948984,19.40,20.90,18.90,18.10,0.10,17.50
S168,1486949283,19.40,21.00,18.90,18.10,0.10,17.50
S168,1486949582,19.40,20.80,18.80,18.10,0.10,17.50
S168,1486949881,19.40,21.00,18.80,18.10,0.10,17.50
S168,1486950181,19.30,21.00,18.80,18.10,0.10,17.50
S168,1486950480,19.30,21.00,18.80,18.20,0.10,17.50
S168,1486950779,19.30,21.10,18.70,18.20,0.10,17.50
S168,1486951078,19.30,21.00,18.70,18.20,0.10,17.50
S168,1486951377,19.20,21.00,18.70,18.20,0.10,17.50
S168,1486951676,19.20,21.10,18.70,18.20,0.10,17.50
S168,1486951975,19.20,21.00,18.60,18.20,0.10,17.50
S168,1486952274,19.20,21.20,18.60,18.30,0.10,17.50
S168,1486952573,19.10,21.10,18.60,18.20,0.10,17.50
S168,1486952872,19.10,21.00,18.60,18.20,0.10,17.50
S168,1486953171,19.10,21.10,18.50,18.20,0.10,17.50
S168,1486953470,19.10,21.00,18.50,18.20,0.10,17.50
S168,1486953769,19.10,21.00,18.50,18.10,0.10,17.50
S168,1486954068,19.00,20.90,18.50,18.10,0.10,17.50
S168,1486954367,19.00,20.90,18.40,18.10,0.10,17.50
S168,1486954666,19.00,21.00,18.40,18.10,0.10,17.50
S168,1486954965,19.00,21.00,18.40,18.10,0.10,17.50
S168,1486955264,18.90,21.00,18.30,18.10,0.10,17.50
S168,1486955563,18.90,21.10,18.30,18.20,0.10,17.50
S168,1486955862,18.90,21.10,18.20,18.30,0.10,17.50
S168,1486956161,18.80,21.10,18.20,18.40,0.10,17.50
S168,1486956460,18.80,21.20,18.00,18.50,0.10,17.50
S168,1486956759,18.80,21.20,18.00,18.60,0.10,17.50
S168,1486957058,18.70,21.30,18.00,18.70,0.10,17.50
S168,1486957357,18.70,21.30,17.90,18.80,0.10,17.50
S168,1486957656,18.60,21.30,17.90,18.80,0.10,17.50
S168,1486957955,18.60,21.30,17.90,18.80,0.10,17.50
S168,1486958254,18.50,21.40,17.80,19.00,0.10,17.50
S168,1486958553,18.60,21.50,17.80,18.90,0.10,17.50
S168,1486958852,18.50,21.40,17.70,19.00,0.10,17.50
S168,1486959151,18.50,21.50,17.70,19.00,0.10,17.50
S168,1486959450,18.50,21.60,17.70,19.10,0.10,17.50
S168,1486959749,18.40,21.70,17.80,19.00,0.10,17.50
S168,1486960048,18.40,21.80,17.70,19.00,0.10,17.50
S168,1486960347,18.40,21.70,17.80,19.00,0.10,17.50
S168,1486960646,18.40,21.80,17.80,18.90,0.10,17.50
S168,1486960945,18.40,21.80,17.90,18.90,0.10,17.50
S168,1486961244,18.30,21.90,17.80,18.90,0.10,17.50
S168,1486961543,18.30,21.80,17.80,18.90,0.10,17.50
S168,1486961842,18.30,21.90,17.70,19.00,0.10,17.50
S168,1486962141,18.30,21.90,17.70,19.00,0.10,17.50
S168,1486962440,18.30,21.90,17.70,19.10,0.10,17.50
S168,1486962739,18.30,21.90,17.60,19.20,0.10,17.50
S168,1486963038,18.20,21.80,17.50,19.30,0.10,17.50
S168,1486963337,18.20,22.00,17.50,19.30,0.10,17.50
S168,1486963636,18.20,22.00,17.50,19.40,0.10,17.40
S168,1486963935,18.20,22.00,17.40,19.60,0.10,17.50
S168,1486964234,18.10,22.10,17.40,19.60,0.10,17.50
S168,1486964533,18.10,22.10,17.40,19.60,0.10,17.40
S168,1486964832,18.10,22.30,17.40,19.80,0.10,17.40
S168,1486965131,18.00,22.30,17.30,20.00,0.10,17.40
S168,1486965430,18.00,22.50,17.40,20.00,0.10,17.50
S168,1486965729,18.00,22.50,17.30,20.00,0.10,17.50
S168,1486966028,18.00,22.60,17.50,20.00,0.10,17.40
S168,1486966327,18.00,22.80,17.50,20.00,0.10,17.50
S168,1486966626,18.00,22.80,17.60,20.00,0.10,17.40
S168,1486966925,18.00,22.80,17.50,20.10,0.10,17.50
S168,1486967224,18.00,22.90,17.60,20.00,0.10,17.40
S168,1486967523,18.00,22.90,17.60,20.00,0.10,17.40
S168,1486967822,18.00,22.70,17.50,20.10,0.10,17.40
S168,1486968121,18.00,22.60,17.40,20.00,0.10,17.50
S168,1486968420,17.90,22.50,17.50,19.90,0.10,17.50
S168,1486968719,18.00,22.40,17.70,19.60,0.10,17.50
S168,1486969018,17.90,22.50,17.70,19.40,0.10,17.50
S168,1486969317,18.00,22.40,17.80,19.30,0.10,17.50
S168,1486969616,18.00,22.40,17.90,19.30,0.10,17.50
S168,1486969915,18.00,22.50,18.00,19.30,0.10,17.50
S168,1486970214,18.10,22.50,18.00,19.10,0.10,17.40
S168,1486970513,18.10,22.50,18.10,19.20,0.10,17.40
S168,1486970812,18.20,22.50,18.10,19.20,0.10,17.40
S168,1486971111,18.20,22.50,18.20,19.10,0.10,17.40
S168,1486971410,18.20,22.40,18.30,19.10,0.10,17.50
S168,1486971709,18.30,22.40,18.20,19.10,0.10,17.50
S168,1486972008,18.30,22.40,18.30,19.00,0.10,17.50
S168,1486972307,18.40,22.40,18.40,19.00,0.10,17.50
S168,1486972606,18.40,22.30,18.50,18.80,0.10,17.50
S168,1486972905,18.40,22.30,18.50,18.90,0.10,17.50
S168,1486973204,18.50,22.30,18.60,18.80,0.10,17.50
S168,1486973503,18.50,22.30,18.60,18.70,0.10,17.50
S168,1486973802,18.60,22.20,18.70,18.60,0.10,17.50
S168,1486974101,18.60,22.20,18.70,18.60,0.10,17.50
S168,1486974400,18.60,22.10,18.70,18.60,0.10,17.50
S168,1486974699,18.70,22.10,18.80,18.60,0.10,17.50
S168,1486974998,18.70,22.10,18.80,18.60,0.10,17.50
S168,1486975297,18.80,22.10,18.90,18.60,0.10,17.50
S168,1486975596,18.80,22.00,18.90,18.50,0.10,17.50
S168,1486975895,18.80,22.00,18.90,18.50,0.10,17.50
S168,1486976194,18.90,22.00,19.00,18.50,0.10,17.50
S168,1486976493,18.90,22.00,19.00,18.50,0.10,17.50
S168,1486976792,19.00,21.90,19.10,18.40,0.10,17.50
S168,1486977091,19.00,22.00,19.10,18.50,0.10,17.50
S168,1486977390,19.00,22.40,19.20,18.40,0.10,17.50
S168,1486977689,19.10,22.00,19.20,18.50,0.10,17.50
S168,1486977988,19.10,22.00,19.20,18.50,0.10,17.50
S168,1486978287,19.10,22.00,19.20,18.40,0.10,17.50
S168,1486978586,19.10,21.90,19.20,18.50,0.10,17.50
S168,1486978885,19.20,22.00,19.30,18.50,0.10,17.50
S168,1486979184,19.20,21.90,19.30,18.50,0.10,17.50
S168,1486979483,19.20,21.90,19.40,18.40,0.10,17.50
S168,1486979782,19.30,22.00,19.40,18.40,0.10,17.50
S168,1486980081,19.30,22.00,19.40,18.50,0.10,17.50
S168,1486980380,19.30,22.10,19.50,18.80,0.10,17.50
S168,1486980679,19.40,22.60,19.60,19.10,0.10,17.50
S168,1486980978,19.40,22.50,19.60,18.90,0.10,17.50
S168,1486981277,19.40,22.60,19.80,18.90,0.10,17.50
S168,1486981576,19.50,22.70,19.90,19.00,0.10,17.50
S168,1486981875,19.60,22.70,19.90,18.90,0.10,17.50
S168,1486982174,19.60,22.60,20.00,18.90,0.10,17.50
S168,1486982473,19.70,22.90,20.10,18.80,0.10,17.50
S168,1486982772,19.70,22.70,20.10,18.80,0.10,17.50
S168,1486983071,19.70,22.60,20.20,18.80,0.10,17.50
S168,1486983370,19.80,22.60,20.20,18.80,0.10,17.50
