Device,Time,DHT1-OUT Temp,DHT1-OUT Hum,DHT2-IN Temp,DHT2-IN Hum,Soil,Infrared
S149,1486911899,21.10,10.60,20.80,9.20,0.20,17.50
S149,1486912198,21.10,10.70,20.80,9.10,0.20,17.50
S149,1486912497,21.10,10.90,20.80,9.40,0.20,17.50
S149,1486912796,21.20,11.00,20.80,9.40,0.20,17.50
S149,1486913095,21.20,12.30,20.80,10.20,0.20,17.50
S149,1486913394,21.20,11.20,20.90,10.10,0.20,17.50
S149,1486913693,21.20,11.70,20.80,10.50,0.20,17.50
S149,1486913992,21.20,11.40,20.80,10.10,0.20,17.50
S149,1486914291,21.10,11.30,20.80,10.00,0.20,17.50
S149,1486914590,21.10,11.30,20.80,9.90,0.20,17.50
S149,1486914889,21.10,11.10,20.80,9.90,0.20,17.50
S149,1486915188,21.10,11.40,20.80,10.00,0.20,17.50
S149,1486915487,21.10,12.10,20.90,10.30,0.20,17.50
S149,1486915786,21.20,11.70,21.00,10.20,0.20,17.50
S149,1486916085,21.10,12.50,21.00,11.00,0.20,17.50
S149,1486916384,21.10,12.10,21.50,10.60,0.20,17.50
S149,1486916683,21.20,12.60,21.30,10.60,0.20,17.50
S149,1486916982,21.20,12.40,21.10,11.00,0.20,17.50
S149,1486917281,21.20,12.40,21.00,11.10,0.20,17.50
S149,1486917580,21.10,12.60,21.10,11.30,0.20,17.50
S149,1486917879,21.20,12.60,21.00,11.20,0.20,17.50
S149,1486918178,21.20,12.70,21.00,11.50,0.20,17.50
S149,1486918477,21.20,12.70,21.00,11.50,0.20,17.50
S149,1486918776,21.20,12.60,21.00,11.40,0.20,17.50
S149,1486919076,21.20,12.70,21.00,11.50,0.20,17.50
S149,1486919375,21.20,12.60,21.00,11.40,0.20,17.50
S149,1486919674,21.20,12.70,21.00,11.60,0.20,17.50
S149,1486919974,21.20,12.80,21.00,11.70,0.20,17.50
S149,1486920273,21.10,12.70,21.00,11.60,0.20,17.50
S149,1486920572,21.10,12.80,20.90,11.50,0.20,17.50
S149,1486911899,22.30,14.10,22.40,11.30,0.20,17.50
S149,1486912198,22.10,13.60,21.80,11.60,0.20,17.50
S149,1486912497,21.90,13.30,21.30,11.70,0.20,17.50
S149,1486912796,21.80,13.70,21.10,12.10,0.20,17.50
S149,1486913095,21.70,13.50,21.10,12.10,0.20,17.50
S149,1486913394,21.60,13.70,21.10,12.10,0.20,17.50
S149,1486913693,21.50,13.50,21.00,12.00,0.20,17.50
S149,1486913992,21.40,13.40,20.80,11.80,0.20,17.50
S149,1486914291,21.40,13.40,20.80,11.80,0.20,17.50
S149,1486914590,21.30,13.40,20.80,11.80,0.20,17.50
S149,1486914889,21.30,13.40,20.70,11.80,0.20,17.50
S149,1486915188,21.30,13.50,20.80,11.80,0.20,17.50
S149,1486915487,21.20,13.40,20.70,11.80,0.20,17.50
S149,1486915786,21.20,13.40,20.70,11.80,0.20,17.50
S149,1486916085,21.20,13.40,20.70,11.80,0.20,17.50
S149,1486916384,21.20,13.40,20.70,11.80,0.20,17.50
S149,1486916683,21.20,13.50,20.70,11.80,0.20,17.50
S149,1486916982,21.10,13.40,20.80,11.80,0.20,17.50
S149,1486917281,21.10,13.50,20.70,11.80,0.20,17.50
S149,1486917580,21.10,13.50,20.70,11.80,0.20,17.50
S149,1486917879,21.10,13.50,20.60,11.70,0.20,17.50
S149,1486918179,21.10,13.50,20.80,11.80,0.20,17.50
S149,1486918478,21.10,13.40,20.70,11.80,0.20,17.50
S149,1486918777,21.10,13.80,20.80,12.10,0.20,17.50
S149,1486919077,21.10,13.80,20.80,12.20,0.20,17.50
S149,1486919376,21.10,13.70,20.80,11.80,0.20,17.50
S149,1486919675,21.10,13.90,20.80,12.30,0.20,17.50
S149,1486919975,21.10,13.90,20.80,12.30,0.20,17.50
S149,1486920274,21.10,14.00,20.80,12.50,0.20,17.50
S149,1486920573,21.10,14.10,20.80,12.50,0.20,17.50
S149,1486920872,21.10,14.20,20.70,12.50,0.20,17.50
S149,1486921172,21.10,14.40,21.50,12.30,0.20,17.50
S149,1486921471,21.10,14.20,21.10,12.40,0.20,17.50
S149,1486921770,21.10,14.20,20.90,12.50,0.20,17.50
S149,1486922069,21.10,14.20,20.90,12.50,0.20,17.50
S149,1486922369,21.10,14.20,20.80,12.60,0.20,17.50
S149,1486922668,21.00,14.20,20.90,12.80,0.20,17.50
S149,1486922968,21.00,14.60,20.80,13.10,0.20,17.50
S149,1486923267,21.00,14.60,20.80,13.10,0.20,17.50
S149,1486923566,21.00,14.50,20.80,13.10,0.20,17.50
S149,1486923865,21.00,14.40,20.80,13.00,0.20,17.50
S149,1486924164,21.00,14.40,20.80,12.90,0.20,17.50
S149,1486924463,21.00,14.40,20.80,12.90,0.20,17.50
S149,1486924763,21.00,14.40,20.80,13.00,0.20,17.50
S149,1486925062,21.00,14.50,20.80,13.10,0.20,17.50
S149,1486925361,21.00,14.60,20.70,13.20,0.20,17.50
S149,1486925660,21.00,14.60,20.70,13.10,0.20,17.50
S149,1486925960,20.90,14.60,20.70,13.20,0.20,17.50
S149,1486926259,21.00,14.70,20.70,13.20,0.20,17.50
S149,1486926558,20.90,14.70,20.70,13.20,0.20,17.50
S149,1486926857,20.90,14.70,20.70,13.30,0.20,17.50
S149,1486927156,20.90,14.70,20.70,13.30,0.20,17.50
S149,1486927455,20.90,14.80,20.70,13.50,0.20,17.50
S149,1486927754,20.90,14.80,20.70,13.50,0.20,17.50
S149,1486928053,20.90,15.10,20.70,13.70,0.20,17.50
S149,1486928352,21.00,15.40,20.80,13.90,0.20,17.50
S149,1486928651,21.00,15.60,20.90,14.10,0.20,17.50
S149,1486928950,21.10,16.20,21.20,13.90,0.20,17.50
S149,1486929249,21.20,15.50,21.30,13.70,0.20,17.50
S149,1486929548,21.20,15.40,21.10,13.80,0.20,17.50
S149,1486929847,21.20,15.20,20.80,13.80,0.20,17.50
S149,1486930146,21.10,15.20,20.70,14.00,0.20,17.50
S149,1486930445,21.10,15.20,20.50,14.00,0.20,17.50
S149,1486930745,21.00,15.00,20.40,13.90,0.20,17.50
S149,1486931044,21.00,15.00,20.30,14.00,0.20,17.50
S149,1486931343,20.90,15.00,20.20,13.90,0.20,17.50
S149,1486931642,20.90,15.10,20.20,14.00,0.20,17.50
S149,1486931941,20.80,15.00,20.10,14.00,0.20,17.50
S149,1486932240,20.80,15.00,20.00,14.00,0.20,17.50
S149,1486932539,20.70,15.00,20.00,14.10,0.20,17.50
S149,1486932839,20.70,15.10,19.90,14.10,0.20,17.50
S149,1486933138,20.60,15.00,19.90,14.10,0.20,17.50
S149,1486933437,20.60,15.20,19.80,14.20,0.20,17.50
S149,1486933736,20.50,15.10,19.70,14.20,0.20,17.50
S149,1486934035,20.50,15.20,19.70,14.20,0.20,17.50
S149,1486934334,20.40,15.20,19.70,14.40,0.20,17.50
S149,1486934633,20.40,15.40,19.60,14.40,0.20,17.50
S149,1486934932,20.30,15.60,19.60,14.50,0.20,17.50
S149,1486935231,20.30,15.60,19.60,14.60,0.20,17.50
S149,1486935530,20.20,15.60,19.50,14.60,0.20,17.50
S149,1486935829,20.20,15.60,19.40,14.60,0.20,17.50
S149,1486936128,20.20,15.60,19.40,14.50,0.20,17.50
S149,1486936427,20.10,15.50,19.40,14.60,0.20,17.50
S149,1486936726,20.10,15.50,19.40,14.60,0.20,17.50
S149,1486937025,20.00,15.40,19.30,14.70,0.20,17.50
S149,1486937324,20.00,15.40,19.30,14.80,0.20,17.50
S149,1486937623,20.00,15.40,19.30,14.80,0.20,17.50
S149,1486937922,19.90,15.80,19.30,15.40,0.20,17.50
S149,1486938221,19.90,15.90,19.30,15.50,0.20,17.50
S149,1486938520,19.90,15.90,19.30,15.40,0.20,17.50
S149,1486938819,19.80,15.80,19.20,15.30,0.20,17.50
S149,1486939118,19.80,15.80,19.20,15.30,0.20,17.50
S149,1486939417,19.80,15.80,19.20,15.30,0.20,17.50
S149,1486939716,19.80,15.80,19.10,15.20,0.20,17.50
S149,1486940015,19.70,15.70,19.10,15.20,0.20,17.50
S149,1486940314,19.70,15.80,19.10,15.30,0.20,17.50
S149,1486940613,19.70,15.80,19.10,15.30,0.20,17.50
S149,1486940912,19.70,15.90,19.00,15.30,0.20,17.50
S149,1486941211,19.60,15.80,19.00,15.30,0.20,17.50
S149,1486941510,19.60,15.90,18.90,15.30,0.20,17.50
S149,1486941809,19.60,15.90,18.90,15.30,0.20,17.50
S149,1486942108,19.50,15.80,18.90,15.30,0.20,17.50
S149,1486942407,19.50,15.90,18.90,15.40,0.20,17.50
S149,1486942706,19.50,15.90,18.90,15.30,0.20,17.50
S149,1486943005,19.50,15.80,18.90,15.30,0.20,17.50
S149,1486943304,19.40,15.80,18.80,15.20,0.20,17.50
S149,1486943603,19.40,15.80,18.80,15.20,0.20,17.50
S149,1486943902,19.40,15.80,18.80,15.20,0.20,17.50
S149,1486944201,19.40,15.80,18.80,15.20,0.20,17.50
S149,1486944500,19.30,15.70,18.70,15.10,0.20,17.50
S149,1486944799,19.30,15.70,18.70,15.20,0.20,17.50
S149,1486945098,19.30,15.80,18.70,15.20,0.20,17.50
S149,1486945397,19.30,15.80,18.70,15.20,0.20,17.50
S149,1486945696,19.20,15.70,18.60,15.20,0.20,17.50
S149,1486945995,19.20,15.80,18.50,15.30,0.20,17.50
S149,1486946294,19.20,15.80,18.50,15.40,0.20,17.50
S149,1486946593,19.10,15.80,18.40,15.40,0.20,17.50
S149,1486946892,19.10,15.90,18.30,15.50,0.20,17.50
S149,1486947191,19.10,16.00,18.30,15.60,0.20,17.50
S149,1486947490,19.00,15.90,18.20,15.60,0.20,17.50
S149,1486947789,19.00,16.00,18.20,15.70,0.20,17.50
S149,1486948088,18.90,16.00,18.20,15.80,0.20,17.50
S149,1486948387,18.90,16.10,18.10,15.80,0.20,17.50
S149,1486948686,18.80,16.00,18.10,15.80,0.20,17.50
S149,1486948985,18.80,16.10,18.10,15.80,0.20,17.50
S149,1486949284,18.80,16.10,18.10,15.90,0.20,17.50
S149,1486949583,18.70,16.20,18.00,15.80,0.20,17.50
S149,1486949882,18.70,16.20,18.10,15.80,0.20,17.50
S149,1486950182,18.70,16.20,18.10,15.70,0.20,17.50
S149,1486950481,18.70,16.20,18.10,15.70,0.20,17.50
S149,1486950780,18.70,16.20,18.20,15.70,0.20,17.50
S149,1486951079,18.70,16.20,18.20,15.70,0.20,17.50
S149,1486951378,18.70,16.20,18.20,15.70,0.20,17.50
S149,1486951677,18.70,16.20,18.20,15.70,0.20,17.50
S149,1486951976,18.70,16.30,18.10,15.70,0.20,17.50
S149,1486952275,18.70,16.30,18.10,15.80,0.20,17.50
S149,1486952574,18.60,16.30,18.00,15.80,0.20,17.50
S149,1486952873,18.60,16.30,18.00,15.90,0.20,17.50
S149,1486953172,18.60,16.30,17.90,16.00,0.20,17.50
S149,1486953471,18.50,16.30,17.90,16.00,0.20,17.50
S149,1486953770,18.50,16.30,17.80,16.10,0.20,17.50
S149,1486954069,18.50,16.40,17.70,16.10,0.20,17.50
S149,1486954368,18.40,16.40,17.70,16.20,0.20,17.50
S149,1486954667,18.40,16.50,17.70,16.20,0.20,17.50
S149,1486954966,18.40,16.60,17.70,16.40,0.20,17.50
S149,1486955265,18.30,16.60,17.70,16.40,0.20,17.50
S149,1486955564,18.30,16.70,17.70,16.40,0.20,17.50
S149,1486955863,18.30,16.80,17.80,16.40,0.20,17.50
S149,1486956162,18.30,16.80,17.80,16.40,0.20,17.50
S149,1486956461,18.30,16.80,17.90,16.50,0.20,17.50
S149,1486956760,18.30,16.90,17.90,16.50,0.20,17.50
S149,1486957059,18.30,16.90,17.90,16.50,0.20,17.50
S149,1486957358,18.30,16.90,17.90,16.50,0.20,17.50
S149,1486957657,18.30,16.90,17.90,16.50,0.20,17.50
S149,1486957956,18.30,16.90,17.80,16.60,0.20,17.50
S149,1486958255,18.30,16.90,17.80,16.60,0.20,17.50
S149,1486958554,18.30,16.90,17.90,16.40,0.20,17.50
S149,1486958853,18.30,16.90,18.00,16.30,0.20,17.50
S149,1486959152,18.30,16.90,18.10,16.10,0.20,17.50
S149,1486959451,18.30,16.90,18.20,16.10,0.20,17.50
S149,1486959750,18.30,16.90,18.20,16.00,0.20,17.50
S149,1486960049,18.30,16.90,18.30,16.00,0.20,17.50
S149,1486960348,18.40,17.00,18.40,16.10,0.20,17.50
S149,1486960647,18.40,17.00,18.40,16.10,0.20,17.50
S149,1486960946,18.40,17.00,18.40,16.10,0.20,17.50
S149,1486961245,18.50,17.00,18.50,16.10,0.20,17.50
S149,1486961544,18.50,16.90,18.50,15.90,0.20,17.50
S149,1486961843,18.50,17.00,18.60,16.00,0.20,17.50
S149,1486962142,18.60,17.00,18.70,16.10,0.20,17.50
S149,1486962441,18.60,16.90,18.70,15.90,0.20,17.50
S149,1486962740,18.60,16.90,18.70,15.90,0.20,17.50
S149,1486963039,18.70,16.90,18.70,15.80,0.20,17.50
S149,1486963338,18.70,16.90,18.80,15.80,0.20,17.50
S149,1486963637,18.70,16.80,18.80,15.70,0.20,17.50
S149,1486963936,18.80,16.90,18.90,15.80,0.20,17.50
S149,1486964235,18.80,16.80,18.90,15.60,0.20,17.50
S149,1486964534,18.90,16.90,19.00,15.80,0.20,17.50
S149,1486964833,18.90,16.80,19.00,15.70,0.20,17.50
S149,1486965132,18.90,16.80,19.00,15.60,0.20,17.50
S149,1486965431,18.90,16.80,19.10,15.70,0.20,17.50
S149,1486965730,19.00,16.80,19.10,15.70,0.20,17.50
S149,1486966029,19.00,16.80,19.10,15.70,0.20,17.50
S149,1486966328,19.00,16.80,19.20,15.70,0.20,17.50
S149,1486966627,19.10,16.80,19.20,15.60,0.20,17.50
S149,1486966926,19.10,16.80,19.20,15.60,0.20,17.50
S149,1486967225,19.20,16.80,19.30,15.40,0.20,17.50
S149,1486967524,19.20,16.80,19.30,15.70,0.20,17.50
S149,1486967823,19.20,16.80,19.30,15.70,0.20,17.50
S149,1486968122,19.30,16.80,19.30,15.50,0.20,17.50
S149,1486968421,19.30,16.80,19.40,15.60,0.20,17.50
S149,1486968720,19.30,16.80,19.40,15.70,0.20,17.50
S149,1486969019,19.40,16.90,19.40,15.60,0.20,17.50
S149,1486969318,19.40,16.80,19.50,15.80,0.20,17.50
S149,1486969617,19.40,16.90,19.50,15.80,0.20,17.50
S149,1486969916,19.40,16.80,19.50,15.60,0.20,17.50
S149,1486970215,19.50,16.90,19.50,15.70,0.20,17.50
S149,1486970514,19.50,17.20,19.60,16.30,0.20,17.50
S149,1486970813,19.50,17.40,19.70,16.60,0.20,17.50
S149,1486971112,19.60,17.40,19.70,16.10,0.20,17.50
S149,1486971411,19.60,17.70,19.80,16.50,0.20,17.50
