Device,Time,DHT1-OUT Temp,DHT1-OUT Hum,DHT2-IN Temp,DHT2-IN Hum,Soil,Infrared
S137,1486911899,20.80,11.10,20.90,10.50,0.30,17.70
S137,1486912198,20.80,11.00,20.90,10.20,0.30,17.70
S137,1486912497,20.80,11.20,20.90,10.50,0.30,17.70
S137,1486912796,20.80,11.40,21.00,11.10,0.30,17.70
S137,1486913095,20.90,11.50,21.10,10.80,0.30,17.70
S137,1486913394,20.90,11.70,21.10,11.00,0.30,17.70
S137,1486913693,20.80,12.10,21.00,11.30,0.30,17.70
S137,1486913992,20.80,11.80,21.00,11.10,0.30,17.70
S137,1486914291,20.80,11.90,21.00,11.10,0.30,17.70
S137,1486914590,20.80,11.80,21.00,11.00,0.30,17.70
S137,1486914889,20.80,11.60,21.00,10.90,0.30,17.70
S137,1486915188,20.70,11.60,21.00,10.90,0.30,17.70
S137,1486915487,20.70,11.90,21.00,11.00,0.30,17.70
S137,1486915786,20.80,12.40,21.00,11.40,0.30,17.70
S137,1486916085,20.80,12.60,21.10,11.90,0.30,17.70
S137,1486916385,20.80,12.60,21.10,11.80,0.30,17.70
S137,1486916684,20.80,12.60,21.10,11.90,0.30,17.70
S137,1486916983,20.80,12.60,21.10,12.00,0.30,17.70
S137,1486917283,20.90,12.60,21.10,12.10,0.30,17.70
S137,1486917582,20.90,12.60,21.10,12.00,0.30,17.70
S137,1486917881,20.80,12.60,21.10,12.00,0.30,17.70
S137,1486918181,20.80,12.80,21.10,12.40,0.30,17.70
S137,1486918480,20.80,13.00,21.10,12.40,0.30,17.70
S137,1486918780,20.80,13.10,21.10,12.20,0.30,17.70
S137,1486919079,20.80,12.90,21.10,12.50,0.30,17.70
S137,1486919378,20.80,12.90,21.10,12.80,0.30,17.70
S137,1486919677,20.80,12.80,21.10,12.50,0.30,17.70
S137,1486919977,20.80,12.60,21.20,12.40,0.30,17.70
S137,1486920276,20.80,13.00,21.20,12.50,0.30,17.70
S137,1486920576,20.80,12.80,21.10,12.30,0.30,17.70
S137,1486920875,20.80,13.10,21.10,12.60,0.30,17.70
S137,1486921175,20.80,13.20,21.10,12.70,0.30,17.70
S137,1486921474,20.90,13.60,21.20,12.90,0.30,17.70
S137,1486921773,20.90,13.70,21.20,13.40,0.30,17.70
S137,1486922072,20.90,13.60,21.20,12.90,0.30,17.70
S137,1486922372,20.90,13.60,21.10,13.10,0.30,17.70
S137,1486922671,20.90,13.40,21.10,12.80,0.30,17.70
S137,1486922970,20.90,13.60,21.10,13.10,0.30,17.70
S137,1486923269,20.90,13.60,21.10,13.70,0.30,17.70
S137,1486923568,20.90,13.60,21.10,13.10,0.30,17.70
S137,1486923868,21.80,13.70,23.30,11.80,0.30,17.70
S137,1486924167,21.40,13.40,22.60,12.10,0.30,17.70
S137,1486924466,21.30,13.60,21.60,12.40,0.30,17.70
S137,1486924765,21.30,13.20,21.30,12.70,0.30,17.70
S137,1486925064,21.20,13.40,21.20,12.80,0.30,17.70
S137,1486925363,21.10,13.50,21.10,12.90,0.30,17.70
S137,1486925662,21.10,13.50,21.10,12.80,0.30,17.70
S137,1486925962,21.00,13.40,21.10,12.80,0.30,17.70
S137,1486926261,21.00,13.40,21.10,12.80,0.30,17.70
S137,1486926560,21.00,13.50,21.10,12.90,0.30,17.70
S137,1486926859,20.90,13.60,21.10,12.80,0.30,17.70
S137,1486927158,20.90,13.60,21.10,12.80,0.30,17.70
S137,1486927457,20.90,13.60,21.10,13.30,0.30,17.70
S137,1486927756,20.90,13.60,21.10,12.90,0.30,17.70
S137,1486928055,20.90,13.70,21.10,12.80,0.30,17.70
S137,1486928354,20.90,13.60,21.10,12.90,0.30,17.70
S137,1486928653,20.80,13.60,21.00,12.80,0.30,17.70
S137,1486928952,20.80,14.00,21.00,13.30,0.30,17.70
S137,1486929251,20.80,14.10,21.10,13.70,0.30,17.70
S137,1486929550,20.80,14.10,21.10,13.40,0.30,17.70
S137,1486929849,20.80,14.20,21.10,13.40,0.30,17.70
S137,1486930148,20.80,14.20,21.10,13.40,0.30,17.70
S137,1486930447,20.80,14.30,21.10,13.60,0.30,17.70
S137,1486930746,20.80,14.40,21.10,13.60,0.30,17.70
S137,1486931045,20.80,14.40,21.10,13.80,0.30,17.70
S137,1486931344,20.80,14.70,21.00,13.90,0.30,17.70
S137,1486931643,20.80,14.60,21.00,13.90,0.30,17.70
S137,1486931942,20.80,14.50,21.00,13.70,0.30,17.70
S137,1486932241,20.80,14.70,21.10,13.90,0.30,17.70
S137,1486932540,20.80,14.50,21.10,13.70,0.30,17.70
S137,1486932839,20.70,14.60,21.00,14.00,0.30,17.70
S137,1486933138,20.80,15.10,21.00,14.30,0.30,17.70
S137,1486933437,20.80,15.00,21.00,14.30,0.30,17.70
S137,1486933736,20.80,14.90,21.00,14.10,0.30,17.70
S137,1486934035,20.80,14.90,21.00,14.00,0.30,17.70
S137,1486934334,20.80,14.80,21.00,14.00,0.30,17.70
S137,1486934633,20.80,14.80,21.00,14.00,0.30,17.70
S137,1486934932,20.80,14.80,21.00,14.00,0.30,17.70
S137,1486935231,20.80,14.90,21.00,14.20,0.30,17.70
S137,1486935530,20.70,14.90,20.90,14.20,0.30,17.70
S137,1486935829,20.70,14.90,20.90,14.20,0.30,17.70
S137,1486936128,20.70,15.00,21.00,14.30,0.30,17.70
S137,1486936427,20.70,15.00,20.90,14.30,0.30,17.70
S137,1486936726,20.70,15.00,20.90,14.30,0.30,17.70
S137,1486937025,20.70,15.00,20.90,14.30,0.30,17.70
S137,1486937324,20.70,15.10,20.90,14.40,0.30,17.70
S137,1486937623,20.70,15.10,20.90,14.40,0.30,17.70
S137,1486937922,20.70,15.20,20.90,14.40,0.30,17.70
S137,1486938221,20.70,15.40,21.00,14.70,0.30,17.70
S137,1486938520,20.70,15.60,21.00,14.90,0.30,17.70
S137,1486938819,20.70,15.90,21.00,15.30,0.30,17.70
S137,1486939118,20.70,15.90,21.00,15.10,0.30,17.70
S137,1486939417,20.70,15.70,21.10,15.00,0.30,17.70
S137,1486939716,20.70,15.50,21.00,14.70,0.30,17.70
S137,1486940015,20.70,15.50,20.80,15.00,0.30,17.70
S137,1486940314,20.70,15.60,20.70,15.00,0.30,17.70
S137,1486940613,20.70,15.40,20.50,14.90,0.30,17.70
S137,1486940912,20.60,15.40,20.40,15.00,0.30,17.70
S137,1486941211,20.60,15.40,20.40,15.00,0.30,17.70
S137,1486941510,20.50,15.30,20.30,15.10,0.30,17.70
S137,1486941809,20.50,15.40,20.20,15.00,0.30,17.70
S137,1486942108,20.40,15.30,20.10,15.00,0.30,17.70
S137,1486942407,20.40,15.40,20.10,15.10,0.30,17.70
S137,1486942706,20.30,15.40,20.00,15.10,0.30,17.70
S137,1486943005,20.30,15.40,20.00,15.10,0.30,17.70
S137,1486943304,20.30,15.50,19.90,15.10,0.30,17.70
S137,1486943603,20.20,15.50,19.90,15.20,0.30,17.70
S137,1486943902,20.20,15.50,19.80,15.30,0.30,17.70
S137,1486944201,20.10,15.50,19.80,15.30,0.30,17.70
S137,1486944500,20.10,15.60,19.80,15.40,0.30,17.70
S137,1486944799,20.10,15.70,19.70,15.50,0.30,17.70
S137,1486945098,20.00,15.70,19.70,15.60,0.30,17.70
S137,1486945397,20.00,15.80,19.60,15.60,0.30,17.70
S137,1486945696,19.90,15.70,19.60,15.60,0.30,17.70
S137,1486945995,19.90,15.80,19.60,15.60,0.30,17.70
S137,1486946294,19.90,15.80,19.50,15.50,0.30,17.70
S137,1486946593,19.80,15.80,19.50,15.70,0.30,17.70
S137,1486946892,19.80,15.80,19.40,15.60,0.30,17.70
S137,1486947191,19.80,15.90,19.40,15.70,0.30,17.70
S137,1486947490,19.70,15.90,19.40,15.70,0.30,17.70
S137,1486947789,19.70,16.00,19.40,16.10,0.30,17.70
S137,1486948088,19.70,16.50,19.40,16.40,0.30,17.70
S137,1486948387,19.60,16.50,19.40,16.50,0.30,17.70
S137,1486948686,19.60,16.40,19.40,16.30,0.30,17.70
S137,1486948985,19.60,16.40,19.30,16.30,0.30,17.70
S137,1486949284,19.50,16.30,19.30,16.20,0.30,17.70
S137,1486949583,19.50,16.30,19.30,16.20,0.30,17.70
S137,1486949882,19.50,16.30,19.30,16.10,0.30,17.70
S137,1486950182,19.40,16.20,19.20,16.10,0.30,17.70
S137,1486950481,19.40,16.30,19.20,16.20,0.30,17.70
S137,1486950780,19.40,16.30,19.20,16.30,0.30,17.70
S137,1486951079,19.40,16.40,19.20,16.30,0.30,17.70
S137,1486951378,19.40,16.40,19.10,16.30,0.30,17.70
S137,1486951677,19.30,16.30,19.10,16.20,0.30,17.70
S137,1486951976,19.30,16.40,19.10,16.20,0.30,17.70
S137,1486952275,19.30,16.40,19.10,16.40,0.30,17.70
S137,1486952574,19.30,16.40,19.10,16.30,0.30,17.70
S137,1486952873,19.20,16.40,19.00,16.20,0.30,17.70
S137,1486953172,19.20,16.30,19.00,16.20,0.30,17.70
S137,1486953471,19.20,16.40,19.00,16.20,0.30,17.70
S137,1486953770,19.20,16.30,19.00,16.20,0.30,17.70
S137,1486954069,19.10,16.20,18.90,16.10,0.30,17.70
S137,1486954368,19.10,16.30,18.90,16.20,0.30,17.70
S137,1486954667,19.10,16.20,18.90,16.20,0.30,17.70
S137,1486954966,19.10,16.30,18.80,16.20,0.30,17.70
S137,1486955265,19.00,16.20,18.80,16.20,0.30,17.70
S137,1486955564,19.00,16.20,18.80,16.40,0.30,17.70
S137,1486955863,19.00,16.30,18.70,16.40,0.30,17.70
S137,1486956162,19.00,16.30,18.70,16.50,0.30,17.70
S137,1486956461,18.90,16.30,18.60,16.40,0.30,17.70
S137,1486956760,18.90,16.40,18.60,16.40,0.30,17.70
S137,1486957059,18.80,16.40,18.50,16.40,0.30,17.70
S137,1486957358,18.80,16.50,18.50,16.40,0.30,17.70
S137,1486957657,18.80,16.50,18.50,16.40,0.30,17.70
S137,1486957956,18.70,16.50,18.40,16.30,0.30,17.70
S137,1486958255,18.70,16.50,18.40,16.30,0.30,17.70
S137,1486958554,18.70,16.60,18.40,16.30,0.30,17.70
S137,1486958853,18.60,16.60,18.30,16.20,0.30,17.70
S137,1486959152,18.60,16.60,18.30,16.20,0.30,17.70
S137,1486959451,18.60,16.60,18.30,16.20,0.30,17.70
S137,1486959750,18.50,16.60,18.30,16.20,0.30,17.70
S137,1486960049,18.50,16.70,18.30,16.20,0.30,17.70
S137,1486960348,18.50,16.70,18.30,16.20,0.30,17.70
S137,1486960647,18.50,16.70,18.30,16.20,0.30,17.70
S137,1486960946,18.50,16.70,18.30,16.20,0.30,17.70
S137,1486961245,18.50,16.70,18.30,16.20,0.30,17.70
S137,1486961544,18.40,16.70,18.30,16.20,0.30,17.70
S137,1486961843,18.40,16.70,18.30,16.20,0.30,17.70
S137,1486962142,18.40,16.70,18.20,16.10,0.30,17.70
S137,1486962441,18.40,16.80,18.20,16.10,0.30,17.70
S137,1486962740,18.40,16.80,18.20,16.20,0.30,17.70
S137,1486963039,18.30,16.70,18.10,16.20,0.30,17.70
S137,1486963338,18.30,16.80,18.10,16.40,0.30,17.70
S137,1486963637,18.30,16.80,18.10,16.40,0.30,17.70
S137,1486963936,18.30,16.90,18.00,16.50,0.30,17.70
S137,1486964235,18.20,16.80,18.00,16.50,0.30,17.70
S137,1486964534,18.20,17.00,18.00,16.60,0.30,17.70
S137,1486964833,18.20,17.10,17.90,16.70,0.30,17.70
S137,1486965132,18.20,17.20,17.90,16.80,0.30,17.70
S137,1486965431,18.10,17.20,18.00,16.90,0.30,17.70
S137,1486965730,18.10,17.20,18.00,16.90,0.30,17.70
S137,1486966029,18.10,17.30,18.00,17.00,0.30,17.70
S137,1486966328,18.10,17.30,18.00,17.00,0.30,17.70
S137,1486966627,18.10,17.30,18.00,17.00,0.30,17.70
S137,1486966926,18.10,17.40,18.10,17.10,0.30,17.70
S137,1486967225,18.10,17.40,18.10,17.10,0.30,17.70
S137,1486967524,18.10,17.40,18.10,17.10,0.30,17.70
S137,1486967823,18.10,17.40,18.00,17.00,0.30,17.70
S137,1486968122,18.10,17.40,18.00,17.10,0.30,17.70
S137,1486968421,18.10,17.40,18.00,17.10,0.30,17.70
S137,1486968720,18.10,17.40,18.10,16.90,0.30,17.70
S137,1486969019,18.10,17.40,18.20,16.70,0.30,17.70
S137,1486969318,18.10,17.40,18.30,16.60,0.30,17.70
S137,1486969617,18.10,17.30,18.40,16.30,0.30,17.70
S137,1486969916,18.10,17.40,18.40,16.50,0.30,17.70
S137,1486970215,18.10,17.40,18.50,16.40,0.30,17.70
S137,1486970514,18.20,17.40,18.60,16.40,0.30,17.70
S137,1486970813,18.20,17.50,18.60,16.40,0.30,17.70
S137,1486971112,18.20,17.50,18.60,16.40,0.30,17.70
S137,1486971411,18.30,17.50,18.70,16.50,0.30,17.70
S137,1486971710,18.30,17.40,18.70,16.50,0.30,17.70
S137,1486972009,18.30,17.50,18.80,16.60,0.30,17.70
S137,1486972308,18.30,17.40,18.80,16.60,0.30,17.70
S137,1486972607,18.40,17.40,18.90,16.60,0.30,17.70
S137,1486972906,18.40,17.40,18.90,16.60,0.30,17.70
S137,1486973205,18.40,17.40,18.90,16.60,0.30,17.70
S137,1486973504,18.50,17.30,19.00,16.70,0.30,17.70
S137,1486973803,18.50,17.30,19.00,16.70,0.30,17.70
S137,1486974102,18.50,17.20,19.10,16.80,0.30,17.70
S137,1486974401,18.60,17.30,19.10,16.80,0.30,17.70
S137,1486974700,18.60,17.20,19.20,16.70,0.30,17.70
S137,1486974999,18.70,17.30,19.20,16.90,0.30,17.70
S137,1486975298,18.70,17.30,19.20,16.90,0.30,17.70
S137,1486975597,18.80,17.30,19.30,16.80,0.30,17.70
S137,1486975896,18.80,17.30,19.30,16.90,0.30,17.70
S137,1486976195,18.80,17.30,19.40,16.60,0.30,17.70
S137,1486976494,18.80,17.30,19.40,16.50,0.30,17.70
S137,1486976793,18.90,17.30,19.40,16.70,0.30,17.70
S137,1486977092,18.90,17.30,19.40,17.00,0.30,17.70
S137,1486977391,18.90,17.30,19.50,16.70,0.30,17.70
S137,1486977690,19.00,17.40,19.50,16.60,0.30,17.70
S137,1486977989,19.00,17.30,19.50,16.60,0.30,17.70
S137,1486978288,19.00,17.30,19.60,16.40,0.30,17.70
S137,1486978587,19.10,17.40,19.60,16.60,0.30,17.70
S137,1486978886,19.10,17.30,19.60,16.50,0.30,17.70
S137,1486979185,19.10,17.40,19.70,16.80,0.30,17.70
S137,1486979484,19.10,17.40,19.70,16.60,0.30,17.70
S137,1486979783,19.20,17.40,19.70,16.50,0.30,17.70
S137,1486980082,19.20,17.40,19.70,16.50,0.30,17.70
S137,1486980381,19.20,17.40,19.80,16.70,0.30,17.70
S137,1486980680,19.20,17.70,19.80,17.30,0.30,17.70
S137,1486980979,19.30,17.90,19.90,17.40,0.30,17.70
S137,1486981278,19.30,17.90,20.00,17.40,0.30,17.70
S137,1486981577,19.40,18.10,20.00,17.40,0.30,17.70
S137,1486981876,19.40,18.20,20.10,17.50,0.30,17.70
S137,1486982175,19.50,18.20,20.20,17.60,0.30,17.70
S137,1486982474,19.50,18.20,20.30,17.70,0.30,17.70
S137,1486982773,19.60,18.20,20.30,17.70,0.30,17.70
S137,1486983072,19.60,18.20,20.30,17.60,0.30,17.70
S137,1486983371,19.70,18.20,20.40,17.70,0.30,17.70
