Device,Time,DHT1-OUT Temp,DHT1-OUT Hum,DHT2-IN Temp,DHT2-IN Hum,Soil,Infrared
S101,1486911899,21.00,9.90,21.00,13.00,0.20,17.60
S101,1486912198,21.10,10.00,21.10,12.90,0.20,17.60
S101,1486912497,21.10,10.50,21.10,13.10,0.20,17.60
S101,1486912796,21.00,10.40,21.00,13.00,0.20,17.60
S101,1486913095,20.90,10.80,21.00,13.10,0.20,17.60
S101,1486913394,21.00,11.00,21.10,13.40,0.20,17.60
S101,1486913693,21.10,11.30,21.10,14.10,0.20,17.60
S101,1486913992,21.00,11.00,21.00,13.60,0.20,17.60
S101,1486914291,20.90,11.30,21.00,13.80,0.20,17.60
S101,1486914590,20.90,11.00,20.90,13.60,0.20,17.60
S101,1486914889,20.90,10.90,20.90,13.50,0.20,17.60
S101,1486915188,20.90,10.80,20.90,13.40,0.20,17.60
S101,1486915487,20.90,11.00,21.00,13.60,0.20,17.60
S101,1486915786,21.00,11.50,21.20,13.90,0.20,17.60
S101,1486916085,21.00,11.70,21.10,14.60,0.20,17.60
S101,1486916384,21.10,12.00,21.30,14.30,0.20,17.60
S101,1486916683,21.20,12.00,21.30,14.70,0.20,17.60
S101,1486916982,21.20,12.70,21.20,14.50,0.20,17.60
S101,1486917281,21.80,16.00,21.50,16.00,0.20,17.60
S101,1486917580,22.00,12.80,21.40,15.50,0.20,17.60
S101,1486917879,21.90,11.80,23.20,13.70,0.20,17.60
S101,1486918179,21.80,12.60,21.60,15.20,0.20,17.60
S101,1486918478,21.60,12.40,21.30,15.00,0.20,17.60
S101,1486918777,21.50,12.90,21.10,14.90,0.20,17.60
S101,1486919077,21.60,12.50,22.40,14.90,0.20,17.60
S101,1486919376,21.50,12.30,21.40,15.10,0.20,17.60
S101,1486919675,21.50,12.40,21.20,15.00,0.20,17.60
S101,1486919975,21.40,12.60,21.10,14.90,0.20,17.60
S101,1486920274,21.00,11.80,20.70,14.60,0.20,17.60
S101,1486920573,20.80,12.60,20.70,14.60,0.20,17.60
S101,1486920872,21.70,12.50,21.80,15.20,0.20,17.60
S101,1486921172,21.70,13.20,22.60,14.80,0.20,17.60
S101,1486921471,21.60,12.80,21.40,15.10,0.20,17.60
S101,1486921770,21.50,13.30,21.20,15.60,0.20,17.60
S101,1486922069,21.50,13.20,21.30,15.40,0.20,17.60
S101,1486922369,21.40,13.20,21.00,15.60,0.20,17.60
S101,1486922668,21.40,13.10,20.90,15.40,0.20,17.60
S101,1486922968,21.30,13.10,21.10,15.30,0.20,17.60
S101,1486923267,21.30,13.20,21.10,15.70,0.20,17.60
S101,1486923566,21.80,13.30,21.20,15.90,0.20,17.60
S101,1486923865,21.50,12.90,21.20,15.40,0.20,17.60
S101,1486924165,21.40,12.90,21.10,15.30,0.20,17.60
S101,1486924464,21.30,12.90,21.10,15.30,0.20,17.60
S101,1486924764,21.20,12.90,21.10,15.30,0.20,17.60
S101,1486925063,21.20,13.00,21.10,15.40,0.20,17.60
S101,1486925362,21.10,13.00,21.10,15.60,0.20,17.60
S101,1486925661,21.10,13.00,21.10,15.30,0.20,17.60
S101,1486925961,21.10,13.00,21.00,15.30,0.20,17.60
S101,1486926260,21.10,13.00,21.00,15.40,0.20,17.60
S101,1486926559,21.00,12.90,21.00,15.20,0.20,17.60
S101,1486926858,21.00,13.00,21.00,15.30,0.20,17.60
S101,1486927157,21.00,13.10,21.00,15.30,0.20,17.60
S101,1486927456,21.00,13.10,21.10,15.40,0.20,17.60
S101,1486927755,21.00,13.10,21.00,15.40,0.20,17.60
S101,1486928054,21.00,13.10,21.00,15.40,0.20,17.60
S101,1486928353,21.00,13.10,21.00,15.30,0.20,17.60
S101,1486928652,20.90,13.10,21.00,15.40,0.20,17.60
S101,1486928951,20.90,13.50,21.00,15.80,0.20,17.60
S101,1486929250,20.90,13.40,21.00,15.90,0.20,17.60
S101,1486929549,21.00,13.30,21.10,15.60,0.20,17.60
S101,1486929848,21.00,13.70,21.10,16.00,0.20,17.60
S101,1486930147,21.00,13.80,21.10,16.00,0.20,17.60
S101,1486930446,21.00,14.00,21.10,16.10,0.20,17.60
S101,1486930746,21.00,14.00,21.10,16.20,0.20,17.60
S101,1486931045,21.00,14.00,21.00,16.20,0.20,17.60
S101,1486931344,21.00,14.00,21.20,16.50,0.20,17.60
S101,1486931643,21.00,14.00,21.10,16.30,0.20,17.60
S101,1486931942,21.00,14.00,20.90,16.20,0.20,17.60
S101,1486932241,21.00,14.00,20.90,16.30,0.20,17.60
S101,1486932540,21.00,14.00,20.90,16.30,0.20,17.60
S101,1486932839,21.00,14.00,20.90,16.40,0.20,17.60
S101,1486933138,20.90,14.20,20.80,16.80,0.20,17.60
S101,1486933437,20.90,14.30,20.80,16.80,0.20,17.60
S101,1486933736,20.90,14.20,20.80,16.70,0.20,17.60
S101,1486934035,20.90,14.20,20.90,16.60,0.20,17.60
S101,1486934334,20.90,14.10,20.90,16.60,0.20,17.60
S101,1486934633,20.90,14.20,20.80,16.60,0.20,17.60
S101,1486934932,20.90,14.20,20.80,16.60,0.20,17.60
S101,1486935231,20.90,14.20,20.80,16.70,0.20,17.60
S101,1486935530,20.90,14.40,20.80,16.80,0.20,17.60
S101,1486935829,20.90,14.40,20.70,16.80,0.20,17.60
S101,1486936128,20.80,14.40,20.70,16.90,0.20,17.60
S101,1486936427,20.80,14.40,20.80,16.90,0.20,17.60
S101,1486936726,20.80,14.40,20.80,16.90,0.20,17.60
S101,1486937025,20.80,14.50,20.80,16.90,0.20,17.60
S101,1486937324,20.80,14.60,20.70,16.90,0.20,17.60
S101,1486937623,20.80,14.60,20.70,17.10,0.20,17.60
S101,1486937922,20.80,14.70,20.70,17.10,0.20,17.60
S101,1486938221,20.80,14.80,20.80,17.30,0.20,17.60
S101,1486938520,20.80,15.30,20.90,17.50,0.20,17.60
S101,1486938819,20.80,15.20,21.10,17.80,0.20,17.60
S101,1486939118,20.80,15.00,21.40,17.90,0.20,17.60
S101,1486939417,20.80,15.00,21.30,17.30,0.20,17.60
S101,1486939716,20.90,15.20,21.10,17.20,0.20,17.60
S101,1486940015,20.90,15.10,20.90,17.40,0.20,17.60
S101,1486940314,20.90,15.20,20.70,17.60,0.20,17.60
S101,1486940613,20.80,15.00,20.50,17.60,0.20,17.60
S101,1486940912,20.80,14.90,20.40,17.60,0.20,17.60
S101,1486941211,20.70,14.90,20.30,17.60,0.20,17.60
S101,1486941510,20.70,14.90,20.20,17.60,0.20,17.60
S101,1486941809,20.60,14.90,20.10,17.60,0.20,17.60
S101,1486942108,20.60,14.90,20.10,17.70,0.20,17.60
S101,1486942407,20.50,14.90,20.00,17.70,0.20,17.60
S101,1486942706,20.50,14.90,19.90,17.70,0.20,17.60
S101,1486943005,20.50,15.00,19.90,17.80,0.20,17.60
S101,1486943304,20.40,14.90,19.80,17.80,0.20,17.60
S101,1486943603,20.30,14.90,19.80,17.90,0.20,17.60
S101,1486943902,20.30,15.00,19.70,17.90,0.20,17.60
S101,1486944201,20.20,15.00,19.70,17.90,0.20,17.60
S101,1486944500,20.20,15.20,19.60,18.00,0.20,17.60
S101,1486944799,20.20,15.20,19.60,18.00,0.20,17.60
S101,1486945098,20.10,15.30,19.60,18.20,0.20,17.60
S101,1486945397,20.10,15.30,19.50,18.30,0.20,17.60
S101,1486945696,20.10,15.40,19.50,18.20,0.20,17.60
S101,1486945995,20.00,15.40,19.40,18.20,0.20,17.60
S101,1486946294,20.00,15.40,19.40,18.20,0.20,17.60
S101,1486946593,19.90,15.40,19.40,18.30,0.20,17.60
S101,1486946892,19.90,15.50,19.30,18.30,0.20,17.60
S101,1486947191,19.80,15.50,19.30,18.30,0.20,17.60
S101,1486947490,19.80,15.60,19.30,18.40,0.20,17.60
S101,1486947789,19.80,15.60,19.30,18.40,0.20,17.60
S101,1486948088,19.70,16.50,19.30,19.10,0.20,17.60
S101,1486948387,19.70,16.10,19.30,19.00,0.20,17.60
S101,1486948686,19.70,16.10,19.20,18.90,0.20,17.60
S101,1486948985,19.60,16.10,19.20,18.90,0.20,17.60
S101,1486949284,19.60,16.10,19.20,18.80,0.20,17.60
S101,1486949583,19.60,16.10,19.20,18.80,0.20,17.60
S101,1486949882,19.60,16.00,19.20,18.80,0.20,17.60
S101,1486950182,19.60,16.00,19.10,18.70,0.20,17.60
S101,1486950481,19.50,16.00,19.10,18.80,0.20,17.60
S101,1486950780,19.50,16.10,19.10,18.80,0.20,17.60
S101,1486951079,19.50,16.10,19.10,18.80,0.20,17.60
S101,1486951378,19.50,16.20,19.00,18.80,0.20,17.60
S101,1486951677,19.40,16.10,19.00,18.80,0.20,17.60
S101,1486951976,19.40,16.10,19.00,18.80,0.20,17.60
S101,1486952275,19.40,16.10,18.90,18.80,0.20,17.60
S101,1486952574,19.40,16.20,18.90,18.90,0.20,17.60
S101,1486952873,19.30,16.10,18.90,18.80,0.20,17.60
S101,1486953172,19.30,16.10,18.90,18.80,0.20,17.60
S101,1486953471,19.30,16.20,18.90,18.80,0.20,17.60
S101,1486953770,19.20,16.10,18.80,18.70,0.20,17.60
S101,1486954069,19.20,16.00,18.80,18.70,0.20,17.60
S101,1486954368,19.20,16.10,18.80,18.70,0.20,17.60
S101,1486954667,19.20,16.00,18.70,18.60,0.20,17.60
S101,1486954966,19.20,16.10,18.70,18.70,0.20,17.60
S101,1486955265,19.10,16.00,18.70,18.70,0.20,17.60
S101,1486955564,19.10,16.00,18.60,18.70,0.20,17.60
S101,1486955863,19.10,16.10,18.60,18.80,0.20,17.60
S101,1486956162,19.10,16.10,18.60,18.90,0.20,17.60
S101,1486956461,19.00,16.10,18.50,18.90,0.20,17.60
S101,1486956760,19.00,16.20,18.50,19.00,0.20,17.60
S101,1486957059,18.90,16.20,18.40,19.00,0.20,17.60
S101,1486957358,18.90,16.30,18.30,19.00,0.20,17.60
S101,1486957657,18.90,16.40,18.30,19.20,0.20,17.60
S101,1486957956,18.80,16.50,18.30,19.20,0.20,17.60
S101,1486958255,18.80,16.60,18.20,19.20,0.20,17.60
S101,1486958554,18.80,16.60,18.20,19.30,0.20,17.60
S101,1486958853,18.70,16.50,18.10,19.30,0.20,17.60
S101,1486959152,18.70,16.50,18.10,19.30,0.20,17.60
S101,1486959451,18.60,16.40,18.10,19.40,0.20,17.60
S101,1486959750,18.60,16.40,18.10,19.30,0.20,17.60
S101,1486960049,18.60,16.40,18.10,19.30,0.20,17.60
S101,1486960348,18.60,16.40,18.20,19.30,0.20,17.60
S101,1486960647,18.60,16.40,18.20,19.20,0.20,17.60
S101,1486960946,18.60,16.40,18.20,19.20,0.20,17.60
S101,1486961245,18.50,16.30,18.20,19.20,0.20,17.60
S101,1486961544,18.50,16.30,18.20,19.20,0.20,17.60
S101,1486961843,18.50,16.30,18.20,19.20,0.20,17.60
S101,1486962142,18.50,16.30,18.20,19.20,0.20,17.60
S101,1486962441,18.50,16.30,18.10,19.30,0.20,17.60
S101,1486962740,18.50,16.30,18.10,19.30,0.20,17.60
S101,1486963039,18.40,16.30,18.00,19.40,0.20,17.60
S101,1486963338,18.40,16.40,17.90,19.50,0.20,17.60
S101,1486963637,18.40,16.50,17.90,19.50,0.20,17.60
S101,1486963936,18.40,16.60,17.90,19.60,0.20,17.60
S101,1486964235,18.40,16.60,17.80,19.60,0.20,17.60
S101,1486964534,18.30,16.70,17.80,19.70,0.20,17.60
S101,1486964833,18.30,16.80,17.80,19.80,0.20,17.60
S101,1486965132,18.30,16.90,17.80,20.00,0.20,17.60
S101,1486965431,18.20,16.90,17.80,20.10,0.20,17.50
S101,1486965730,18.20,17.00,17.80,20.00,0.20,17.60
S101,1486966029,18.20,17.10,17.90,20.00,0.20,17.60
S101,1486966328,18.20,17.10,17.90,20.00,0.20,17.60
S101,1486966627,18.20,17.20,17.90,20.00,0.20,17.60
S101,1486966926,18.20,17.20,18.00,20.10,0.20,17.60
S101,1486967225,18.20,17.20,18.00,20.10,0.20,17.60
S101,1486967524,18.20,17.30,18.00,20.00,0.20,17.60
S101,1486967823,18.20,17.30,17.90,20.00,0.20,17.60
S101,1486968122,18.20,17.30,17.90,20.20,0.20,17.60
S101,1486968421,18.20,17.20,17.80,20.20,0.20,17.60
S101,1486968720,18.20,17.10,17.90,19.90,0.20,17.60
S101,1486969019,18.20,17.00,18.10,19.70,0.20,17.60
S101,1486969318,18.20,17.00,18.20,19.50,0.20,17.60
S101,1486969617,18.20,16.90,18.30,19.50,0.20,17.60
S101,1486969916,18.20,16.90,18.40,19.40,0.20,17.60
S101,1486970215,18.20,17.00,18.40,19.40,0.20,17.60
S101,1486970514,18.30,16.90,18.50,19.50,0.20,17.60
S101,1486970813,18.30,17.00,18.60,19.60,0.20,17.60
S101,1486971112,18.30,17.00,18.60,19.50,0.20,17.60
S101,1486971411,18.40,17.10,18.60,19.40,0.20,17.60
S101,1486971710,18.40,16.90,18.70,19.30,0.20,17.60
S101,1486972009,18.50,17.10,18.70,19.40,0.20,17.60
S101,1486972308,18.50,17.00,18.80,19.40,0.20,17.60
S101,1486972607,18.50,16.90,18.80,19.30,0.20,17.60
S101,1486972906,18.60,17.00,18.80,19.30,0.20,17.60
S101,1486973205,18.60,16.90,18.90,19.20,0.20,17.60
S101,1486973504,18.60,16.90,18.90,19.10,0.20,17.60
S101,1486973803,18.70,16.70,19.00,19.20,0.20,17.60
S101,1486974102,18.70,16.70,19.10,19.20,0.20,17.60
S101,1486974401,18.80,16.60,19.10,19.00,0.20,17.60
S101,1486974700,18.80,16.70,19.10,19.60,0.20,17.60
S101,1486974999,18.80,16.70,19.10,19.10,0.20,17.60
S101,1486975298,18.90,16.60,19.20,19.10,0.20,17.60
S101,1486975597,18.90,16.60,19.20,19.10,0.20,17.60
S101,1486975896,18.90,16.60,19.20,19.10,0.20,17.60
S101,1486976195,18.90,16.60,19.30,19.20,0.20,17.60
S101,1486976494,19.00,16.70,19.30,19.00,0.20,17.60
S101,1486976793,19.00,16.70,19.40,19.00,0.20,17.60
S101,1486977092,19.10,16.80,19.40,19.00,0.20,17.60
S101,1486977391,19.10,16.80,19.40,18.80,0.20,17.60
S101,1486977690,19.10,16.80,19.40,19.00,0.20,17.60
S101,1486977989,19.20,16.80,19.50,19.10,0.20,17.60
S101,1486978288,19.20,16.80,19.50,19.00,0.20,17.60
S101,1486978587,19.20,16.80,19.50,19.00,0.20,17.60
S101,1486978886,19.20,16.80,19.50,19.10,0.20,17.60
S101,1486979185,19.30,16.90,19.60,19.10,0.20,17.60
S101,1486979484,19.30,16.90,19.60,19.10,0.20,17.60
S101,1486979783,19.30,16.90,19.60,19.10,0.20,17.60
S101,1486980082,19.30,16.90,19.70,19.10,0.20,17.60
S101,1486980381,19.40,17.00,19.70,19.10,0.20,17.60
S101,1486980680,19.40,17.00,19.70,19.80,0.20,17.60
S101,1486980979,19.50,17.50,19.80,20.10,0.20,17.60
S101,1486981278,19.50,17.10,19.90,19.50,0.20,17.60
S101,1486981577,19.50,17.80,20.00,20.00,0.20,17.60
S101,1486981876,19.60,17.60,20.00,19.60,0.20,17.60
S101,1486982175,19.60,17.60,20.10,19.70,0.20,17.60
S101,1486982474,19.70,17.70,20.20,19.90,0.20,17.60
S101,1486982773,19.70,17.50,20.20,19.70,0.20,17.60
S101,1486983072,19.80,17.60,20.20,19.90,0.20,17.60
S101,1486983371,19.80,17.50,20.30,19.60,0.20,17.60
