Device,Time,DHT1-OUT Temp,DHT1-OUT Hum,DHT2-IN Temp,DHT2-IN Hum,Soil,Infrared
S206,1486911899,20.80,10.30,20.90,9.10,18.20,17.50
S206,1486912198,20.80,10.30,20.90,9.40,18.20,17.50
S206,1486912497,20.80,10.50,21.00,9.50,18.20,17.50
S206,1486912796,20.80,10.50,21.00,9.50,18.20,17.50
S206,1486913095,20.80,10.60,21.00,9.70,18.20,17.50
S206,1486913394,20.80,11.30,21.00,10.30,18.20,17.50
S206,1486913693,20.80,11.30,21.00,10.20,18.20,17.40
S206,1486913992,20.80,11.10,20.90,10.20,18.20,17.50
S206,1486914291,20.80,11.10,20.90,10.00,18.20,17.50
S206,1486914590,20.80,11.10,20.90,10.00,18.20,17.50
S206,1486914889,20.80,11.00,20.80,9.90,18.20,17.50
S206,1486915188,20.80,11.10,20.80,10.00,18.20,17.50
S206,1486915487,21.00,13.30,21.00,10.70,18.20,17.50
S206,1486915786,20.70,11.90,21.00,10.50,18.20,17.50
S206,1486916085,20.70,12.50,21.00,11.10,18.20,17.50
S206,1486916385,20.70,12.50,21.00,11.10,18.20,17.50
S206,1486916684,20.70,12.50,21.00,11.10,18.20,17.50
S206,1486916983,20.60,12.40,21.00,11.10,18.20,17.50
S206,1486917282,20.90,12.50,21.00,11.10,18.20,17.50
S206,1486917581,20.90,12.20,21.00,11.10,18.20,17.50
S206,1486917880,20.90,12.20,21.00,11.10,18.20,17.50
S206,1486918180,20.90,12.60,21.00,11.10,18.20,17.50
S206,1486918479,20.90,12.60,21.00,11.10,18.20,17.50
S206,1486918778,20.90,12.40,21.00,11.10,18.20,17.50
S206,1486919078,20.90,12.60,21.00,11.10,18.20,17.50
S206,1486919377,20.90,12.60,21.00,11.10,18.20,17.50
S206,1486919676,20.90,12.60,21.00,11.10,18.20,17.50
S206,1486919976,20.90,12.60,21.00,11.10,18.20,17.50
S206,1486920275,20.90,12.60,21.00,11.10,18.20,17.50
S206,1486920574,20.90,12.60,21.00,11.10,18.20,17.50
S206,1486920873,20.80,12.50,20.90,11.20,18.20,17.50
S206,1486921173,20.80,12.50,21.00,11.40,18.20,17.50
S206,1486921472,20.90,12.60,21.00,11.60,18.20,17.50
S206,1486921771,20.90,12.60,21.00,11.60,18.20,17.50
S206,1486922070,20.90,12.90,21.00,11.90,18.20,17.50
S206,1486922370,20.90,12.60,21.00,11.70,18.20,17.50
S206,1486922669,20.90,12.90,21.00,11.80,18.20,17.50
S206,1486922969,20.90,12.80,21.00,11.80,18.20,17.50
S206,1486923268,20.90,13.00,21.00,12.00,18.20,17.50
S206,1486923567,20.90,12.70,21.00,11.90,18.20,17.50
S206,1486923867,20.80,12.50,21.00,11.80,18.20,17.50
S206,1486924166,20.80,12.50,21.00,11.70,18.20,17.50
S206,1486924465,20.80,12.50,21.00,11.70,18.20,17.50
S206,1486924764,20.80,12.50,20.90,11.60,18.20,17.50
S206,1486925063,20.80,12.50,21.00,11.60,18.20,17.50
S206,1486925362,20.80,12.50,21.00,11.70,18.20,17.50
S206,1486925661,20.80,12.50,21.00,11.60,18.20,17.50
S206,1486925961,20.80,12.50,21.00,11.60,18.20,17.50
S206,1486926260,20.80,12.50,21.10,11.50,18.20,17.50
S206,1486926559,20.80,12.50,21.10,11.40,18.20,17.50
S206,1486926858,20.80,12.50,21.00,11.60,18.20,17.50
S206,1486927157,20.80,12.50,21.00,11.60,18.20,17.50
S206,1486927456,20.80,12.50,21.00,11.60,18.20,17.50
S206,1486927755,20.80,12.50,20.90,11.60,18.20,17.50
S206,1486928054,21.30,40.30,21.00,12.30,18.20,17.50
S206,1486928353,21.60,13.10,21.80,11.70,18.20,17.50
S206,1486928652,21.40,13.00,21.10,12.10,18.20,17.50
S206,1486928951,21.30,12.90,21.00,12.10,18.20,17.50
S206,1486929250,21.20,12.90,20.90,11.80,18.20,17.50
S206,1486929549,21.10,13.10,20.90,12.20,18.20,17.50
S206,1486929848,21.00,13.20,20.90,12.20,18.20,17.50
S206,1486930147,21.00,13.40,20.90,12.40,18.20,17.50
S206,1486930446,20.90,13.40,20.90,12.40,18.20,17.50
S206,1486930745,20.90,13.60,20.90,12.50,18.20,17.50
S206,1486931044,20.90,13.90,20.90,12.70,18.20,17.50
S206,1486931343,20.80,13.80,20.80,12.60,18.20,17.50
S206,1486931642,20.70,13.70,20.80,12.60,18.20,17.50
S206,1486931941,20.80,13.80,20.80,12.60,18.20,17.50
S206,1486932240,20.70,13.80,20.90,12.60,18.20,17.50
S206,1486932539,20.70,13.80,20.80,12.60,18.20,17.50
S206,1486932838,20.70,17.20,20.80,13.20,18.20,17.50
S206,1486933137,20.70,14.50,20.80,13.30,18.20,17.50
S206,1486933436,20.70,14.30,20.80,13.10,18.20,17.50
S206,1486933735,20.70,14.30,20.80,13.00,18.20,17.50
S206,1486934034,20.70,14.20,20.80,12.80,18.20,17.50
S206,1486934333,20.60,14.20,20.90,12.90,18.20,17.50
S206,1486934632,20.60,14.20,20.90,12.90,18.20,17.50
S206,1486934931,20.70,14.30,20.90,12.90,18.20,17.50
S206,1486935230,20.60,14.20,20.80,13.10,18.20,17.50
S206,1486935529,20.60,14.30,20.80,13.10,18.20,17.50
S206,1486935828,20.60,14.40,20.80,13.10,18.20,17.50
S206,1486936127,20.60,14.40,20.80,13.10,18.20,17.50
S206,1486936426,20.60,14.40,20.80,13.10,18.20,17.50
S206,1486936725,20.60,14.40,20.80,13.10,18.20,17.50
S206,1486937024,20.60,14.50,20.80,13.20,18.20,17.50
S206,1486937323,20.60,14.50,20.80,13.40,18.20,17.50
S206,1486937622,20.50,14.50,20.70,13.30,18.20,17.50
S206,1486937921,20.60,14.90,20.90,13.90,18.20,17.50
S206,1486938220,20.60,15.10,21.10,14.70,18.20,17.50
S206,1486938519,20.60,15.00,21.00,13.80,18.20,17.50
S206,1486938818,20.60,15.10,21.00,13.90,18.20,17.50
S206,1486939117,20.60,15.10,21.00,13.60,18.20,17.50
S206,1486939416,20.60,15.10,21.00,13.70,18.20,17.50
S206,1486939715,20.60,14.90,20.70,13.60,18.20,17.50
S206,1486940014,20.60,15.00,20.60,14.00,18.20,17.50
S206,1486940313,20.60,15.00,20.40,14.00,18.20,17.50
S206,1486940612,20.50,14.90,20.30,13.90,18.20,17.50
S206,1486940911,20.50,14.90,20.20,14.00,18.20,17.50
S206,1486941210,20.40,14.80,20.10,14.00,18.20,17.50
S206,1486941509,20.40,14.90,20.00,14.10,18.20,17.50
S206,1486941808,20.30,14.80,19.90,14.10,18.20,17.50
S206,1486942107,20.30,14.80,19.80,14.10,18.20,17.50
S206,1486942406,20.20,14.80,19.80,14.10,18.20,17.50
S206,1486942705,20.20,14.90,19.70,14.10,18.20,17.40
S206,1486943004,20.10,14.90,19.70,14.20,18.20,17.50
S206,1486943303,20.10,14.90,19.60,14.30,18.20,17.40
S206,1486943602,20.10,15.00,19.60,14.30,18.20,17.50
S206,1486943901,20.00,14.90,19.50,14.20,18.20,17.40
S206,1486944200,19.90,15.00,19.50,14.40,18.20,17.40
S206,1486944499,19.90,15.10,19.40,14.40,18.20,17.40
S206,1486944798,19.90,15.20,19.40,14.50,18.20,17.40
S206,1486945097,19.80,15.20,19.30,14.50,18.20,17.40
S206,1486945396,19.80,15.20,19.30,14.60,18.20,17.50
S206,1486945695,19.70,15.20,19.20,14.60,18.20,17.50
S206,1486945994,19.70,15.30,19.20,14.60,18.20,17.40
S206,1486946293,19.70,15.30,19.20,14.60,18.20,17.40
S206,1486946592,19.60,15.30,19.10,14.70,18.20,17.50
S206,1486946891,19.60,15.50,19.10,14.70,18.20,17.40
S206,1486947190,19.50,15.40,19.10,14.80,18.20,17.40
S206,1486947489,19.50,15.40,19.10,14.80,18.20,17.40
S206,1486947788,19.50,15.70,19.10,15.50,18.20,17.40
S206,1486948087,19.50,15.70,19.10,15.70,18.20,17.40
S206,1486948386,19.40,15.70,19.10,15.40,18.20,17.40
S206,1486948685,19.40,15.70,19.00,15.30,18.20,17.40
S206,1486948984,19.40,15.70,19.00,15.30,18.20,17.40
S206,1486949283,19.30,15.70,18.90,15.20,18.20,17.40
S206,1486949582,19.30,15.60,18.90,15.20,18.20,17.40
S206,1486949881,19.30,15.70,18.90,15.20,18.20,17.40
S206,1486950181,19.30,15.70,18.80,15.30,18.20,17.40
S206,1486950480,19.20,15.70,18.90,15.30,18.20,17.40
S206,1486950779,19.20,15.70,18.80,15.30,18.20,17.40
S206,1486951078,19.20,15.70,18.80,15.30,18.20,17.40
S206,1486951377,19.20,15.80,18.80,15.40,18.20,17.40
S206,1486951676,19.10,15.80,18.70,15.30,18.20,17.40
S206,1486951975,19.10,15.70,18.70,15.30,18.20,17.40
S206,1486952274,19.10,15.80,18.60,15.30,18.20,17.40
S206,1486952573,19.00,15.70,18.60,15.30,18.20,17.40
S206,1486952872,19.00,15.70,18.60,15.30,18.20,17.40
S206,1486953171,19.00,15.80,18.60,15.30,18.20,17.40
S206,1486953470,19.00,15.80,18.60,15.20,18.20,17.40
S206,1486953769,19.00,15.70,18.60,15.20,18.20,17.40
S206,1486954068,18.90,15.70,18.50,15.10,18.20,17.40
S206,1486954367,18.90,15.70,18.50,15.10,18.20,17.40
S206,1486954666,18.90,15.70,18.50,15.20,18.20,17.40
S206,1486954965,18.80,15.70,18.50,15.20,18.20,17.40
S206,1486955264,18.80,15.70,18.40,15.10,18.20,17.40
S206,1486955563,18.80,15.80,18.40,15.20,18.20,17.50
S206,1486955862,18.70,15.60,18.30,15.30,18.20,17.40
S206,1486956161,18.70,15.70,18.20,15.30,18.20,17.40
S206,1486956460,18.70,15.80,18.10,15.40,18.20,17.40
S206,1486956759,18.60,15.80,18.10,15.50,18.20,17.40
S206,1486957058,18.60,15.90,18.00,15.50,18.20,17.40
S206,1486957357,18.60,16.10,18.00,15.60,18.20,17.50
S206,1486957656,18.50,16.00,18.00,15.70,18.20,17.40
S206,1486957955,18.50,16.10,17.90,15.70,18.20,17.40
S206,1486958254,18.40,16.10,17.90,15.80,18.20,17.40
S206,1486958553,18.40,16.20,17.80,15.80,18.20,17.40
S206,1486958852,18.40,16.30,17.80,15.80,18.20,17.40
S206,1486959151,18.30,16.30,17.80,15.80,18.20,17.40
S206,1486959450,18.20,16.10,17.80,15.80,18.20,17.50
S206,1486959749,18.20,16.20,17.80,15.80,18.20,17.40
S206,1486960048,18.20,16.30,17.80,15.80,18.20,17.50
S206,1486960347,18.20,16.20,17.90,15.80,18.20,17.40
S206,1486960646,18.20,16.30,17.90,15.80,18.20,17.40
S206,1486960945,18.20,16.30,17.90,15.80,18.20,17.40
S206,1486961244,18.20,16.30,17.90,15.80,18.20,17.40
S206,1486961543,18.20,16.20,17.90,15.80,18.20,17.40
S206,1486961842,18.20,16.40,17.80,15.80,18.20,17.50
S206,1486962141,18.10,16.20,17.80,15.90,18.20,17.40
S206,1486962440,18.10,16.30,17.70,15.90,18.20,17.50
S206,1486962739,18.10,16.30,17.70,15.90,18.20,17.50
S206,1486963038,18.00,16.30,17.60,16.00,18.20,17.50
S206,1486963337,18.00,16.50,17.60,16.00,18.20,17.50
S206,1486963636,18.00,16.50,17.50,16.00,18.20,17.40
S206,1486963935,18.00,16.60,17.50,16.10,18.20,17.50
S206,1486964234,17.90,16.50,17.50,16.30,18.20,17.50
S206,1486964533,17.90,16.60,17.50,16.30,18.20,17.40
S206,1486964832,17.90,16.80,17.40,16.40,18.20,17.50
S206,1486965131,17.80,16.80,17.40,16.60,18.20,17.50
S206,1486965430,17.80,16.80,17.50,16.60,18.20,17.40
S206,1486965729,17.80,16.90,17.50,16.50,18.20,17.40
S206,1486966028,17.80,17.00,17.50,16.50,18.20,17.50
S206,1486966327,17.80,17.00,17.60,16.70,18.20,17.40
S206,1486966626,17.80,17.00,17.60,16.60,18.20,17.50
S206,1486966925,17.80,17.20,17.60,16.70,18.20,17.40
S206,1486967224,17.80,17.10,17.60,16.60,18.20,17.40
S206,1486967523,17.80,17.00,17.60,16.50,18.20,17.40
S206,1486967822,17.80,17.10,17.50,16.70,18.20,17.40
S206,1486968121,17.80,16.90,17.50,16.80,18.20,17.40
S206,1486968420,17.70,16.70,17.60,16.50,18.20,17.40
S206,1486968719,17.80,16.80,17.70,16.20,18.20,17.40
S206,1486969018,17.70,16.70,17.90,16.20,18.20,17.40
S206,1486969317,17.80,16.70,18.00,16.10,18.20,17.40
S206,1486969616,17.80,16.80,18.10,16.10,18.20,17.40
S206,1486969915,17.80,16.80,18.10,16.10,18.20,17.50
S206,1486970214,17.80,16.70,18.20,16.00,18.20,17.50
S206,1486970513,17.90,16.80,18.30,16.10,18.20,17.50
S206,1486970812,17.90,16.80,18.30,16.00,18.20,17.40
S206,1486971111,18.00,16.90,18.40,16.00,18.20,17.40
S206,1486971410,18.00,16.90,18.40,15.90,18.20,17.40
S206,1486971709,18.00,16.90,18.50,16.00,18.20,17.40
S206,1486972008,18.10,16.90,18.50,15.80,18.20,17.40
S206,1486972307,18.10,16.80,18.60,15.80,18.20,17.40
S206,1486972606,18.20,16.80,18.60,15.80,18.20,17.40
S206,1486972905,18.20,16.80,18.70,15.80,18.20,17.40
S206,1486973204,18.20,16.80,18.80,15.80,18.20,17.50
S206,1486973503,18.30,16.80,18.80,15.70,18.20,17.40
S206,1486973802,18.30,16.80,18.90,15.60,18.20,17.40
S206,1486974101,18.30,16.70,18.90,15.60,18.20,17.40
S206,1486974400,18.40,16.80,18.90,15.60,18.20,17.40
S206,1486974699,18.40,16.70,19.00,15.60,18.20,17.40
S206,1486974998,18.50,16.80,19.00,15.60,18.20,17.40
S206,1486975297,18.50,16.70,19.00,15.60,18.20,17.40
S206,1486975596,18.50,16.70,19.10,15.60,18.20,17.40
S206,1486975895,18.60,16.80,19.20,15.60,18.20,17.40
S206,1486976194,18.60,16.70,19.20,15.60,18.20,17.40
S206,1486976493,18.60,16.70,19.20,15.50,18.20,17.40
S206,1486976792,18.70,16.70,19.20,15.50,18.20,17.40
S206,1486977091,18.70,16.70,19.30,15.50,18.20,17.40
S206,1486977390,18.80,16.80,19.30,15.50,18.20,17.40
S206,1486977689,18.80,16.80,19.30,15.60,18.20,17.40
S206,1486977988,18.80,16.70,19.40,15.60,18.20,17.40
S206,1486978287,18.90,16.80,19.40,15.50,18.20,17.40
S206,1486978586,18.90,16.80,19.40,15.60,18.20,17.40
S206,1486978885,18.90,16.80,19.50,15.70,18.20,17.40
S206,1486979184,19.00,16.90,19.50,15.70,18.20,17.40
S206,1486979483,19.00,16.80,19.50,15.50,18.20,17.40
S206,1486979782,19.00,16.80,19.60,15.70,18.20,17.40
S206,1486980081,19.10,16.90,19.60,15.60,18.20,17.40
S206,1486980380,19.10,17.10,19.60,15.90,18.20,17.40
S206,1486980679,19.10,17.10,19.70,16.00,18.20,17.50
S206,1486980978,19.20,17.30,19.90,16.10,18.20,17.40
S206,1486981277,19.30,17.40,20.00,16.30,18.20,17.40
S206,1486981576,19.30,17.40,20.10,16.30,18.20,17.40
S206,1486981875,19.30,17.40,20.20,16.20,18.20,17.40
S206,1486982174,19.40,17.40,20.30,16.20,18.20,17.40
S206,1486982473,19.50,17.50,20.30,16.00,18.20,17.40
S206,1486982772,19.50,17.40,20.30,16.10,18.20,17.40
S206,1486983071,19.60,17.50,20.40,16.20,18.20,17.40
S206,1486983370,19.60,17.40,20.40,16.10,18.20,17.40
