Device,Time,DHT1-OUT Temp,DHT1-OUT Hum,DHT2-IN Temp,DHT2-IN Hum,Soil,Infrared
S210,1486911899,20.80,11.90,21.10,11.70,18.10,17.50
S210,1486912198,20.80,12.10,21.10,11.90,18.20,17.40
S210,1486912497,20.80,12.20,21.10,11.90,18.20,17.50
S210,1486912796,20.80,12.20,21.10,11.90,18.20,17.50
S210,1486913095,20.80,12.30,21.10,12.10,18.20,17.40
S210,1486913394,20.80,13.00,21.10,12.60,18.10,17.50
S210,1486913693,20.80,12.80,21.10,12.60,18.20,17.40
S210,1486913992,20.80,12.80,21.10,12.60,18.20,17.50
S210,1486914291,20.80,12.70,21.10,12.40,18.20,17.40
S210,1486914590,20.80,12.70,21.00,12.30,18.20,17.50
S210,1486914889,20.80,12.50,21.10,12.30,18.20,17.50
S210,1486915188,20.80,12.70,21.10,12.40,18.10,17.40
S210,1486915487,20.80,14.70,21.20,12.90,18.20,17.50
S210,1486915786,21.20,13.50,21.30,12.90,18.20,17.50
S210,1486916085,21.10,13.80,21.30,13.50,18.10,17.50
S210,1486916384,21.00,13.60,21.20,13.30,18.20,17.50
S210,1486916683,21.00,13.70,21.30,13.30,18.10,17.50
S210,1486916982,21.00,14.20,21.30,13.50,18.10,17.50
S210,1486917281,21.00,13.90,21.20,13.60,18.20,17.50
S210,1486917580,21.00,16.10,21.20,13.30,18.10,17.50
S210,1486917879,20.90,13.90,21.10,13.60,18.20,17.50
S210,1486918178,20.90,14.30,21.10,13.90,18.20,17.50
S210,1486918477,20.90,14.40,21.10,14.00,18.20,17.50
S210,1486918776,20.90,14.20,21.10,13.80,18.20,17.50
S210,1486919075,20.80,14.20,21.10,13.90,18.10,17.50
S210,1486919374,20.80,14.20,21.10,13.90,18.20,17.40
S210,1486919673,20.80,14.40,21.10,14.00,18.10,17.50
S210,1486919973,20.80,14.30,21.10,14.00,18.20,17.50
S210,1486920272,20.80,14.30,21.10,13.90,18.10,17.40
S210,1486920571,20.80,14.30,21.10,14.00,18.20,17.40
S210,1486920870,20.80,14.50,21.10,14.20,18.10,17.50
S210,1486921170,20.80,14.60,21.10,14.20,18.10,17.40
S210,1486921469,20.80,14.80,21.20,14.20,18.20,17.40
S210,1486921768,20.80,14.80,21.20,14.20,18.20,17.40
S210,1486922067,20.80,15.00,21.10,14.40,18.20,17.40
S210,1486922367,20.80,14.80,21.10,14.20,18.20,17.50
S210,1486922666,20.80,14.90,21.10,14.20,18.20,17.40
S210,1486922966,20.80,15.00,21.10,14.40,18.20,17.40
S210,1486923265,20.80,15.10,21.10,14.50,18.20,17.40
S210,1486923564,20.80,14.90,21.10,14.30,18.20,17.40
S210,1486923863,20.80,14.80,21.10,14.20,18.20,17.40
S210,1486924162,20.80,14.80,21.10,14.20,18.20,17.40
S210,1486924461,20.80,14.80,21.10,14.20,18.20,17.50
S210,1486924761,20.80,14.80,21.10,14.20,18.20,17.50
S210,1486925060,20.70,14.70,21.10,14.20,18.20,17.50
S210,1486925359,20.70,14.80,21.10,14.20,18.20,17.50
S210,1486925658,20.80,14.80,21.10,14.20,18.20,17.40
S210,1486925958,20.70,14.70,21.10,14.20,18.20,17.50
S210,1486926257,20.70,14.80,21.10,14.20,18.20,17.50
S210,1486926557,20.70,14.70,21.10,14.20,18.20,17.40
S210,1486926856,20.70,14.80,21.10,14.20,18.20,17.40
S210,1486927155,20.70,14.80,21.10,14.20,18.20,17.40
S210,1486927454,20.70,14.80,21.10,14.20,18.20,17.50
S210,1486927753,20.70,14.80,21.10,14.20,18.20,17.50
S210,1486928052,20.70,14.80,21.10,14.20,18.10,17.50
S210,1486928352,20.70,14.80,21.00,14.10,18.20,17.50
S210,1486928651,20.80,31.10,21.10,14.90,18.00,17.40
S210,1486928950,21.60,15.70,21.50,15.20,18.10,17.50
S210,1486929249,21.60,15.10,21.40,14.40,18.10,17.50
S210,1486929548,21.60,15.00,21.20,14.60,18.20,17.50
S210,1486929847,21.40,15.00,21.10,14.70,18.20,17.50
S210,1486930146,21.30,15.10,21.10,14.80,18.10,17.50
S210,1486930445,21.20,15.20,21.10,14.80,18.20,17.50
S210,1486930745,21.10,15.20,21.00,14.90,18.20,17.50
S210,1486931044,21.10,15.50,21.00,15.10,18.20,17.40
S210,1486931343,21.00,15.40,20.90,15.10,18.10,17.50
S210,1486931642,21.00,15.40,21.00,15.10,18.20,17.50
S210,1486931941,20.90,15.40,21.00,15.10,18.20,17.50
S210,1486932240,20.90,15.40,21.00,15.10,18.10,17.40
S210,1486932540,20.80,15.40,20.90,15.10,18.10,17.50
S210,1486932839,20.80,15.90,20.90,15.70,18.20,17.50
S210,1486933138,20.80,16.20,20.90,15.70,18.20,17.50
S210,1486933437,20.70,16.10,20.90,15.50,18.10,17.40
S210,1486933736,20.70,16.00,21.00,15.40,18.20,17.50
S210,1486934035,20.70,16.00,21.00,15.30,18.20,17.50
S210,1486934334,20.70,16.00,21.00,15.30,18.20,17.40
S210,1486934633,20.70,16.00,21.00,15.30,18.20,17.50
S210,1486934932,20.70,16.10,21.00,15.30,18.20,17.40
S210,1486935231,20.70,16.10,21.00,15.60,18.20,17.50
S210,1486935530,20.70,16.20,20.90,15.50,18.10,17.50
S210,1486935829,20.60,16.20,20.90,15.60,18.20,17.50
S210,1486936129,20.60,16.20,20.90,15.60,18.20,17.50
S210,1486936428,20.60,16.20,20.90,15.60,18.10,17.40
S210,1486936727,20.60,16.20,21.00,15.70,18.20,17.50
S210,1486937026,20.60,16.30,20.90,15.60,18.20,17.50
S210,1486937325,20.60,16.40,20.90,15.80,18.20,17.40
S210,1486937624,20.60,16.40,20.90,15.80,18.20,17.50
S210,1486937923,20.60,16.90,21.00,16.20,18.10,17.50
S210,1486938222,20.60,16.80,21.10,16.20,18.10,17.40
S210,1486938521,20.60,16.90,21.10,16.30,18.20,17.50
S210,1486938820,20.60,16.90,21.10,16.50,18.20,17.40
S210,1486939119,20.60,17.00,21.10,16.30,18.20,17.50
S210,1486939418,20.70,17.00,21.10,16.10,18.20,17.50
S210,1486939717,20.60,16.80,20.90,16.00,18.20,17.40
S210,1486940016,20.60,16.90,20.70,16.30,18.20,17.50
S210,1486940316,20.60,16.90,20.50,16.30,18.10,17.40
S210,1486940615,20.60,16.80,20.40,16.30,18.20,17.50
S210,1486940914,20.50,16.70,20.30,16.40,18.20,17.40
S210,1486941213,20.50,16.70,20.20,16.50,18.20,17.50
S210,1486941512,20.40,16.70,20.20,16.60,18.10,17.40
S210,1486941811,20.40,16.80,20.10,16.60,18.20,17.40
S210,1486942110,20.30,16.70,20.00,16.60,18.10,17.40
S210,1486942409,20.30,16.80,19.90,16.60,18.10,17.40
S210,1486942708,20.20,16.70,19.90,16.70,18.20,17.40
S210,1486943007,20.20,16.80,19.80,16.60,18.20,17.40
S210,1486943306,20.10,16.80,19.80,17.00,18.20,17.40
S210,1486943605,20.10,16.90,19.70,17.00,18.20,17.40
S210,1486943904,20.00,16.90,19.70,17.00,18.10,17.40
S210,1486944203,20.00,17.00,19.60,17.00,18.20,17.40
S210,1486944502,19.90,17.00,19.60,17.00,18.10,17.40
S210,1486944801,19.90,17.10,19.50,16.90,18.20,17.40
S210,1486945100,19.80,17.10,19.50,16.90,18.20,17.40
S210,1486945399,19.80,17.10,19.40,16.80,18.10,17.40
S210,1486945698,19.80,17.20,19.40,16.80,18.20,17.40
S210,1486945997,19.70,17.20,19.40,16.80,18.20,17.40
S210,1486946296,19.70,17.20,19.30,16.80,18.20,17.40
S210,1486946595,19.70,17.30,19.30,16.80,18.20,17.40
S210,1486946894,19.60,17.30,19.30,16.80,18.10,17.40
S210,1486947193,19.60,17.40,19.30,16.80,18.20,17.40
S210,1486947492,19.60,17.40,19.30,16.80,18.20,17.40
S210,1486947791,19.50,17.80,19.30,17.60,18.20,17.40
S210,1486948090,19.50,17.90,19.20,17.90,18.20,17.40
S210,1486948389,19.40,17.90,19.20,17.50,18.20,17.40
S210,1486948688,19.40,17.90,19.20,17.50,18.10,17.40
S210,1486948987,19.40,17.90,19.20,17.50,18.20,17.40
S210,1486949286,19.40,17.90,19.10,17.40,18.20,17.40
S210,1486949585,19.30,17.80,19.10,17.40,18.10,17.40
S210,1486949884,19.30,18.30,19.10,17.40,18.20,17.40
S210,1486950184,19.30,18.00,19.00,17.40,18.20,17.40
S210,1486950483,19.30,18.00,19.00,17.40,18.20,17.40
S210,1486950782,19.30,18.00,19.00,17.40,18.20,17.40
S210,1486951081,19.20,18.00,19.00,17.50,18.20,17.40
S210,1486951380,19.20,18.00,18.90,17.40,18.10,17.40
S210,1486951679,19.20,18.10,18.90,17.50,18.10,17.40
S210,1486951978,19.10,18.10,18.90,17.40,18.20,17.40
S210,1486952277,19.10,18.20,18.80,17.50,18.10,17.40
S210,1486952576,19.10,18.20,18.80,17.40,18.10,17.40
S210,1486952875,19.00,18.10,18.80,17.40,18.20,17.40
S210,1486953174,19.00,18.10,18.80,17.40,18.20,17.40
S210,1486953473,19.00,18.10,18.80,17.40,18.20,17.40
S210,1486953772,19.00,18.10,18.80,17.30,18.20,17.40
S210,1486954071,18.90,18.00,18.70,17.30,18.20,17.40
S210,1486954370,18.90,18.00,18.70,17.30,18.20,17.40
S210,1486954669,18.90,18.00,18.70,17.30,18.20,17.40
S210,1486954968,18.90,18.00,18.60,17.30,18.10,17.40
S210,1486955267,18.80,18.00,18.60,17.30,18.10,17.40
S210,1486955566,18.80,18.00,18.50,17.30,18.10,17.40
S210,1486955865,18.80,18.00,18.50,17.50,18.10,17.40
S210,1486956164,18.70,17.90,18.40,17.50,18.10,17.40
S210,1486956463,18.70,17.90,18.30,17.60,18.10,17.40
S210,1486956762,18.60,17.80,18.30,17.70,18.20,17.40
S210,1486957061,18.60,17.80,18.20,17.70,18.20,17.40
S210,1486957360,18.60,17.80,18.20,17.80,18.20,17.40
S210,1486957659,18.50,17.80,18.20,17.80,18.10,17.40
S210,1486957958,18.50,18.00,18.10,17.80,18.20,17.40
S210,1486958257,18.50,18.10,18.00,17.90,18.10,17.40
S210,1486958556,18.40,18.20,18.10,17.90,18.10,17.40
S210,1486958855,18.40,18.20,18.00,17.90,18.10,17.40
S210,1486959154,18.30,18.30,18.00,18.00,18.10,17.40
S210,1486959453,18.30,18.30,18.00,18.00,18.10,17.40
S210,1486959752,18.30,18.20,18.00,17.90,18.20,17.40
S210,1486960051,18.20,18.30,18.00,17.90,18.10,17.40
S210,1486960350,18.20,18.20,18.10,17.90,18.20,17.40
S210,1486960649,18.20,18.20,18.10,17.90,18.20,17.40
S210,1486960948,18.20,18.20,18.10,17.90,18.10,17.40
S210,1486961247,18.20,18.30,18.00,17.80,18.20,17.40
S210,1486961546,18.20,18.20,18.10,17.90,18.10,17.40
S210,1486961845,18.20,18.30,18.00,17.90,18.20,17.40
S210,1486962144,18.20,18.30,18.00,18.00,18.20,17.40
S210,1486962443,18.10,18.30,17.90,18.00,18.10,17.40
S210,1486962742,18.10,18.30,17.90,18.00,18.10,17.40
S210,1486963041,18.10,18.40,17.80,18.10,18.10,17.40
S210,1486963340,18.00,18.40,17.80,18.10,18.20,17.40
S210,1486963639,18.00,18.60,17.70,18.20,18.10,17.40
S210,1486963938,18.00,18.60,17.70,18.20,18.20,17.40
S210,1486964237,17.90,18.60,17.70,18.30,18.10,17.40
S210,1486964536,17.90,18.70,17.70,18.40,18.20,17.40
S210,1486964835,17.90,18.80,17.60,18.50,18.10,17.40
S210,1486965134,17.90,19.00,17.60,18.50,18.10,17.40
S210,1486965433,17.90,18.90,17.70,18.60,18.10,17.40
S210,1486965732,17.80,18.90,17.70,18.50,18.10,17.40
S210,1486966031,17.90,19.00,17.70,18.50,18.10,17.40
S210,1486966330,17.80,18.90,17.80,18.60,18.10,17.40
S210,1486966629,17.80,18.90,17.80,18.60,18.20,17.40
S210,1486966928,17.80,19.10,17.80,18.60,18.20,17.40
S210,1486967227,17.80,19.00,17.80,18.60,18.10,17.40
S210,1486967526,17.80,19.00,17.80,18.60,18.10,17.40
S210,1486967825,17.80,19.00,17.70,18.60,18.10,17.40
S210,1486968124,17.80,19.00,17.70,18.60,18.20,17.40
S210,1486968423,17.80,18.90,17.80,18.40,18.20,17.40
S210,1486968722,17.80,18.90,17.90,18.30,18.10,17.40
S210,1486969021,17.80,18.90,18.00,18.30,18.10,17.40
S210,1486969320,17.80,18.90,18.10,18.20,18.20,17.40
S210,1486969619,17.90,19.00,18.20,18.20,18.10,17.40
S210,1486969918,17.90,19.10,18.30,18.20,18.20,17.40
S210,1486970217,17.90,19.00,18.40,18.20,18.20,17.40
S210,1486970516,17.90,19.00,18.40,18.20,18.20,17.40
S210,1486970815,18.00,19.10,18.50,18.20,18.10,17.40
S210,1486971114,18.00,19.00,18.50,18.10,18.10,17.40
S210,1486971413,18.10,19.10,18.60,18.10,18.10,17.40
S210,1486971712,18.10,19.00,18.70,18.20,18.20,17.40
S210,1486972011,18.10,19.00,18.70,18.10,18.10,17.40
S210,1486972310,18.20,19.00,18.80,18.00,18.10,17.40
S210,1486972609,18.20,19.00,18.80,18.00,18.10,17.40
S210,1486972908,18.30,19.00,18.80,18.00,18.10,17.40
S210,1486973207,18.30,19.00,18.90,17.90,18.20,17.40
S210,1486973506,18.30,18.90,18.90,17.80,18.10,17.40
S210,1486973805,18.40,18.90,19.00,17.80,18.20,17.40
S210,1486974104,18.40,18.90,19.00,17.80,18.10,17.40
S210,1486974403,18.50,18.90,19.10,17.80,18.20,17.40
S210,1486974702,18.50,18.90,19.10,17.80,18.10,17.40
S210,1486975001,18.50,18.90,19.20,17.80,18.10,17.40
S210,1486975300,18.60,18.90,19.20,17.80,18.10,17.40
S210,1486975599,18.60,18.90,19.20,17.80,18.20,17.40
S210,1486975898,18.70,18.90,19.30,17.80,18.20,17.40
S210,1486976197,18.70,18.90,19.30,17.80,18.20,17.40
S210,1486976496,18.70,18.80,19.40,17.80,18.20,17.40
S210,1486976795,18.80,18.90,19.40,17.80,18.10,17.40
S210,1486977094,18.80,18.80,19.40,17.70,18.20,17.40
S210,1486977393,18.80,18.80,19.50,17.80,18.10,17.40
S210,1486977692,18.90,18.90,19.50,17.80,18.20,17.40
S210,1486977991,18.90,18.80,19.50,17.70,18.20,17.40
S210,1486978290,18.90,18.80,19.50,17.70,18.20,17.40
S210,1486978589,19.00,18.90,19.60,17.80,18.20,17.40
S210,1486978888,19.00,18.80,19.60,17.80,18.20,17.40
S210,1486979187,19.00,18.80,19.70,17.80,18.10,17.40
S210,1486979486,19.00,18.80,19.70,17.80,18.10,17.40
S210,1486979785,19.10,18.80,19.70,17.90,18.10,17.40
S210,1486980084,19.20,18.90,19.70,17.80,18.20,17.40
S210,1486980383,19.10,19.10,19.80,18.10,18.10,17.40
S210,1486980682,19.20,19.20,19.80,18.20,18.10,17.40
S210,1486980981,19.30,19.40,20.00,18.30,18.20,17.40
S210,1486981280,19.30,19.40,20.10,18.50,18.10,17.40
S210,1486981579,19.40,19.50,20.20,18.40,18.20,17.40
S210,1486981878,19.40,19.50,20.30,18.40,18.20,17.40
S210,1486982177,19.50,19.50,20.30,18.30,18.10,17.40
S210,1486982476,19.50,19.50,20.40,18.20,18.20,17.50
S210,1486982775,19.60,19.40,20.40,18.20,18.20,17.40
S210,1486983074,19.70,19.50,20.50,18.40,18.20,17.40
S210,1486983373,19.70,19.40,20.50,18.20,18.20,17.40
