Device,Time,DHT1-OUT Temp,DHT1-OUT Hum,DHT2-IN Temp,DHT2-IN Hum,Soil,Infrared
S306,1486911899,21.00,9.90,21.00,11.80,0.20,17.60
S306,1486912198,21.00,10.20,21.00,12.10,0.20,17.60
S306,1486912497,21.00,10.30,21.00,12.20,0.20,17.60
S306,1486912796,21.00,10.30,21.00,12.30,0.20,17.60
S306,1486913095,20.90,10.40,21.00,12.40,0.20,17.60
S306,1486913394,21.10,11.30,21.10,13.10,0.20,17.60
S306,1486913693,21.00,10.90,21.00,12.70,0.20,17.60
S306,1486913992,21.00,11.00,21.00,12.90,0.20,17.60
S306,1486914291,21.00,10.90,21.00,12.80,0.20,17.60
S306,1486914590,20.90,10.70,21.00,12.60,0.20,17.60
S306,1486914889,20.90,10.70,20.90,12.60,0.20,17.60
S306,1486915188,20.90,10.80,20.90,12.70,0.20,17.60
S306,1486915487,21.10,13.50,21.30,15.00,4.10,17.60
S306,1486915786,21.40,13.50,21.30,13.50,0.20,17.60
S306,1486916085,22.10,18.50,21.10,13.50,0.20,17.60
S306,1486916385,21.70,13.50,21.10,13.50,0.20,17.60
S306,1486916684,21.70,11.70,21.00,13.70,0.20,17.60
S306,1486916983,21.60,12.00,21.10,13.90,0.20,17.60
S306,1486917283,21.60,11.90,21.10,13.90,0.20,17.60
S306,1486917582,21.50,12.00,21.10,13.80,0.20,17.60
S306,1486917881,21.40,12.40,21.10,14.20,0.20,17.60
S306,1486918181,21.30,12.30,21.10,14.20,0.20,17.60
S306,1486918480,21.30,12.70,21.10,14.50,0.20,17.60
S306,1486918780,21.20,12.40,21.10,14.20,0.20,17.60
S306,1486919079,21.20,12.40,21.10,14.20,0.20,17.60
S306,1486919378,21.10,12.50,21.10,14.30,0.20,17.60
S306,1486919677,21.10,12.70,21.10,14.40,0.20,17.60
S306,1486919977,21.10,12.60,21.10,14.40,0.20,17.60
S306,1486920276,21.00,12.50,21.10,14.30,0.20,17.60
S306,1486920575,21.00,12.60,21.00,14.30,0.20,17.60
S306,1486920874,21.00,12.80,21.10,14.50,0.20,17.60
S306,1486921174,21.00,13.40,21.10,14.60,0.20,17.60
S306,1486921473,21.00,13.10,21.10,14.70,0.20,17.60
S306,1486921772,20.90,13.10,21.20,14.80,0.20,17.60
S306,1486922071,20.90,13.30,21.10,14.70,0.20,17.60
S306,1486922371,20.80,13.10,21.00,14.60,0.20,17.60
S306,1486922670,20.90,13.30,21.00,14.60,0.20,17.60
S306,1486922969,20.90,13.30,21.10,14.70,0.20,17.60
S306,1486923268,20.90,13.30,21.10,14.70,0.20,17.60
S306,1486923567,20.80,13.30,21.00,14.60,0.20,17.60
S306,1486923867,20.80,13.30,21.00,14.60,0.20,17.60
S306,1486924166,20.80,13.30,21.00,14.60,0.20,17.60
S306,1486924465,20.80,13.30,21.00,14.60,0.20,17.60
S306,1486924764,20.80,13.30,20.90,14.60,0.20,17.60
S306,1486925063,20.70,13.20,21.00,14.60,0.20,17.60
S306,1486925362,20.70,13.20,21.00,14.60,0.20,17.60
S306,1486925661,20.70,13.20,21.00,14.60,0.20,17.60
S306,1486925961,20.70,13.20,20.90,14.60,0.20,17.60
S306,1486926260,20.70,13.20,21.00,14.60,0.20,17.60
S306,1486926559,20.70,13.20,20.90,14.60,0.20,17.60
S306,1486926858,20.80,13.30,21.00,14.60,0.20,17.60
S306,1486927157,20.80,13.30,21.00,14.60,0.20,17.60
S306,1486927456,20.70,13.20,21.00,14.60,0.20,17.60
S306,1486927755,20.70,13.20,20.90,14.60,0.20,17.60
S306,1486928054,20.70,13.20,20.90,14.60,0.20,17.60
S306,1486928353,20.80,13.30,20.90,14.60,0.20,17.60
S306,1486928652,20.80,13.30,21.00,14.90,0.20,17.60
S306,1486928951,20.80,13.30,21.00,14.90,0.20,17.60
S306,1486929250,20.80,13.70,21.00,15.40,0.20,17.60
S306,1486929549,20.80,13.30,21.00,15.10,0.20,17.60
S306,1486929848,20.70,13.20,20.90,15.10,0.20,17.60
S306,1486930147,20.70,13.20,20.90,15.20,0.20,17.60
S306,1486930446,20.80,13.60,20.90,15.20,0.20,17.60
S306,1486930745,21.60,13.80,22.70,14.10,0.20,17.60
S306,1486931044,21.40,13.70,21.90,14.80,0.20,17.60
S306,1486931343,21.30,13.60,21.30,14.90,0.20,17.60
S306,1486931642,21.30,13.60,21.10,15.20,0.20,17.60
S306,1486931941,21.20,13.60,21.00,15.20,0.20,17.60
S306,1486932240,21.10,13.50,21.00,15.20,0.20,17.60
S306,1486932539,21.00,13.40,21.00,15.40,0.20,17.60
S306,1486932838,21.00,14.10,21.00,15.90,0.20,17.60
S306,1486933137,20.90,14.00,21.00,15.80,0.20,17.60
S306,1486933436,20.90,13.90,20.90,15.60,0.20,17.60
S306,1486933735,20.90,13.80,20.90,15.50,0.20,17.60
S306,1486934034,20.90,13.80,20.90,15.50,0.20,17.60
S306,1486934333,20.90,13.80,21.00,15.60,0.20,17.60
S306,1486934632,20.90,13.90,20.90,15.50,0.20,17.60
S306,1486934931,20.80,13.90,20.90,15.60,0.20,17.60
S306,1486935230,20.80,14.00,20.90,15.70,0.20,17.60
S306,1486935529,20.80,14.10,20.90,15.80,0.20,17.60
S306,1486935828,20.80,14.20,20.90,15.80,0.20,17.60
S306,1486936127,20.80,14.20,20.90,15.80,0.20,17.60
S306,1486936426,20.80,14.20,20.90,15.90,0.20,17.60
S306,1486936725,20.80,14.30,20.90,15.90,0.20,17.60
S306,1486937024,20.70,14.30,20.90,15.90,0.20,17.60
S306,1486937323,20.70,14.30,20.80,16.00,0.20,17.60
S306,1486937622,20.70,14.30,20.80,15.90,0.20,17.60
S306,1486937921,20.70,15.00,21.00,16.70,0.20,17.60
S306,1486938220,20.80,15.10,21.00,16.40,0.20,17.60
S306,1486938519,20.80,15.00,21.00,16.40,0.20,17.60
S306,1486938818,20.80,15.00,21.00,16.60,0.20,17.60
S306,1486939117,20.90,15.10,21.00,16.50,0.20,17.60
S306,1486939416,20.90,14.90,21.10,16.40,0.20,17.60
S306,1486939715,20.90,14.90,21.00,16.30,0.20,17.60
S306,1486940014,20.90,14.90,20.80,16.50,0.20,17.60
S306,1486940313,20.90,14.80,20.60,16.50,0.20,17.60
S306,1486940612,20.80,14.70,20.50,16.60,0.20,17.60
S306,1486940911,20.70,14.60,20.40,16.60,0.20,17.60
S306,1486941210,20.70,14.70,20.30,16.60,0.20,17.60
S306,1486941509,20.60,14.60,20.30,16.70,0.20,17.60
S306,1486941808,20.50,14.60,20.20,16.70,0.20,17.60
S306,1486942107,20.50,14.70,20.10,16.70,0.20,17.60
S306,1486942406,20.40,15.10,20.10,16.80,0.20,17.60
S306,1486942705,20.40,14.80,20.00,16.80,0.20,17.60
S306,1486943004,20.30,14.80,20.00,16.80,0.20,17.60
S306,1486943303,20.20,14.80,19.90,16.80,0.20,17.60
S306,1486943602,20.20,14.90,19.90,16.80,0.20,17.60
S306,1486943901,20.10,14.90,19.80,16.80,0.20,17.60
S306,1486944200,20.10,15.00,19.80,17.00,0.20,17.60
S306,1486944499,20.10,15.20,19.80,17.10,0.20,17.60
S306,1486944798,20.00,15.10,19.80,17.20,0.20,17.60
S306,1486945097,20.00,15.20,19.70,17.20,0.20,17.60
S306,1486945396,19.90,15.20,19.60,17.20,0.20,17.60
S306,1486945695,19.90,15.30,19.60,17.20,0.20,17.60
S306,1486945994,19.80,15.20,19.60,17.20,0.20,17.60
S306,1486946293,19.80,15.30,19.60,17.30,0.20,17.60
S306,1486946592,19.70,15.30,19.50,17.20,0.20,17.60
S306,1486946891,19.70,15.40,19.50,17.30,0.20,17.60
S306,1486947190,19.70,15.50,19.50,17.40,0.20,17.60
S306,1486947489,19.60,15.50,19.50,17.50,0.20,17.60
S306,1486947788,19.60,16.00,19.40,18.10,0.20,17.60
S306,1486948087,19.60,16.20,19.40,18.00,0.20,17.60
S306,1486948386,19.50,16.00,19.40,17.90,0.20,17.60
S306,1486948685,19.50,16.00,19.30,17.80,0.20,17.60
S306,1486948984,19.50,16.00,19.40,17.80,0.20,17.60
S306,1486949283,19.40,16.00,19.30,17.70,0.20,17.60
S306,1486949582,19.40,16.10,19.30,17.80,0.20,17.60
S306,1486949881,19.40,16.10,19.30,17.80,0.20,17.60
S306,1486950181,19.40,16.10,19.20,17.80,0.20,17.60
S306,1486950480,19.30,16.10,19.20,17.80,0.20,17.60
S306,1486950779,19.30,16.20,19.20,17.90,0.20,17.60
S306,1486951078,19.30,16.30,19.20,17.90,0.20,17.60
S306,1486951377,19.20,16.20,19.20,18.00,0.20,17.60
S306,1486951676,19.20,16.10,19.10,17.90,0.20,17.60
S306,1486951975,19.20,16.40,19.10,17.90,0.20,17.60
S306,1486952274,19.20,16.40,19.10,18.00,0.20,17.60
S306,1486952573,19.20,16.40,19.00,17.80,0.20,17.60
S306,1486952872,19.10,16.30,19.00,17.80,0.20,17.60
S306,1486953171,19.10,16.40,19.00,17.90,0.20,17.60
S306,1486953470,19.10,16.30,19.00,17.90,0.20,17.60
S306,1486953769,19.10,16.40,19.00,17.80,0.20,17.60
S306,1486954068,19.00,16.20,18.90,17.70,0.20,17.60
S306,1486954367,19.00,16.30,18.90,17.80,0.20,17.60
S306,1486954666,19.00,16.30,18.90,17.80,0.20,17.60
S306,1486954965,19.00,16.40,18.80,17.80,0.20,17.60
S306,1486955264,18.90,16.30,18.80,17.80,0.20,17.60
S306,1486955563,18.90,16.30,18.80,17.90,0.20,17.60
S306,1486955862,18.90,16.30,18.70,18.00,0.20,17.60
S306,1486956161,18.80,16.20,18.60,18.00,0.20,17.60
S306,1486956460,18.80,16.20,18.60,18.10,0.20,17.60
S306,1486956759,18.70,16.20,18.50,18.10,0.20,17.60
S306,1486957058,18.70,16.20,18.40,18.20,0.20,17.60
S306,1486957357,18.60,16.10,18.40,18.20,0.20,17.60
S306,1486957656,18.60,16.10,18.40,18.30,0.20,17.60
S306,1486957955,18.50,16.00,18.30,18.30,0.20,17.60
S306,1486958254,18.50,16.00,18.30,18.40,0.20,17.60
S306,1486958553,18.50,16.00,18.20,18.30,0.20,17.60
S306,1486958852,18.40,16.00,18.20,18.40,0.20,17.60
S306,1486959151,18.40,16.00,18.20,18.50,0.20,17.60
S306,1486959450,18.40,16.30,18.20,18.40,0.20,17.60
S306,1486959749,18.30,16.20,18.30,18.50,0.20,17.60
S306,1486960048,18.30,16.20,18.30,18.40,0.20,17.60
S306,1486960347,18.30,16.10,18.30,18.40,0.20,17.60
S306,1486960646,18.30,16.20,18.30,18.40,0.20,17.60
S306,1486960945,18.30,16.20,18.30,18.30,0.20,17.60
S306,1486961244,18.30,16.10,18.30,18.30,0.20,17.60
S306,1486961543,18.30,16.20,18.30,18.20,0.20,17.60
S306,1486961842,18.30,16.20,18.30,18.40,0.20,17.60
S306,1486962141,18.30,16.30,18.20,18.40,0.20,17.60
S306,1486962440,18.30,16.30,18.10,18.50,0.20,17.60
S306,1486962739,18.20,16.30,18.10,18.60,0.20,17.60
S306,1486963038,18.20,16.30,18.00,18.70,0.20,17.60
S306,1486963337,18.20,16.40,18.00,18.70,0.20,17.60
S306,1486963636,18.20,16.50,17.90,18.70,0.20,17.60
S306,1486963935,18.10,16.50,17.90,18.80,0.20,17.60
S306,1486964234,18.10,16.70,17.90,19.30,0.20,17.60
S306,1486964533,18.00,16.60,17.90,18.90,0.20,17.60
S306,1486964832,18.00,16.80,17.80,19.00,0.20,17.60
S306,1486965131,18.00,16.90,17.90,19.20,0.20,17.60
S306,1486965430,18.00,16.90,17.90,19.20,0.20,17.60
S306,1486965729,18.00,17.00,17.90,19.00,0.20,17.60
S306,1486966028,18.00,17.00,18.00,19.10,0.20,17.60
S306,1486966327,17.90,17.10,18.00,19.00,0.20,17.60
S306,1486966626,18.00,17.20,18.00,19.10,0.20,17.60
S306,1486966925,18.00,17.30,18.00,19.10,0.20,17.60
S306,1486967224,18.00,17.20,18.00,19.00,0.20,17.60
S306,1486967523,18.00,17.10,18.00,19.00,0.20,17.60
S306,1486967822,18.00,17.20,18.00,19.20,0.20,17.60
S306,1486968121,18.00,17.10,17.90,19.20,0.20,17.60
S306,1486968420,18.00,17.10,18.00,19.10,0.20,17.60
S306,1486968719,18.00,17.10,18.00,18.90,0.20,17.60
S306,1486969018,18.00,17.20,18.10,18.90,0.20,17.60
S306,1486969317,18.00,17.20,18.20,18.90,0.20,17.60
S306,1486969616,18.00,17.30,18.30,18.90,0.20,17.60
S306,1486969915,18.10,17.30,18.30,18.90,0.20,17.60
S306,1486970214,18.10,17.30,18.40,18.90,0.20,17.60
S306,1486970513,18.20,17.40,18.40,18.90,0.20,17.60
S306,1486970812,18.20,17.40,18.50,19.00,0.20,17.60
S306,1486971111,18.20,17.30,18.50,18.90,0.20,17.60
S306,1486971410,18.30,17.20,18.60,18.80,0.20,17.60
S306,1486971709,18.30,17.30,18.60,18.80,0.20,17.60
S306,1486972008,18.40,17.30,18.60,18.80,0.20,17.60
S306,1486972307,18.40,17.10,18.70,18.60,0.20,17.60
S306,1486972606,18.40,17.20,18.70,18.70,0.20,17.60
S306,1486972905,18.50,17.20,18.80,18.70,0.20,17.60
S306,1486973204,18.50,17.00,18.80,18.60,0.20,17.60
S306,1486973503,18.60,17.00,18.90,18.60,0.20,17.60
S306,1486973802,18.60,17.00,18.90,18.40,0.20,17.60
S306,1486974101,18.60,16.90,18.90,18.40,0.20,17.60
S306,1486974400,18.70,16.90,19.00,18.50,0.20,17.60
S306,1486974699,18.70,16.90,19.00,18.40,0.20,17.60
S306,1486974998,18.80,17.00,19.10,18.50,0.20,17.60
S306,1486975297,18.80,16.90,19.10,18.50,0.20,17.60
S306,1486975596,18.80,16.80,19.10,18.50,0.20,17.60
S306,1486975895,18.90,16.90,19.20,18.50,0.20,17.60
S306,1486976194,18.90,16.80,19.20,18.40,0.20,17.60
S306,1486976493,19.00,16.80,19.20,18.40,0.20,17.60
S306,1486976792,19.00,16.70,19.30,18.40,0.20,17.60
S306,1486977091,19.00,16.70,19.30,18.40,0.20,17.60
S306,1486977390,19.10,16.80,19.30,18.40,0.20,17.60
S306,1486977689,19.10,16.70,19.30,18.30,0.20,17.60
S306,1486977988,19.10,16.70,19.40,18.40,0.20,17.60
S306,1486978287,19.20,16.80,19.40,18.40,0.20,17.60
S306,1486978586,19.20,16.70,19.50,18.40,0.20,17.60
S306,1486978885,19.20,16.70,19.40,18.40,0.20,17.60
S306,1486979184,19.30,16.60,19.50,18.50,0.20,17.60
S306,1486979483,19.30,16.70,19.50,18.40,0.20,17.60
S306,1486979782,19.30,16.70,19.60,18.40,0.20,17.60
S306,1486980081,19.40,16.70,19.60,18.50,0.20,17.60
S306,1486980380,19.40,17.30,19.60,18.90,0.20,17.60
S306,1486980679,19.40,17.20,19.70,18.80,0.20,17.60
S306,1486980978,19.50,17.50,19.90,18.80,0.20,17.60
S306,1486981277,19.50,17.70,19.90,19.00,0.20,17.60
S306,1486981576,19.60,17.70,20.00,18.90,0.20,17.60
S306,1486981875,19.70,17.70,20.10,18.90,0.20,17.60
S306,1486982174,19.70,17.60,20.20,18.90,0.20,17.60
S306,1486982473,19.80,17.50,20.20,18.80,0.20,17.60
S306,1486982772,19.80,17.40,20.20,18.70,0.20,17.60
S306,1486983071,19.90,17.60,20.30,18.90,0.20,17.60
S306,1486983370,20.00,17.50,20.30,18.90,0.20,17.60
