Device,Time,DHT1-OUT Temp,DHT1-OUT Hum,DHT2-IN Temp,DHT2-IN Hum,Soil,Infrared
S105,1486911899,20.90,12.70,20.80,10.70,0.30,17.70
S105,1486912198,20.80,12.70,20.90,10.90,0.30,17.70
S105,1486912497,20.80,12.90,20.90,11.00,0.30,17.70
S105,1486912796,20.80,12.90,20.90,11.10,0.30,17.70
S105,1486913095,20.90,13.10,20.90,11.10,0.30,17.70
S105,1486913394,21.00,13.20,21.00,11.30,0.30,17.70
S105,1486913693,21.00,13.70,21.00,11.90,0.30,17.70
S105,1486913992,20.90,13.40,20.90,11.60,0.30,17.70
S105,1486914291,20.90,13.60,20.90,11.70,0.30,17.70
S105,1486914590,20.90,13.30,20.90,11.50,0.30,17.70
S105,1486914889,20.80,13.30,20.90,11.50,0.30,17.70
S105,1486915188,20.80,13.20,20.90,11.40,0.30,17.70
S105,1486915487,20.80,13.30,20.90,11.50,0.30,17.70
S105,1486915786,20.90,13.90,21.00,12.00,0.30,17.70
S105,1486916085,20.90,14.00,21.00,12.20,0.30,17.70
S105,1486916385,20.90,14.10,21.00,12.40,0.30,17.70
S105,1486916684,21.40,14.20,24.20,11.20,0.30,17.70
S105,1486916983,21.30,14.40,22.20,11.50,0.30,17.70
S105,1486917283,21.20,14.40,21.50,12.20,0.30,17.70
S105,1486917582,21.20,14.50,21.20,12.40,0.30,17.70
S105,1486917881,21.20,14.50,21.10,12.50,0.30,17.70
S105,1486918181,21.10,16.40,21.10,13.00,0.30,17.70
S105,1486918480,21.30,14.70,21.10,13.00,0.30,17.70
S105,1486918780,21.20,14.80,21.10,13.00,0.30,17.70
S105,1486919079,21.20,14.80,21.10,12.90,0.30,17.70
S105,1486919378,21.10,14.80,21.10,13.00,0.30,17.70
S105,1486919677,21.10,14.90,21.10,13.00,0.30,17.70
S105,1486919977,21.10,14.90,21.00,13.00,0.30,17.70
S105,1486920276,21.00,15.00,21.00,13.00,0.30,17.70
S105,1486920575,21.00,14.90,21.00,13.00,0.30,17.70
S105,1486920874,21.00,15.00,21.00,13.00,0.30,17.70
S105,1486921174,21.00,16.60,21.10,13.00,0.30,17.70
S105,1486921473,21.00,15.50,21.10,13.00,0.30,17.70
S105,1486921772,21.00,15.80,21.10,13.00,0.30,17.70
S105,1486922071,22.00,33.90,22.80,19.80,0.30,17.70
S105,1486922371,21.90,14.70,22.10,12.50,0.30,17.70
S105,1486922670,21.90,14.70,21.50,12.90,0.30,17.70
S105,1486922969,21.90,14.60,21.40,13.20,0.30,17.70
S105,1486923268,21.90,14.50,21.40,13.10,0.30,17.70
S105,1486923567,21.90,14.40,21.40,12.90,0.30,17.70
S105,1486923867,21.90,14.50,21.40,13.10,0.30,17.70
S105,1486924166,21.90,14.50,21.30,13.00,0.30,17.70
S105,1486924465,21.90,14.60,21.30,13.20,0.30,17.70
S105,1486924764,21.80,14.50,21.30,13.10,0.30,17.70
S105,1486925063,21.80,14.40,21.30,12.80,0.30,17.70
S105,1486925362,21.80,14.40,21.30,13.00,0.30,17.70
S105,1486925661,21.80,14.40,21.30,13.00,0.30,17.70
S105,1486925961,21.80,14.50,21.30,12.90,0.30,17.70
S105,1486926260,21.70,14.30,21.30,12.80,0.30,17.70
S105,1486926559,21.70,14.30,21.30,12.80,0.30,17.70
S105,1486926858,21.70,14.40,21.30,12.80,0.30,17.70
S105,1486927157,21.70,14.40,21.30,12.90,0.30,17.70
S105,1486927456,21.70,14.60,21.30,13.00,0.30,17.70
S105,1486927755,21.60,14.50,21.30,13.20,0.30,17.70
S105,1486928054,21.60,14.60,21.00,13.00,0.30,17.70
S105,1486928353,21.50,14.70,21.00,13.00,0.30,17.70
S105,1486928652,21.50,14.80,21.00,13.00,0.30,17.70
S105,1486928951,21.50,14.90,21.10,13.00,0.30,17.70
S105,1486929250,21.50,14.90,21.20,13.10,0.30,17.70
S105,1486929549,21.50,14.90,21.20,13.10,0.30,17.70
S105,1486929848,21.50,15.00,21.30,13.20,0.30,17.70
S105,1486930147,21.50,15.30,21.30,13.20,0.30,17.70
S105,1486930446,21.50,15.40,21.20,13.10,0.30,17.70
S105,1486930745,21.80,15.50,21.20,13.30,0.30,17.70
S105,1486931044,21.70,15.30,21.20,13.60,0.30,17.70
S105,1486931343,21.70,15.30,20.90,13.90,0.30,17.70
S105,1486931642,21.60,15.30,20.90,13.90,0.30,17.70
S105,1486931941,21.30,15.80,21.00,13.80,0.30,17.70
S105,1486932240,21.30,15.90,21.00,13.80,0.30,17.70
S105,1486932539,21.20,15.90,21.00,13.80,0.30,17.70
S105,1486932838,21.10,16.00,21.00,14.00,0.30,17.70
S105,1486933137,21.10,16.40,20.90,14.30,0.30,17.70
S105,1486933436,21.00,16.40,20.90,14.30,0.30,17.70
S105,1486933735,21.00,16.30,20.90,14.30,0.30,17.70
S105,1486934034,21.00,16.30,20.90,14.20,0.30,17.70
S105,1486934333,21.00,16.30,20.90,14.20,0.30,17.70
S105,1486934632,20.90,16.30,20.90,14.20,0.30,17.70
S105,1486934931,20.90,16.30,20.90,14.20,0.30,17.70
S105,1486935230,20.90,16.40,20.90,14.30,0.30,17.70
S105,1486935529,20.90,16.40,20.90,14.40,0.30,17.70
S105,1486935828,20.90,16.50,20.80,14.30,0.30,17.70
S105,1486936127,20.90,16.50,20.90,14.40,0.30,17.70
S105,1486936426,20.90,16.50,20.90,14.40,0.30,17.70
S105,1486936725,20.90,16.60,20.90,14.40,0.30,17.70
S105,1486937024,20.90,16.60,20.90,14.50,0.30,17.70
S105,1486937323,20.80,16.60,20.90,14.60,0.30,17.70
S105,1486937622,20.80,16.70,20.80,14.60,0.30,17.70
S105,1486937921,20.80,16.70,20.80,14.70,0.30,17.70
S105,1486938220,20.80,16.80,20.90,14.80,0.30,17.70
S105,1486938519,20.80,17.10,21.00,15.10,0.30,17.70
S105,1486938818,20.80,17.20,21.10,15.10,0.30,17.70
S105,1486939117,20.80,17.00,21.20,15.10,0.30,17.70
S105,1486939416,20.80,17.10,21.20,15.00,0.30,17.70
S105,1486939715,20.90,17.20,21.10,14.90,0.30,17.70
S105,1486940014,20.90,17.20,20.90,14.90,0.30,17.70
S105,1486940313,20.80,17.20,20.80,15.10,0.30,17.70
S105,1486940612,20.80,17.10,20.70,15.00,0.30,17.70
S105,1486940911,20.80,17.00,20.50,15.00,0.30,17.70
S105,1486941210,20.70,17.00,20.50,15.10,0.30,17.70
S105,1486941509,20.70,17.00,20.40,15.10,0.30,17.70
S105,1486941808,20.70,17.00,20.30,15.10,0.30,17.70
S105,1486942107,20.60,17.00,20.20,15.10,0.30,17.70
S105,1486942406,20.60,17.00,20.20,15.10,0.30,17.70
S105,1486942705,20.50,17.00,20.10,15.20,0.30,17.70
S105,1486943004,20.50,17.00,20.10,15.20,0.30,17.70
S105,1486943303,20.40,17.00,20.00,15.20,0.30,17.70
S105,1486943602,20.40,17.10,20.00,15.30,0.30,17.70
S105,1486943901,20.30,17.10,19.90,15.30,0.30,17.70
S105,1486944200,20.30,17.10,19.90,15.30,0.30,17.70
S105,1486944499,20.20,17.20,19.80,15.40,0.30,17.70
S105,1486944798,20.20,17.20,19.90,15.50,0.30,17.70
S105,1486945097,20.20,17.30,19.80,15.60,0.30,17.70
S105,1486945396,20.10,17.30,19.70,15.60,0.30,17.70
S105,1486945695,20.10,17.40,19.70,15.60,0.30,17.70
S105,1486945994,20.10,17.40,19.70,15.70,0.30,17.70
S105,1486946293,20.00,17.40,19.60,15.60,0.30,17.70
S105,1486946592,20.00,17.40,19.60,15.70,0.30,17.70
S105,1486946891,20.00,17.50,19.60,15.80,0.30,17.70
S105,1486947190,19.90,17.50,19.50,15.70,0.30,17.70
S105,1486947489,19.90,17.60,19.50,15.80,0.30,17.70
S105,1486947788,19.90,17.70,19.50,15.90,0.30,17.70
S105,1486948087,19.80,18.00,19.50,16.40,0.30,17.70
S105,1486948386,19.80,18.00,19.40,16.40,0.30,17.70
S105,1486948685,19.80,18.00,19.40,16.30,0.30,17.70
S105,1486948984,19.80,18.00,19.40,16.20,0.30,17.70
S105,1486949283,19.70,17.90,19.40,16.20,0.30,17.70
S105,1486949582,19.70,17.90,19.40,16.20,0.30,17.70
S105,1486949881,19.70,17.90,19.30,16.10,0.30,17.70
S105,1486950181,19.70,17.90,19.30,16.10,0.30,17.70
S105,1486950480,19.60,17.90,19.30,16.20,0.30,17.70
S105,1486950779,19.60,17.90,19.20,16.20,0.30,17.70
S105,1486951078,19.60,17.90,19.20,16.20,0.30,17.70
S105,1486951377,19.50,17.80,19.20,16.20,0.30,17.70
S105,1486951676,19.50,17.80,19.10,16.20,0.30,17.70
S105,1486951975,19.50,17.80,19.10,16.20,0.30,17.70
S105,1486952274,19.50,17.80,19.10,16.20,0.30,17.70
S105,1486952573,19.40,17.90,19.10,16.30,0.30,17.70
S105,1486952872,19.40,17.90,19.10,16.20,0.30,17.70
S105,1486953171,19.40,17.80,19.00,16.10,0.30,17.70
S105,1486953470,19.40,17.90,19.10,16.20,0.30,17.70
S105,1486953769,19.40,17.90,19.00,16.20,0.30,17.70
S105,1486954068,19.30,17.80,19.00,16.10,0.30,17.70
S105,1486954367,19.30,17.80,19.00,16.20,0.30,17.70
S105,1486954666,19.30,17.70,18.90,16.10,0.30,17.70
S105,1486954965,19.20,17.70,18.90,16.10,0.30,17.70
S105,1486955264,19.20,17.80,18.90,16.20,0.30,17.70
S105,1486955563,19.20,17.80,18.80,16.10,0.30,17.70
S105,1486955862,19.20,17.80,18.80,16.10,0.30,17.70
S105,1486956161,19.20,17.90,18.70,16.20,0.30,17.70
S105,1486956460,19.10,17.90,18.70,16.30,0.30,17.70
S105,1486956759,19.10,17.90,18.60,16.30,0.30,17.70
S105,1486957058,19.00,17.90,18.50,16.30,0.30,17.70
S105,1486957357,19.00,18.00,18.50,16.40,0.30,17.70
S105,1486957656,19.00,18.10,18.50,16.50,0.30,17.70
S105,1486957955,19.00,18.10,18.40,16.50,0.30,17.70
S105,1486958254,18.90,18.10,18.40,16.60,0.30,17.70
S105,1486958553,18.90,18.10,18.30,16.60,0.30,17.70
S105,1486958852,18.80,18.20,18.30,17.10,0.30,17.70
S105,1486959151,18.80,18.30,18.30,16.70,0.30,17.70
S105,1486959450,18.80,18.30,18.30,16.70,0.30,17.70
S105,1486959749,18.70,18.20,18.30,16.70,0.30,17.70
S105,1486960048,18.70,18.30,18.30,16.70,0.30,17.70
S105,1486960347,18.70,18.30,18.30,16.70,0.30,17.70
S105,1486960646,18.70,18.30,18.30,16.60,0.30,17.70
S105,1486960945,18.70,18.30,18.40,16.60,0.30,17.70
S105,1486961244,18.60,18.30,18.40,16.60,0.30,17.70
S105,1486961543,18.70,18.30,18.40,16.60,0.30,17.70
S105,1486961842,18.60,18.20,18.40,16.60,0.30,17.70
S105,1486962141,18.60,18.30,18.30,16.60,0.30,17.70
S105,1486962440,18.60,18.30,18.30,16.70,0.30,17.70
S105,1486962739,18.60,18.30,18.20,16.70,0.30,17.70
S105,1486963038,18.60,18.30,18.20,16.80,0.30,17.70
S105,1486963337,18.60,18.50,18.10,16.80,0.30,17.70
S105,1486963636,18.50,18.40,18.10,16.80,0.30,17.70
S105,1486963935,18.50,18.50,18.00,16.90,0.30,17.70
S105,1486964234,18.50,18.50,18.00,17.00,0.30,17.70
S105,1486964533,18.40,18.50,17.90,17.00,0.30,17.70
S105,1486964832,18.40,18.60,17.90,17.00,0.30,17.70
S105,1486965131,18.40,18.70,17.90,17.10,0.30,17.70
S105,1486965430,18.30,18.70,17.90,17.20,0.30,17.70
S105,1486965729,18.30,18.80,18.00,17.30,0.30,17.70
S105,1486966028,18.30,18.80,18.00,17.30,0.30,17.70
S105,1486966327,18.30,18.90,18.00,17.20,0.30,17.70
S105,1486966626,18.30,18.90,18.00,17.20,0.30,17.70
S105,1486966925,18.30,18.90,18.10,17.30,0.30,17.70
S105,1486967224,18.30,18.90,18.10,17.30,0.30,17.70
S105,1486967523,18.30,19.10,18.10,17.20,0.30,17.70
S105,1486967822,18.30,19.00,18.10,17.30,0.30,17.70
S105,1486968121,18.30,19.00,18.00,17.30,0.30,17.70
S105,1486968420,18.30,19.00,18.00,17.40,0.30,17.70
S105,1486968719,18.30,18.90,18.00,17.20,0.30,17.70
S105,1486969018,18.30,18.80,18.10,17.10,0.30,17.70
S105,1486969317,18.20,18.70,18.20,17.00,0.30,17.70
S105,1486969616,18.30,18.70,18.30,17.00,0.30,17.70
S105,1486969915,18.30,18.70,18.40,17.00,0.30,17.70
S105,1486970214,18.30,18.80,18.40,16.90,0.30,17.70
S105,1486970513,18.40,18.80,18.50,16.90,0.30,17.70
S105,1486970812,18.40,18.80,18.50,17.00,0.30,17.70
S105,1486971111,18.40,18.80,18.60,17.00,0.30,17.70
S105,1486971410,18.40,18.80,18.60,16.90,0.30,17.70
S105,1486971709,18.50,18.80,18.70,16.90,0.30,17.70
S105,1486972008,18.50,18.90,18.70,16.90,0.30,17.70
S105,1486972307,18.50,18.80,18.70,16.80,0.30,17.70
S105,1486972606,18.60,18.80,18.80,16.80,0.30,17.70
S105,1486972905,18.60,18.70,18.80,16.80,0.30,17.70
S105,1486973204,18.60,18.70,18.90,16.80,0.30,17.70
S105,1486973503,18.70,18.70,18.90,16.70,0.30,17.70
S105,1486973802,18.70,18.70,19.00,16.70,0.30,17.70
S105,1486974101,18.70,18.60,19.00,16.70,0.30,17.70
S105,1486974400,18.80,18.60,19.00,16.50,0.30,17.70
S105,1486974699,18.80,18.70,19.10,16.70,0.30,17.70
S105,1486974998,18.80,18.60,19.10,16.70,0.30,17.70
S105,1486975297,18.80,18.60,19.10,16.60,0.30,17.70
S105,1486975596,18.90,18.70,19.20,16.60,0.30,17.70
S105,1486975895,18.90,18.60,19.20,16.60,0.30,17.70
S105,1486976194,18.90,18.60,19.30,16.70,0.30,17.70
S105,1486976493,19.00,18.70,19.30,16.60,0.30,17.70
S105,1486976792,19.00,18.60,19.30,16.50,0.30,17.70
S105,1486977091,19.00,18.60,19.40,16.60,0.30,17.70
S105,1486977390,19.10,18.60,19.40,16.40,0.30,17.70
S105,1486977689,19.10,18.60,19.40,16.50,0.30,17.70
S105,1486977988,19.10,18.60,19.40,16.50,0.30,17.70
S105,1486978287,19.10,18.60,19.50,16.50,0.30,17.70
S105,1486978586,19.20,18.60,19.50,16.60,0.30,17.70
S105,1486978885,19.20,18.60,19.50,16.60,0.30,17.70
S105,1486979184,19.20,18.60,19.60,16.60,0.30,17.70
S105,1486979483,19.20,18.60,19.60,16.70,0.30,17.70
S105,1486979782,19.30,18.70,19.60,16.70,0.30,17.70
S105,1486980081,19.30,18.70,19.60,16.60,0.30,17.70
S105,1486980380,19.30,18.60,19.60,16.60,0.30,17.70
S105,1486980679,19.30,19.00,19.70,17.30,0.30,17.70
S105,1486980978,19.40,19.10,19.80,17.40,0.30,17.70
S105,1486981277,19.40,19.20,19.80,17.10,0.30,17.70
S105,1486981576,19.50,19.50,19.90,17.40,0.30,17.70
S105,1486981875,19.50,19.50,20.00,17.30,0.30,17.70
S105,1486982174,19.50,19.60,20.10,17.30,0.30,17.70
S105,1486982473,19.60,19.50,20.10,17.40,0.30,17.70
S105,1486982772,19.70,19.60,20.20,17.30,0.30,17.70
S105,1486983071,19.70,19.50,20.20,17.40,0.30,17.70
S105,1486983370,19.70,19.50,20.20,17.10,0.30,17.70
