Device,Time,DHT1-OUT Temp,DHT1-OUT Hum,DHT2-IN Temp,DHT2-IN Hum,Soil,Infrared
S148,1486911899,20.80,6.30,20.90,13.50,0.20,17.60
S148,1486912198,20.80,6.30,20.90,13.20,0.20,17.60
S148,1486912497,20.80,6.50,20.90,13.40,0.20,17.60
S148,1486912796,20.90,6.60,20.90,13.40,0.20,17.60
S148,1486913095,20.90,7.10,21.00,13.60,0.20,17.60
S148,1486913394,20.90,6.90,21.00,13.80,0.20,17.60
S148,1486913693,20.90,7.40,21.00,14.30,0.20,17.60
S148,1486913992,20.90,7.00,20.90,13.90,0.20,17.60
S148,1486914291,20.90,7.00,20.90,13.90,0.20,17.60
S148,1486914590,20.90,6.90,20.90,13.80,0.20,17.60
S148,1486914889,20.90,6.80,20.90,13.70,0.20,17.60
S148,1486915188,20.90,7.00,20.90,13.90,0.20,17.60
S148,1486915487,20.90,7.70,21.00,13.90,0.20,17.60
S148,1486915786,21.00,7.40,21.10,14.20,0.20,17.60
S148,1486916085,21.00,8.00,21.10,14.80,0.20,17.60
S148,1486916385,21.00,7.60,21.20,14.90,0.20,17.60
S148,1486916684,21.00,7.90,21.20,14.90,0.20,17.60
S148,1486916983,21.00,8.10,21.20,14.90,0.20,17.60
S148,1486917282,21.00,7.90,21.10,14.80,0.20,17.60
S148,1486917581,21.00,8.20,21.10,14.80,0.20,17.60
S148,1486917880,21.00,8.20,21.10,14.80,0.20,17.60
S148,1486918180,21.00,8.30,21.10,14.80,0.20,17.60
S148,1486918479,21.00,8.40,21.10,14.80,0.20,17.60
S148,1486918778,21.00,8.30,21.10,14.80,0.20,17.60
S148,1486919078,21.00,8.50,21.10,14.80,0.20,17.60
S148,1486919377,21.00,8.30,21.10,14.80,0.20,17.60
S148,1486919676,21.00,8.50,21.10,14.80,0.20,17.60
S148,1486919976,21.00,8.50,21.10,15.00,0.20,17.60
S148,1486920275,21.00,8.50,21.00,14.90,0.20,17.60
S148,1486920574,21.00,8.60,21.00,14.80,0.20,17.60
S148,1486911899,21.40,9.00,21.20,15.20,0.20,17.60
S148,1486912198,21.30,9.00,21.20,15.50,0.20,17.60
S148,1486912497,21.30,9.00,21.20,15.50,0.20,17.60
S148,1486912796,21.30,9.00,21.10,15.40,0.20,17.60
S148,1486913095,21.20,8.90,21.10,15.40,0.20,17.60
S148,1486913394,21.20,8.80,21.10,15.30,0.20,17.60
S148,1486913693,21.20,8.80,21.10,15.30,0.20,17.60
S148,1486913992,21.20,8.90,21.10,15.40,0.20,17.60
S148,1486914291,21.10,9.00,21.10,15.50,0.20,17.60
S148,1486914590,21.10,8.90,21.10,15.30,0.20,17.60
S148,1486914889,21.10,8.90,21.00,15.30,0.20,17.60
S148,1486915188,21.10,8.90,21.00,15.30,0.20,17.60
S148,1486915487,21.10,8.90,21.10,15.30,0.20,17.60
S148,1486915786,21.10,8.90,21.10,15.30,0.20,17.60
S148,1486916085,21.10,8.90,21.10,15.30,0.20,17.60
S148,1486916385,21.10,9.00,21.10,15.40,0.20,17.60
S148,1486916684,21.10,9.00,21.00,15.30,0.20,17.60
S148,1486916983,21.10,9.10,21.00,15.40,0.20,17.60
S148,1486917282,21.00,8.90,21.00,15.30,0.20,17.60
S148,1486917581,21.00,8.90,21.00,15.40,0.20,17.60
S148,1486917880,21.10,9.30,21.00,15.80,0.20,17.60
S148,1486918180,21.00,9.30,21.00,15.70,0.20,17.60
S148,1486918479,21.00,9.40,21.00,15.80,0.20,17.60
S148,1486918778,21.00,9.40,21.00,15.90,0.20,17.60
S148,1486919078,21.00,9.40,21.00,15.90,0.20,17.60
S148,1486919377,21.00,9.60,21.00,16.00,0.20,17.60
S148,1486919676,21.00,9.60,21.00,16.10,0.20,17.60
S148,1486919976,21.00,9.70,21.00,16.10,0.20,17.60
S148,1486920275,21.00,9.90,21.00,16.40,0.20,17.60
S148,1486920574,21.00,9.90,21.00,16.40,0.20,17.60
S148,1486920873,21.00,9.70,21.10,16.20,0.20,17.60
S148,1486921173,21.00,9.80,21.00,16.20,0.20,17.60
S148,1486921472,21.00,9.70,21.00,16.20,0.20,17.60
S148,1486921771,21.00,9.80,21.00,16.30,0.20,17.60
S148,1486922070,20.90,10.30,20.90,16.70,0.20,17.60
S148,1486922370,21.00,10.20,20.90,16.70,0.20,17.60
S148,1486922669,20.90,10.10,20.90,16.60,0.20,17.60
S148,1486922969,20.90,10.00,21.00,16.50,0.20,17.60
S148,1486923268,20.90,10.00,21.00,16.50,0.20,17.60
S148,1486923567,20.90,10.00,21.00,16.50,0.20,17.60
S148,1486923867,20.90,10.00,21.00,16.50,0.20,17.60
S148,1486924166,20.90,10.10,20.90,16.50,0.20,17.60
S148,1486924465,20.90,10.30,20.90,16.70,0.20,17.60
S148,1486924765,20.90,10.30,20.90,16.70,0.20,17.60
S148,1486925064,20.90,10.30,20.90,16.80,0.20,17.60
S148,1486925363,20.90,10.30,20.90,16.70,0.20,17.60
S148,1486925662,20.90,10.30,20.90,16.70,0.20,17.60
S148,1486925962,20.90,10.30,20.90,16.70,0.20,17.60
S148,1486926261,20.90,10.40,20.90,16.80,0.20,17.60
S148,1486926560,20.90,10.50,20.90,16.90,0.20,17.60
S148,1486926859,20.90,10.50,20.90,16.90,0.20,17.60
S148,1486927158,20.90,10.80,20.90,17.10,0.20,17.60
S148,1486927457,20.90,11.00,20.90,17.30,0.20,17.60
S148,1486927756,20.90,11.30,21.10,17.20,0.20,17.60
S148,1486928055,21.00,11.40,21.20,17.30,0.20,17.60
S148,1486928354,21.00,11.10,21.20,17.20,0.20,17.60
S148,1486928653,21.00,11.00,21.10,17.20,0.20,17.60
S148,1486928952,21.00,11.00,20.90,17.20,0.20,17.60
S148,1486929251,21.00,11.00,20.80,17.40,0.20,17.60
S148,1486929550,20.90,10.80,20.70,17.30,0.20,17.60
S148,1486929849,20.90,10.70,20.50,17.30,0.20,17.60
S148,1486930148,20.80,10.60,20.40,17.30,0.20,17.60
S148,1486930447,20.80,10.70,20.40,17.30,0.20,17.60
S148,1486930746,20.70,10.70,20.30,17.30,0.20,17.60
S148,1486931045,20.70,10.70,20.20,17.40,0.20,17.60
S148,1486931344,20.70,10.70,20.20,17.40,0.20,17.60
S148,1486931643,20.60,10.70,20.10,17.40,0.20,17.60
S148,1486931942,20.50,10.70,20.10,17.50,0.20,17.60
S148,1486932241,20.50,10.80,20.00,17.50,0.20,17.60
S148,1486932540,20.40,10.80,20.00,17.50,0.20,17.60
S148,1486932839,20.40,10.90,20.00,17.60,0.20,17.60
S148,1486933138,20.30,10.90,19.90,17.60,0.20,17.60
S148,1486933437,20.30,10.90,19.80,17.60,0.20,17.60
S148,1486933736,20.30,10.90,19.80,17.70,0.20,17.60
S148,1486934035,20.20,11.00,19.80,17.80,0.20,17.60
S148,1486934334,20.20,11.10,19.70,17.90,0.20,17.60
S148,1486934633,20.10,11.00,19.70,17.90,0.20,17.60
S148,1486934932,20.10,11.10,19.60,17.80,0.20,17.60
S148,1486935231,20.10,11.10,19.60,17.80,0.20,17.60
S148,1486935530,20.00,11.10,19.60,17.90,0.20,17.60
S148,1486935829,20.00,11.20,19.50,17.90,0.20,17.60
S148,1486936128,20.00,11.20,19.50,18.00,0.20,17.60
S148,1486936427,19.90,11.30,19.50,18.00,0.20,17.60
S148,1486936726,19.90,11.30,19.50,18.00,0.20,17.60
S148,1486937025,19.90,11.90,19.40,18.40,0.20,17.60
S148,1486937324,19.80,11.80,19.40,18.50,0.20,17.60
S148,1486937623,19.80,11.80,19.40,18.50,0.20,17.60
S148,1486937922,19.80,11.80,19.40,18.40,0.20,17.60
S148,1486938221,19.70,11.70,19.40,18.40,0.20,17.60
S148,1486938520,19.70,11.70,19.30,18.40,0.20,17.60
S148,1486938819,19.70,11.70,19.30,18.40,0.20,17.60
S148,1486939118,19.60,11.60,19.30,18.40,0.20,17.60
S148,1486939417,19.60,11.70,19.30,18.40,0.20,17.60
S148,1486939716,19.60,11.70,19.30,18.50,0.20,17.60
S148,1486940015,19.60,11.80,19.20,18.50,0.20,17.60
S148,1486940314,19.50,11.70,19.20,18.50,0.20,17.60
S148,1486940613,19.50,11.70,19.10,18.50,0.20,17.60
S148,1486940912,19.50,11.80,19.20,18.50,0.20,17.60
S148,1486941211,19.50,11.80,19.10,18.50,0.20,17.60
S148,1486941510,19.40,11.80,19.10,18.50,0.20,17.60
S148,1486941809,19.40,11.70,19.10,18.50,0.20,17.60
S148,1486942108,19.40,11.70,19.00,18.40,0.20,17.60
S148,1486942407,19.40,11.80,19.00,18.40,0.20,17.60
S148,1486942706,19.40,11.80,19.00,18.40,0.20,17.60
S148,1486943005,19.30,11.70,19.00,18.40,0.20,17.60
S148,1486943304,19.30,11.70,19.00,18.40,0.20,17.60
S148,1486943603,19.30,11.70,18.90,18.30,0.20,17.60
S148,1486943902,19.30,11.70,18.90,18.40,0.20,17.60
S148,1486944201,19.20,11.70,18.90,18.40,0.20,17.60
S148,1486944500,19.20,11.70,18.90,18.40,0.20,17.60
S148,1486944799,19.20,11.70,18.80,18.40,0.20,17.60
S148,1486945098,19.10,11.70,18.80,18.50,0.20,17.60
S148,1486945397,19.10,11.80,18.70,18.50,0.20,17.60
S148,1486945696,19.10,11.80,18.60,18.50,0.20,17.60
S148,1486945995,19.00,11.80,18.50,18.50,0.20,17.60
S148,1486946294,19.00,11.90,18.50,18.70,0.20,17.60
S148,1486946593,18.90,11.80,18.50,18.70,0.20,17.60
S148,1486946892,18.90,12.00,18.40,18.70,0.20,17.60
S148,1486947191,18.90,12.00,18.40,18.80,0.20,17.60
S148,1486947490,18.80,12.00,18.40,18.90,0.20,17.60
S148,1486947789,18.80,12.00,18.30,18.80,0.20,17.60
S148,1486948088,18.70,12.00,18.30,18.90,0.20,17.60
S148,1486948387,18.70,12.00,18.20,18.80,0.20,17.60
S148,1486948686,18.70,12.10,18.30,18.90,0.20,17.60
S148,1486948985,18.70,12.20,18.30,18.80,0.20,17.60
S148,1486949284,18.70,12.20,18.40,18.90,0.20,17.60
S148,1486949583,18.60,12.10,18.40,18.80,0.20,17.60
S148,1486949882,18.60,12.10,18.40,18.80,0.20,17.60
S148,1486950182,18.60,12.10,18.40,18.80,0.20,17.60
S148,1486950481,18.60,12.20,18.40,18.80,0.20,17.60
S148,1486950780,18.60,12.10,18.40,18.80,0.20,17.60
S148,1486951079,18.60,12.20,18.30,18.80,0.20,17.60
S148,1486951378,18.60,12.20,18.20,18.80,0.20,17.60
S148,1486951677,18.50,12.20,18.20,18.90,0.20,17.60
S148,1486951976,18.50,12.20,18.20,18.90,0.20,17.60
S148,1486952275,18.50,12.30,18.10,19.00,0.20,17.60
S148,1486952574,18.50,12.30,18.10,19.00,0.20,17.60
S148,1486952873,18.40,12.30,18.00,19.00,0.20,17.60
S148,1486953172,18.40,12.40,18.00,19.10,0.20,17.60
S148,1486953471,18.40,12.50,18.00,19.20,0.20,17.60
S148,1486953770,18.30,12.50,18.00,19.30,0.20,17.60
S148,1486954069,18.30,12.60,17.90,19.30,0.20,17.60
S148,1486954368,18.30,12.70,18.00,19.50,0.20,17.60
S148,1486954667,18.30,12.80,18.00,19.40,0.20,17.60
S148,1486954966,18.30,12.80,18.00,19.40,0.20,17.60
S148,1486955265,18.20,12.80,18.10,19.50,0.20,17.60
S148,1486955564,18.20,12.80,18.10,19.50,0.20,17.60
S148,1486955863,18.30,12.90,18.10,19.50,0.20,17.60
S148,1486956162,18.20,12.90,18.10,19.50,0.20,17.60
S148,1486956461,18.30,12.90,18.10,19.50,0.20,17.60
S148,1486956760,18.30,13.00,18.10,19.50,0.20,17.60
S148,1486957059,18.20,12.90,18.00,19.50,0.20,17.60
S148,1486957358,18.20,12.90,18.00,19.50,0.20,17.60
S148,1486957657,18.20,12.90,18.10,19.40,0.20,17.60
S148,1486957956,18.20,12.80,18.20,19.30,0.20,17.60
S148,1486958255,18.20,12.80,18.20,19.20,0.20,17.60
S148,1486958554,18.20,12.80,18.30,19.20,0.20,17.60
S148,1486958853,18.30,13.00,18.40,19.20,0.20,17.60
S148,1486959152,18.30,12.90,18.40,19.20,0.20,17.60
S148,1486959451,18.30,12.90,18.50,19.20,0.20,17.60
S148,1486959750,18.40,13.00,18.50,19.10,0.20,17.60
S148,1486960049,18.40,13.00,18.60,19.30,0.20,17.60
S148,1486960348,18.40,13.00,18.60,19.20,0.20,17.60
S148,1486960647,18.50,13.00,18.60,19.10,0.20,17.60
S148,1486960946,18.50,13.00,18.70,19.20,0.20,17.60
S148,1486961245,18.50,12.90,18.70,19.10,0.20,17.60
S148,1486961544,18.50,12.90,18.80,19.10,0.20,17.60
S148,1486961843,18.60,12.80,18.80,19.10,0.20,17.60
S148,1486962142,18.60,12.80,18.90,19.00,0.20,17.60
S148,1486962441,18.60,12.80,18.90,19.00,0.20,17.60
S148,1486962740,18.70,12.80,19.00,19.00,0.20,17.60
S148,1486963039,18.70,12.80,19.00,18.90,0.20,17.60
S148,1486963338,18.80,12.80,19.00,18.90,0.20,17.60
S148,1486963637,18.80,12.80,19.10,18.90,0.20,17.60
S148,1486963936,18.80,12.70,19.10,18.90,0.20,17.60
S148,1486964235,18.90,12.80,19.10,18.90,0.20,17.60
S148,1486964534,18.90,12.70,19.20,18.90,0.20,17.60
S148,1486964833,18.90,12.70,19.20,18.90,0.20,17.60
S148,1486965132,19.00,12.80,19.20,18.90,0.20,17.60
S148,1486965431,19.00,12.70,19.30,18.90,0.20,17.60
S148,1486965730,19.00,12.70,19.30,18.90,0.20,17.60
S148,1486966029,19.10,12.70,19.40,18.90,0.20,17.60
S148,1486966328,19.10,12.70,19.40,18.90,0.20,17.60
S148,1486966627,19.10,12.70,19.40,18.90,0.20,17.60
S148,1486966926,19.20,12.80,19.40,18.90,0.20,17.60
S148,1486967225,19.20,12.80,19.50,18.90,0.20,17.60
S148,1486967524,19.20,12.70,19.50,18.90,0.20,17.60
S148,1486967823,19.30,12.80,19.50,18.90,0.20,17.60
S148,1486968122,19.30,12.80,19.60,19.00,0.20,17.60
S148,1486968421,19.30,12.80,19.60,18.90,0.20,17.60
S148,1486968720,19.40,12.80,19.60,18.90,0.20,17.60
S148,1486969019,19.40,12.80,19.60,18.90,0.20,17.60
S148,1486969318,19.40,12.90,19.60,18.90,0.20,17.60
S148,1486969617,19.40,13.20,19.70,19.60,0.20,17.60
S148,1486969916,19.50,13.40,19.80,19.60,0.20,17.60
S148,1486970215,19.50,13.40,19.80,19.60,0.20,17.60
S148,1486970514,19.50,13.60,19.90,19.70,0.20,17.60
S148,1486970813,19.60,13.60,20.00,19.70,0.20,17.60
S148,1486971112,19.60,13.80,20.10,19.70,0.20,17.60
S148,1486971411,19.70,13.60,20.10,19.70,0.20,17.60
