Device,Time,DHT1-OUT Temp,DHT1-OUT Hum,DHT2-IN Temp,DHT2-IN Hum,Soil,Infrared
S145,1486911899,20.90,14.00,21.10,12.10,0.10,17.50
S145,1486912198,20.90,13.80,21.10,12.10,0.10,17.50
S145,1486912497,20.80,14.00,21.10,12.10,0.10,17.50
S145,1486912796,21.00,14.10,21.10,12.10,0.10,17.50
S145,1486913095,21.00,15.00,21.10,12.10,0.10,17.50
S145,1486913394,21.00,14.40,21.10,12.10,0.10,17.50
S145,1486913693,21.00,14.90,21.10,12.70,0.10,17.50
S145,1486913992,21.00,14.50,21.10,12.10,0.10,17.50
S145,1486914291,21.00,14.50,21.10,12.10,0.10,17.50
S145,1486914590,20.90,14.30,21.00,12.00,0.10,17.50
S145,1486914889,21.00,14.30,21.00,12.00,0.10,17.50
S145,1486915188,20.90,14.50,21.00,12.00,0.10,17.50
S145,1486915487,21.00,14.60,21.10,12.10,0.10,17.50
S145,1486915786,21.00,14.80,21.10,12.40,0.10,17.50
S145,1486916085,21.00,15.50,21.20,13.20,0.10,17.50
S145,1486916384,21.00,15.20,21.20,13.10,0.10,17.50
S145,1486916683,21.10,15.20,21.30,13.20,0.10,17.50
S145,1486916982,21.10,15.70,21.30,13.20,0.10,17.50
S145,1486917281,21.10,15.40,21.20,13.20,0.10,17.50
S145,1486917580,21.10,15.80,21.20,13.60,0.10,17.50
S145,1486917879,21.00,15.70,21.20,13.30,0.10,17.50
S145,1486918178,21.00,15.70,21.20,13.70,0.10,17.50
S145,1486918477,21.00,15.70,21.20,13.70,0.10,17.50
S145,1486918776,21.00,15.70,21.20,13.50,0.10,17.50
S145,1486919076,21.00,15.70,22.20,13.30,0.10,17.50
S145,1486919375,21.10,15.80,21.70,13.40,0.10,17.50
S145,1486919674,21.00,15.70,21.40,13.60,0.10,17.50
S145,1486919974,21.00,15.70,21.30,13.70,0.10,17.50
S145,1486920273,21.00,15.70,21.20,13.70,0.10,17.50
S145,1486920572,21.00,15.70,21.20,13.60,0.10,17.50
S145,1486920871,21.00,15.70,21.20,13.80,0.10,17.50
S145,1486921171,21.00,15.80,21.20,13.90,0.10,17.50
S145,1486921470,21.00,16.20,21.20,14.40,0.10,17.50
S145,1486921769,21.10,16.80,21.30,14.80,0.10,17.50
S145,1486922068,21.90,17.20,21.40,14.30,0.10,17.50
S145,1486922368,21.70,16.20,21.20,14.00,0.10,17.50
S145,1486922667,21.90,22.50,21.30,14.20,0.10,17.50
S145,1486922967,21.70,16.20,22.40,13.00,0.10,17.50
S145,1486923266,21.60,16.10,21.80,13.90,0.10,17.50
S145,1486923565,21.60,16.10,21.50,14.60,0.10,17.50
S145,1486923864,21.50,16.10,21.30,14.10,0.10,17.50
S145,1486924163,21.40,16.00,21.20,14.00,0.10,17.50
S145,1486924462,21.40,16.00,21.20,14.00,0.10,17.50
S145,1486924762,21.30,16.10,21.20,14.10,0.10,17.50
S145,1486925061,21.30,16.10,21.20,14.10,0.10,17.50
S145,1486925360,21.20,16.20,21.20,14.10,0.10,17.50
S145,1486925659,21.20,16.20,21.20,14.10,0.10,17.50
S145,1486925959,21.20,16.20,21.20,14.10,0.10,17.50
S145,1486926258,21.20,16.20,21.20,14.10,0.10,17.50
S145,1486926557,21.20,16.30,21.20,14.10,0.10,17.50
S145,1486926856,21.20,16.40,21.20,14.10,0.10,17.50
S145,1486927155,21.10,16.30,21.20,14.10,0.10,17.50
S145,1486927454,21.10,16.30,21.20,14.10,0.10,17.50
S145,1486927753,21.10,16.40,21.20,14.10,0.10,17.50
S145,1486928052,21.10,16.30,21.10,14.10,0.10,17.50
S145,1486928352,21.10,16.40,21.10,14.10,0.10,17.50
S145,1486928651,21.10,16.30,21.10,14.20,0.10,17.50
S145,1486928950,21.10,16.70,21.10,14.50,0.10,17.50
S145,1486929249,21.10,16.80,21.10,14.50,0.10,17.50
S145,1486929548,21.10,16.80,21.20,14.60,0.10,17.50
S145,1486929847,21.10,16.80,21.20,14.60,0.10,17.50
S145,1486930146,21.10,16.90,21.20,14.70,0.10,17.50
S145,1486930445,21.10,17.00,21.20,14.80,0.10,17.50
S145,1486930745,21.00,16.90,21.10,14.70,0.10,17.50
S145,1486931044,21.00,17.40,21.20,19.40,0.10,17.50
S145,1486931343,21.00,17.20,21.10,15.00,0.10,17.50
S145,1486931642,21.10,17.20,21.20,14.90,0.10,17.50
S145,1486931941,21.00,17.10,21.20,14.80,0.10,17.50
S145,1486932240,21.00,17.20,21.20,15.00,0.10,17.50
S145,1486932540,21.00,17.10,21.10,14.80,0.10,17.50
S145,1486932839,21.10,17.40,21.10,15.20,0.10,17.50
S145,1486933138,21.10,17.70,21.10,15.60,0.10,17.50
S145,1486933437,21.10,17.50,21.00,15.30,0.10,17.50
S145,1486933736,21.10,17.40,21.00,15.20,0.10,17.50
S145,1486934035,21.00,17.30,21.00,15.10,0.10,17.50
S145,1486934334,21.10,17.40,21.00,15.10,0.10,17.50
S145,1486934633,21.00,17.30,21.00,15.10,0.10,17.50
S145,1486934932,21.00,17.40,21.00,15.20,0.10,17.50
S145,1486935231,21.00,17.40,21.00,15.30,0.10,17.50
S145,1486935530,21.00,17.50,21.00,15.40,0.10,17.50
S145,1486935829,21.00,17.50,21.00,15.40,0.10,17.50
S145,1486936128,21.00,17.60,21.00,15.40,0.10,17.50
S145,1486936427,21.00,17.60,21.00,15.40,0.10,17.50
S145,1486936726,21.00,17.60,21.00,15.40,0.10,17.50
S145,1486937025,21.00,17.70,21.00,15.50,0.10,17.50
S145,1486937324,21.00,17.70,21.00,15.60,0.10,17.50
S145,1486937623,21.00,17.70,20.90,15.60,0.10,17.50
S145,1486937922,20.90,17.80,21.00,15.70,0.10,17.50
S145,1486938221,20.90,17.90,21.00,15.80,0.10,17.50
S145,1486938520,20.90,18.20,21.10,16.10,0.10,17.50
S145,1486938819,21.00,18.50,21.10,15.80,0.10,17.50
S145,1486939118,21.00,18.60,21.20,16.20,0.10,17.50
S145,1486939417,21.00,18.30,21.20,16.00,0.10,17.50
S145,1486939716,21.00,18.10,21.10,15.80,0.10,17.50
S145,1486940015,21.00,18.20,20.90,16.10,0.10,17.50
S145,1486940315,21.00,18.10,20.80,16.00,0.10,17.50
S145,1486940614,20.90,18.00,20.70,16.00,0.10,17.50
S145,1486940913,20.90,18.00,20.60,16.00,0.10,17.50
S145,1486941212,20.90,18.00,20.50,16.00,0.10,17.50
S145,1486941511,20.80,18.00,20.50,16.10,0.10,17.50
S145,1486941810,20.80,18.00,20.40,16.10,0.10,17.50
S145,1486942109,20.70,17.90,20.30,16.10,0.10,17.50
S145,1486942408,20.70,18.00,20.30,16.20,0.10,17.50
S145,1486942707,20.60,18.00,20.20,16.20,0.10,17.50
S145,1486943006,20.60,18.00,20.20,16.20,0.10,17.50
S145,1486943305,20.60,18.10,20.10,16.20,0.10,17.50
S145,1486943604,20.50,18.10,20.10,16.30,0.10,17.50
S145,1486943903,20.50,18.20,20.00,16.30,0.10,17.50
S145,1486944202,20.40,18.20,20.00,16.40,0.10,17.50
S145,1486944501,20.40,18.30,19.90,16.40,0.10,17.50
S145,1486944800,20.40,18.40,19.90,16.50,0.10,17.50
S145,1486945099,20.30,18.40,19.80,16.60,0.10,17.50
S145,1486945398,20.30,18.50,19.80,16.60,0.10,17.50
S145,1486945697,20.20,18.50,19.80,16.60,0.10,17.50
S145,1486945996,20.20,18.40,19.70,16.60,0.10,17.50
S145,1486946295,20.20,18.50,19.70,16.60,0.10,17.50
S145,1486946594,20.10,18.50,19.70,16.60,0.10,17.50
S145,1486946893,20.10,18.60,19.60,16.70,0.10,17.50
S145,1486947192,20.10,18.70,19.60,16.70,0.10,17.50
S145,1486947491,20.00,18.70,19.60,16.80,0.10,17.50
S145,1486947790,20.00,19.20,19.60,17.00,0.10,17.50
S145,1486948089,20.00,19.20,19.50,17.30,0.10,17.50
S145,1486948388,19.90,19.20,19.50,17.30,0.10,17.50
S145,1486948687,19.90,19.20,19.50,17.20,0.10,17.50
S145,1486948986,19.90,19.20,19.50,17.20,0.10,17.50
S145,1486949285,19.90,19.20,19.50,17.20,0.10,17.50
S145,1486949584,19.80,19.10,19.40,17.10,0.10,17.50
S145,1486949883,19.80,19.10,19.40,17.10,0.10,17.50
S145,1486950183,19.80,19.10,19.40,17.20,0.10,17.50
S145,1486950482,19.70,19.00,19.30,17.20,0.10,17.50
S145,1486950781,19.70,19.00,19.30,17.20,0.10,17.50
S145,1486951080,19.70,19.00,19.30,17.20,0.10,17.50
S145,1486951379,19.70,19.00,19.30,17.20,0.10,17.50
S145,1486951678,19.70,19.00,19.20,17.20,0.10,17.50
S145,1486951977,19.60,19.00,19.20,17.20,0.10,17.50
S145,1486952276,19.60,19.00,19.20,17.30,0.10,17.50
S145,1486952575,19.60,19.00,19.20,17.20,0.10,17.50
S145,1486952874,19.50,18.90,19.10,17.20,0.10,17.50
S145,1486953173,19.50,18.90,19.10,17.20,0.10,17.50
S145,1486953472,19.50,18.90,19.10,17.20,0.10,17.50
S145,1486953771,19.50,18.90,19.10,17.20,0.10,17.50
S145,1486954070,19.40,18.80,19.10,17.10,0.10,17.50
S145,1486954369,19.40,18.80,19.00,17.10,0.10,17.50
S145,1486954668,19.40,18.80,19.00,17.10,0.10,17.50
S145,1486954967,19.40,18.80,19.00,17.10,0.10,17.50
S145,1486955266,19.30,18.80,18.90,17.10,0.10,17.50
S145,1486955565,19.30,18.80,18.90,17.10,0.10,17.50
S145,1486955864,19.30,18.80,18.90,17.20,0.10,17.50
S145,1486956163,19.30,18.80,18.80,17.20,0.10,17.50
S145,1486956462,19.20,18.70,18.70,17.30,0.10,17.50
S145,1486956761,19.20,18.70,18.70,17.40,0.10,17.50
S145,1486957060,19.10,18.60,18.70,17.40,0.10,17.50
S145,1486957359,19.10,18.60,18.60,17.50,0.10,17.50
S145,1486957658,19.10,18.60,18.60,17.60,0.10,17.50
S145,1486957957,19.00,18.60,18.50,17.60,0.10,17.50
S145,1486958256,19.00,18.60,18.50,17.60,0.10,17.50
S145,1486958555,18.90,18.50,18.40,17.60,0.10,17.50
S145,1486958854,18.90,18.50,18.40,17.70,0.10,17.50
S145,1486959153,18.90,18.60,18.40,17.70,0.10,17.50
S145,1486959452,18.80,18.80,18.40,17.70,0.10,17.50
S145,1486959751,18.80,18.90,18.40,17.70,0.10,17.50
S145,1486960050,18.80,18.80,18.40,17.70,0.10,17.50
S145,1486960349,18.80,18.90,18.40,17.60,0.10,17.50
S145,1486960648,18.80,18.90,18.50,17.60,0.10,17.50
S145,1486960947,18.70,18.90,18.50,17.60,0.10,17.50
S145,1486961246,18.70,18.90,18.50,17.60,0.10,17.50
S145,1486961545,18.70,18.90,18.50,17.60,0.10,17.50
S145,1486961844,18.70,18.90,18.50,17.60,0.10,17.50
S145,1486962143,18.70,19.00,18.40,17.60,0.10,17.50
S145,1486962442,18.70,19.10,18.30,17.70,0.10,17.50
S145,1486962741,18.70,19.10,18.30,17.80,0.10,17.50
S145,1486963040,18.60,19.10,18.20,17.80,0.10,17.50
S145,1486963339,18.60,19.10,18.20,17.90,0.10,17.50
S145,1486963638,18.60,19.10,18.20,18.10,0.10,17.50
S145,1486963937,18.50,19.20,18.10,18.30,0.10,17.50
S145,1486964236,18.50,19.20,18.10,18.30,0.10,17.50
S145,1486964535,18.50,19.40,18.10,18.30,0.10,17.50
S145,1486964834,18.50,19.40,18.00,18.20,0.10,17.50
S145,1486965133,18.40,19.50,18.00,18.20,0.10,17.50
S145,1486965432,18.40,19.60,18.00,18.20,0.10,17.50
S145,1486965731,18.40,19.70,18.10,18.30,0.10,17.50
S145,1486966030,18.40,19.70,18.20,18.30,0.10,17.50
S145,1486966329,18.40,19.70,18.20,18.30,0.10,17.50
S145,1486966628,18.40,19.80,18.20,18.30,0.10,17.50
S145,1486966927,18.40,19.90,18.20,18.30,0.10,17.50
S145,1486967226,18.40,19.80,18.20,18.30,0.10,17.50
S145,1486967525,18.40,19.80,18.20,18.30,0.10,17.50
S145,1486967824,18.40,19.80,18.20,18.80,0.10,17.50
S145,1486968123,18.40,19.90,18.10,18.30,0.10,17.50
S145,1486968422,18.30,19.70,18.10,18.30,0.10,17.50
S145,1486968721,18.30,19.80,18.20,18.30,0.10,17.50
S145,1486969020,18.30,19.70,18.30,18.40,0.10,17.50
S145,1486969319,18.30,19.70,18.40,18.10,0.10,17.50
S145,1486969618,18.40,19.80,18.40,18.00,0.10,17.50
S145,1486969917,18.40,19.90,18.50,18.10,0.10,17.50
S145,1486970216,18.40,19.80,18.60,17.90,0.10,17.50
S145,1486970515,18.40,19.80,18.60,18.00,0.10,17.50
S145,1486970814,18.40,19.80,18.70,18.00,0.10,17.50
S145,1486971113,18.50,19.90,18.70,18.00,0.10,17.50
S145,1486971412,18.50,19.80,18.80,18.00,0.10,17.50
S145,1486971711,18.50,19.90,18.80,18.00,0.10,17.50
S145,1486972010,18.50,19.80,18.80,17.90,0.10,17.50
S145,1486972309,18.60,19.80,18.90,17.90,0.10,17.50
S145,1486972608,18.60,20.20,18.90,17.80,0.10,17.50
S145,1486972907,18.70,19.70,19.00,17.70,0.10,17.50
S145,1486973206,18.70,19.70,19.00,17.70,0.10,17.50
S145,1486973505,18.70,19.60,19.10,17.70,0.10,17.50
S145,1486973804,18.80,19.70,19.10,17.50,0.10,17.50
S145,1486974103,18.80,19.60,19.20,17.60,0.10,17.50
S145,1486974402,18.80,19.60,19.20,17.50,0.10,17.50
S145,1486974701,18.90,19.60,19.20,17.50,0.10,17.50
S145,1486975000,18.90,19.60,19.30,17.60,0.10,17.50
S145,1486975299,18.90,19.60,19.30,17.50,0.10,17.50
S145,1486975598,19.00,19.60,19.30,17.50,0.10,17.50
S145,1486975897,19.00,19.60,19.30,17.50,0.10,17.50
S145,1486976196,19.00,19.50,19.40,17.50,0.10,17.50
S145,1486976495,19.00,19.50,19.50,17.60,0.10,17.50
S145,1486976794,19.10,19.50,19.40,17.30,0.10,17.50
S145,1486977093,19.10,19.50,19.50,17.50,0.10,17.50
S145,1486977392,19.20,19.50,19.50,17.50,0.10,17.50
S145,1486977691,19.20,19.50,19.60,17.40,0.10,17.50
S145,1486977990,19.20,19.50,19.60,17.50,0.10,17.50
S145,1486978289,19.30,19.60,19.60,17.30,0.10,17.50
S145,1486978588,19.30,19.50,19.60,17.50,0.10,17.50
S145,1486978887,19.30,19.50,19.60,17.60,0.10,17.50
S145,1486979186,19.30,19.50,19.70,17.50,0.10,17.50
S145,1486979485,19.40,19.60,19.70,17.50,0.10,17.50
S145,1486979784,19.40,19.50,19.70,17.60,0.10,17.50
S145,1486980083,19.40,19.50,19.80,17.60,0.10,17.50
S145,1486980382,19.40,19.50,19.80,17.50,0.10,17.50
S145,1486980681,19.50,20.00,19.90,18.10,0.10,17.50
S145,1486980980,19.50,20.10,19.90,18.60,0.10,17.50
S145,1486981279,19.60,20.30,20.00,18.20,0.10,17.50
S145,1486981578,19.60,20.30,20.10,18.20,0.10,17.50
S145,1486981877,19.60,20.30,20.20,18.30,0.10,17.50
S145,1486982176,19.70,20.50,20.20,18.10,0.10,17.50
S145,1486982475,19.80,20.40,20.30,18.40,0.10,17.50
S145,1486982774,19.80,20.40,20.30,18.30,0.10,17.50
S145,1486983073,19.90,20.30,20.40,18.30,0.10,17.50
S145,1486983372,19.90,20.30,20.40,18.30,0.10,17.50
