Device,Time,DHT1-OUT Temp,DHT1-OUT Hum,DHT2-IN Temp,DHT2-IN Hum,Soil,Infrared
S006,1484070119,22.00,9.60,21.40,8.60,0.20,17.60
S006,1484070418,21.70,9.80,21.20,8.50,0.20,17.60
S006,1484070717,21.50,10.00,21.20,8.70,0.20,17.60
S006,1484071016,21.50,10.40,21.20,8.80,0.20,17.60
S006,1484071315,21.60,10.50,21.30,8.90,0.20,17.60
S006,1484071614,21.80,10.60,21.60,9.10,0.20,17.60
S006,1484071913,21.90,10.70,21.60,9.10,0.20,17.60
S006,1484072212,21.90,10.70,21.60,9.30,0.20,17.60
S006,1484072511,21.90,10.70,21.60,9.50,0.20,17.60
S006,1484072810,21.80,10.60,21.50,9.70,0.20,17.60
Device,Time,DHT1-OUT Temp,DHT1-OUT Hum,DHT2-IN Temp,DHT2-IN Hum,Soil,Infrared
S006,1484070119,22.20,11.90,21.70,10.90,0.20,17.60
S006,1484070418,22.00,12.10,21.40,11.20,0.20,17.60
S006,1484070717,21.90,12.40,21.30,11.30,0.20,17.60
S006,1484071016,21.80,12.30,21.40,11.10,0.20,17.60
S006,1484071315,21.70,12.40,21.30,11.10,0.20,17.60
S006,1484071614,21.70,12.60,21.40,11.30,0.20,17.60
S006,1484071913,21.70,12.70,21.40,11.40,0.20,17.60
S006,1484072212,21.70,12.70,21.30,11.40,0.20,17.60
S006,1484072511,21.70,12.80,21.30,11.50,0.20,17.60
S006,1484072810,21.70,13.30,21.30,11.90,0.20,17.60
S006,1484073109,21.70,13.00,21.30,11.70,0.20,17.60
S006,1484073408,21.80,13.30,21.50,11.80,0.20,17.60
S006,1484073707,22.00,13.60,21.50,12.20,0.20,17.60
S006,1484074006,22.10,13.90,21.60,12.40,0.20,17.60
S006,1484074305,22.10,14.00,21.70,12.60,0.20,17.60
S006,1484074605,24.20,16.40,22.20,16.30,14.50,17.60
S006,1484074904,23.50,14.50,21.10,51.80,6.90,17.60
S006,1484075203,22.90,14.40,20.40,59.60,7.20,17.60
S006,1484075503,22.60,14.00,20.20,63.20,7.20,17.50
S006,1484075802,22.40,17.20,20.10,65.00,7.20,17.60
S006,1484076101,22.30,15.50,20.10,66.20,7.20,17.60
S006,1484076401,22.20,14.90,20.10,66.70,7.20,17.60
S006,1484076700,22.10,17.50,20.10,67.50,7.10,17.60
S006,1484077000,22.00,15.90,20.10,67.70,7.00,17.50
S006,1484077299,22.00,14.90,20.10,68.30,7.00,17.60
S006,1484077598,21.90,15.30,20.10,68.80,6.90,17.50
S006,1484077897,21.90,15.30,20.20,68.80,6.90,17.60
S006,1484078197,21.80,16.00,20.10,68.90,6.80,17.50
S006,1484078496,21.80,15.20,20.20,69.60,6.80,17.60
S006,1484078795,21.70,15.10,20.10,69.80,6.80,17.60
S006,1484079094,21.70,15.30,20.10,70.20,6.70,17.50
S006,1484079394,21.70,15.60,20.10,70.80,6.70,17.60
S006,1484079693,21.60,15.30,20.10,70.90,6.60,17.60
S006,1484079992,21.60,15.50,20.10,71.40,6.60,17.60
S006,1484080292,21.60,15.60,20.10,71.60,6.50,17.50
S006,1484080591,21.60,15.80,20.10,71.80,6.50,17.60
S006,1484080890,21.60,15.80,20.10,72.00,6.40,17.50
S006,1484081189,21.60,16.00,20.10,72.40,6.40,17.60
S006,1484081488,21.50,16.10,20.10,72.60,6.30,17.50
S006,1484081787,21.50,16.70,20.00,72.50,6.30,17.60
S006,1484082087,21.60,16.70,20.00,72.30,6.30,17.60
S006,1484082386,21.60,17.10,20.00,72.50,6.20,17.50
S006,1484082685,21.60,17.00,20.00,72.50,6.20,17.60
S006,1484082984,21.60,17.10,20.00,73.00,6.10,17.50
S006,1484083283,21.60,17.90,20.00,73.20,6.10,17.60
S006,1484083582,21.60,17.40,20.00,73.10,6.10,17.60
S006,1484083881,21.60,17.80,20.00,73.50,6.00,17.50
S006,1484084181,21.60,18.00,20.00,73.10,6.00,17.60
S006,1484084480,21.60,18.30,20.10,73.20,6.00,17.60
S006,1484084779,21.60,18.40,20.00,73.70,5.90,17.50
S006,1484085078,21.60,18.50,20.10,73.50,5.90,17.60
S006,1484085377,21.60,18.80,20.10,74.00,5.90,17.60
S006,1484085676,21.60,19.40,20.00,73.90,5.80,17.50
S006,1484085975,21.60,18.80,20.00,74.20,5.80,17.60
S006,1484086274,21.60,18.80,20.00,74.20,5.70,17.50
S006,1484086573,21.60,20.30,20.10,74.30,5.70,17.60
S006,1484086872,21.60,19.00,20.10,74.00,5.70,17.60
S006,1484087171,21.60,19.20,20.00,74.00,5.70,17.60
S006,1484087470,21.50,19.20,20.00,74.50,5.60,17.60
S006,1484087769,21.50,19.30,20.00,74.60,5.60,17.60
S006,1484088068,21.50,19.70,20.00,75.00,5.50,17.50
S006,1484088367,21.50,19.30,20.00,75.00,5.50,17.60
S006,1484088666,21.50,19.40,20.00,74.90,5.50,17.60
S006,1484088965,21.50,19.60,20.00,75.20,5.40,17.50
S006,1484089264,21.50,19.50,20.00,75.20,5.40,17.60
S006,1484089563,21.50,19.60,20.00,74.70,5.40,17.60
S006,1484089862,21.50,19.90,20.00,74.60,5.30,17.60
S006,1484090161,21.50,19.80,20.00,74.90,5.30,17.60
S006,1484090460,21.50,20.10,20.00,75.30,5.30,17.60
S006,1484090759,21.50,20.00,20.00,75.50,5.20,17.60
S006,1484091058,21.50,20.20,20.00,75.60,5.20,17.60
S006,1484091357,21.40,20.00,20.00,75.80,5.20,17.60
S006,1484091656,21.50,20.20,20.00,75.60,5.20,17.60
S006,1484091955,21.50,20.20,20.00,75.80,5.10,17.60
S006,1484092254,21.50,20.30,20.00,76.00,5.10,17.60
S006,1484092553,21.40,20.40,20.00,76.00,5.00,17.50
S006,1484092852,21.40,20.60,19.90,74.20,5.00,17.60
S006,1484093151,21.40,21.10,19.90,75.40,5.00,17.60
S006,1484093450,21.30,20.80,19.90,75.20,5.00,17.60
S006,1484093749,21.30,21.00,19.90,74.90,4.90,17.60
S006,1484094048,21.30,21.20,19.90,74.70,4.90,17.60
S006,1484094347,21.30,21.30,19.80,74.40,4.80,17.60
S006,1484094646,21.30,21.60,19.80,73.00,4.80,17.60
S006,1484094945,21.30,21.80,19.80,74.70,4.80,17.60
S006,1484095244,21.30,21.90,19.80,74.70,4.70,17.50
S006,1484095543,21.30,21.80,19.80,74.60,4.70,17.60
S006,1484095842,21.30,21.90,19.80,75.00,4.60,17.50
S006,1484096141,21.30,21.90,19.80,75.60,4.60,17.60
S006,1484096440,21.30,21.90,19.80,75.90,4.60,17.60
S006,1484096739,21.40,22.20,19.80,76.10,4.60,17.60
S006,1484097038,21.40,22.30,19.80,76.10,4.60,17.60
S006,1484097337,21.40,22.40,19.80,76.30,4.50,17.50
S006,1484097636,21.30,22.40,19.80,76.10,4.50,17.60
S006,1484097935,21.30,22.50,19.80,76.20,4.50,17.60
S006,1484098234,21.30,22.70,19.80,75.50,4.40,17.50
S006,1484098533,21.20,22.90,19.80,75.20,4.40,17.60
S006,1484098832,21.20,23.60,19.80,75.60,4.40,17.60
S006,1484099131,21.10,23.20,19.80,75.80,4.30,17.50
S006,1484099430,21.10,23.00,19.70,75.50,4.30,17.60
S006,1484099729,21.10,23.10,19.70,75.70,4.30,17.60
S006,1484100028,21.10,23.10,19.70,75.80,4.30,17.60
S006,1484100327,21.10,23.40,19.70,76.00,4.20,17.60
S006,1484100626,21.10,23.50,19.70,75.80,4.20,17.60
S006,1484100925,21.10,23.50,19.70,76.00,4.10,17.50
S006,1484101224,21.10,23.60,19.70,76.00,4.10,17.60
S006,1484101523,21.10,23.60,19.70,76.10,4.10,17.60
S006,1484101822,21.10,24.00,19.70,76.30,4.00,17.50
S006,1484102121,21.00,23.80,19.60,75.20,4.00,17.60
S006,1484102420,21.00,24.90,19.60,73.90,4.00,17.60
S006,1484102719,20.90,25.20,19.60,75.30,4.00,17.60
S006,1484103018,20.90,24.40,19.50,75.10,4.00,17.60
S006,1484103317,20.80,24.60,19.60,75.40,3.90,17.60
S006,1484103616,20.80,24.30,19.50,75.80,3.90,17.60
S006,1484103915,20.80,25.00,19.50,76.60,3.90,17.60
S006,1484104214,20.70,25.70,19.50,76.90,3.90,17.60
S006,1484104513,20.70,24.90,19.50,76.90,3.80,17.50
S006,1484104812,20.60,26.00,19.50,76.90,3.80,17.60
S006,1484105111,20.60,25.00,19.50,76.90,3.80,17.60
S006,1484105410,20.60,25.60,19.40,76.80,3.80,17.60
S006,1484105709,20.60,25.40,19.40,76.80,3.70,17.50
S006,1484106008,20.50,25.70,19.40,76.80,3.70,17.50
S006,1484106307,20.50,25.90,19.40,76.90,3.70,17.60
S006,1484106606,20.50,25.90,19.40,76.80,3.70,17.60
S006,1484106905,20.50,25.90,19.40,77.50,3.60,17.50
S006,1484107204,20.60,26.00,19.40,77.20,3.60,17.50
S006,1484107503,20.60,26.00,19.40,77.50,3.60,17.60
S006,1484107802,20.60,26.00,19.40,77.50,3.60,17.60
S006,1484108101,20.60,26.00,19.40,77.40,3.60,17.60
S006,1484108401,20.50,27.20,19.40,77.60,3.60,17.60
S006,1484108700,20.50,26.20,19.30,77.40,3.50,17.60
S006,1484108999,20.50,26.70,19.40,77.80,3.60,17.60
S006,1484109298,20.50,27.70,19.30,77.90,3.50,17.50
S006,1484109597,20.60,28.40,19.30,77.90,3.50,17.60
S006,1484109896,20.60,28.50,19.30,78.00,3.50,17.60
S006,1484110195,20.60,28.40,19.30,78.10,3.50,17.60
S006,1484110494,20.60,28.20,19.40,78.20,3.50,17.60
S006,1484110793,20.60,28.10,19.40,78.20,3.40,17.50
S006,1484111092,20.60,28.00,19.30,78.10,3.40,17.60
S006,1484111391,20.50,28.10,19.30,78.20,3.40,17.60
S006,1484111690,20.50,31.10,19.30,77.70,3.40,17.60
S006,1484111989,20.60,33.10,19.30,78.20,3.40,17.60
S006,1484112288,20.60,31.20,19.30,78.30,3.40,17.60
S006,1484112587,20.60,30.20,19.30,78.30,3.40,17.60
S006,1484112886,20.60,29.70,19.30,78.30,3.40,17.60
S006,1484113185,20.50,29.50,19.30,78.30,3.30,17.60
S006,1484113484,20.50,29.00,19.30,78.40,3.30,17.60
S006,1484113783,20.50,28.70,19.30,78.50,3.30,17.60
S006,1484114082,20.50,28.50,19.30,78.30,3.30,17.60
S006,1484114381,20.50,28.40,19.30,78.50,3.30,17.60
S006,1484114680,20.40,28.40,19.20,78.50,3.30,17.60
S006,1484114979,20.40,28.60,19.30,78.60,3.20,17.50
S006,1484115278,20.40,28.10,19.20,78.30,3.20,17.60
S006,1484115577,20.40,28.10,19.20,78.50,3.20,17.60
S006,1484115876,20.40,27.90,19.20,78.60,3.20,17.60
S006,1484116175,20.40,28.30,19.20,78.60,3.20,17.60
S006,1484116474,20.40,27.80,19.20,78.50,3.10,17.50
S006,1484116773,20.40,28.50,19.20,78.30,3.10,17.60
S006,1484117072,20.40,27.90,19.20,78.40,3.10,17.60
S006,1484117371,20.30,27.70,19.20,78.80,3.10,17.60
S006,1484117670,20.30,27.70,19.10,78.60,3.10,17.60
S006,1484117969,20.30,28.50,19.10,78.60,3.10,17.60
S006,1484118268,20.30,27.80,19.10,78.50,3.10,17.60
S006,1484118567,20.30,27.70,19.10,78.70,3.10,17.60
S006,1484118866,20.30,28.00,19.10,78.60,3.00,17.60
S006,1484119165,20.30,28.40,19.10,78.80,3.00,17.60
S006,1484119464,20.30,28.00,19.10,78.80,3.00,17.60
S006,1484119763,20.30,28.20,19.10,78.90,3.00,17.60
S006,1484120062,20.30,29.00,19.10,78.90,3.00,17.60
S006,1484120361,20.30,28.50,19.10,79.00,2.90,17.60
S006,1484120660,20.30,28.80,19.00,77.90,2.90,17.60
S006,1484120959,20.30,28.90,19.10,78.90,3.00,17.60
S006,1484121258,20.30,29.30,19.10,78.40,2.90,17.60
S006,1484121557,20.30,29.80,19.00,78.90,2.90,17.60
S006,1484121856,20.20,29.70,19.00,78.90,2.90,17.60
S006,1484122155,20.20,29.40,19.00,78.90,2.90,17.60
S006,1484122454,20.20,29.90,19.00,78.70,2.90,17.60
S006,1484122753,20.20,30.00,19.00,78.90,2.80,17.50
S006,1484123052,20.20,29.80,19.00,79.00,2.90,17.60
S006,1484123351,20.20,29.90,19.00,79.10,2.80,17.60
S006,1484123650,20.20,30.20,19.00,79.10,2.80,17.60
S006,1484123949,20.20,30.30,19.00,79.10,2.80,17.60
S006,1484124248,20.20,30.50,19.00,79.00,2.80,17.60
S006,1484124547,20.20,30.70,19.00,79.20,2.80,17.60
S006,1484124846,20.20,31.00,19.00,78.50,2.80,17.60
S006,1484125145,20.20,31.00,19.00,79.20,2.80,17.60
S006,1484125444,20.10,30.50,19.00,79.40,2.80,17.60
S006,1484125743,20.10,30.60,18.90,78.90,2.80,17.60
S006,1484126042,20.10,31.60,18.90,78.50,2.80,17.60
S006,1484126341,20.10,31.50,18.90,78.20,2.70,17.60
S006,1484126640,20.10,31.00,18.90,78.20,2.70,17.60
S006,1484126939,20.10,31.50,18.90,78.50,2.70,17.60
S006,1484127238,20.10,31.20,18.90,78.10,2.70,17.60
S006,1484127537,20.10,31.90,18.90,78.70,2.70,17.60
S006,1484127836,20.10,31.30,18.90,78.40,2.70,17.60
S006,1484128135,20.10,31.50,18.90,78.50,2.70,17.60
S006,1484128434,20.10,32.00,18.90,78.30,2.70,17.60
S006,1484128733,20.10,31.20,18.90,78.30,2.60,17.50
S006,1484129032,20.10,31.90,18.90,78.80,2.60,17.60
S006,1484129331,20.10,31.60,18.90,78.50,2.60,17.60
S006,1484129630,20.10,31.40,18.90,78.60,2.60,17.60
S006,1484129929,20.10,31.50,18.90,78.80,2.60,17.60
S006,1484130228,20.10,31.30,18.90,77.90,2.60,17.60
S006,1484130527,20.10,31.20,18.90,79.40,2.60,17.60
S006,1484130826,20.20,31.30,18.90,78.90,2.60,17.60
S006,1484131125,20.30,31.10,18.90,79.30,2.60,17.60
S006,1484131424,20.30,30.90,18.90,79.30,2.60,17.60
S006,1484131723,20.40,30.80,18.90,79.30,2.60,17.60
S006,1484132022,20.40,30.70,18.90,79.30,2.60,17.60
S006,1484132321,20.50,31.80,18.90,79.30,2.60,17.60
S006,1484132620,20.60,30.60,19.00,79.30,2.50,17.60
S006,1484132919,20.60,30.50,19.00,79.30,2.50,17.50
S006,1484133218,20.60,30.60,19.00,79.30,2.50,17.60
S006,1484133517,20.70,31.30,19.00,79.40,2.50,17.50
S006,1484133816,20.70,30.50,19.00,79.40,2.50,17.60
S006,1484134115,20.70,30.30,19.00,79.40,2.50,17.60
S006,1484134414,20.70,31.20,19.10,79.50,2.50,17.60
S006,1484134713,20.70,30.50,19.10,79.50,2.50,17.60
S006,1484135012,20.70,31.50,19.10,79.50,2.50,17.60
S006,1484135311,20.70,30.00,19.10,79.50,2.50,17.60
S006,1484135610,20.70,30.00,19.20,79.60,2.50,17.60
S006,1484135909,20.80,30.00,19.20,79.60,2.50,17.60
S006,1484136208,20.80,30.50,19.20,79.60,2.50,17.60
S006,1484136507,20.80,30.00,19.20,79.40,2.50,17.60
S006,1484136806,20.80,29.80,19.20,79.50,2.50,17.60
S006,1484137105,20.80,29.90,19.20,79.10,2.40,17.50
S006,1484137404,20.70,29.70,19.20,79.40,2.50,17.60
S006,1484137703,20.80,29.70,19.20,79.20,2.50,17.60
S006,1484138002,20.80,29.60,19.20,79.20,2.50,17.60
S006,1484138301,20.80,29.30,19.20,79.50,2.40,17.60
S006,1484138600,20.90,29.50,19.20,79.50,2.40,17.60
S006,1484138899,20.90,29.10,19.20,79.50,2.40,17.60
S006,1484139198,20.90,29.10,19.30,79.50,2.40,17.50
S006,1484139497,20.90,28.90,19.30,79.70,2.40,17.60
S006,1484139796,20.90,28.80,19.30,79.50,2.40,17.60
S006,1484140095,20.90,28.80,19.20,78.90,2.40,17.60
S006,1484140394,20.90,29.00,19.30,79.50,2.40,17.60
S006,1484140693,20.90,28.70,19.20,79.60,2.40,17.60
S006,1484140992,20.90,30.00,19.20,79.40,2.40,17.60
S006,1484141291,20.90,29.20,19.30,79.70,2.40,17.60
S006,1484141590,21.00,28.90,19.30,79.70,2.40,17.60
S006,1484141889,21.10,29.40,19.40,79.80,2.40,17.60
S006,1484142188,21.10,28.90,19.40,79.80,2.40,17.60
S006,1484142487,21.10,28.80,19.40,79.70,2.40,17.60
S006,1484142786,21.20,29.10,19.40,79.70,2.30,17.50
S006,1484143085,21.20,28.90,19.40,79.70,2.30,17.50
S006,1484143384,21.30,29.40,19.50,79.70,2.40,17.60
S006,1484143683,21.30,29.40,19.50,79.70,2.30,17.50
S006,1484143982,21.30,28.80,19.60,79.70,2.30,17.60
S006,1484144281,21.40,28.00,19.60,79.70,2.30,17.60
S006,1484144580,21.40,28.00,19.60,79.70,2.30,17.60
S006,1484144879,21.50,28.40,19.60,79.70,2.30,17.50
S006,1484145178,21.50,28.00,19.60,79.40,2.30,17.50
S006,1484145477,21.50,28.40,19.70,79.50,2.30,17.50
S006,1484145776,21.60,27.10,19.70,79.40,2.30,17.60
S006,1484146075,21.60,27.50,19.70,79.40,2.30,17.60
S006,1484146374,21.60,26.70,19.70,79.40,2.30,17.60
S006,1484146674,21.60,27.80,19.80,79.70,2.30,17.60
S006,1484146973,21.60,26.70,19.80,79.80,2.30,17.60
S006,1484147272,21.60,26.70,19.80,79.70,2.30,17.60
S006,1484147571,21.60,26.70,19.80,79.80,2.30,17.60
S006,1484147870,21.60,27.20,19.80,78.90,2.30,17.60
S006,1484148169,21.90,28.60,19.90,79.70,2.30,17.60
S006,1484148468,22.00,28.20,19.90,79.60,2.30,17.60
S006,1484148767,21.90,26.90,19.90,79.50,2.30,17.60
S006,1484149066,21.90,28.30,20.00,79.70,2.30,17.60
S006,1484149365,21.80,25.50,20.00,79.80,2.30,17.60
S006,1484149664,21.80,25.40,20.00,79.80,2.30,17.60
S006,1484149963,21.70,24.90,20.00,79.80,2.30,17.60
S006,1484150262,21.70,24.70,20.00,79.70,2.30,17.60
S006,1484150561,21.80,26.80,20.00,79.80,2.30,17.60
S006,1484150860,21.80,25.00,20.00,79.80,2.30,17.60
S006,1484151159,21.70,24.10,20.00,79.90,2.20,17.50
S006,1484151458,21.80,23.80,20.10,79.80,2.20,17.60
S006,1484151757,21.80,23.00,20.10,79.90,2.20,17.50
S006,1484152056,21.80,24.10,20.10,79.90,2.20,17.60
S006,1484152355,21.80,23.00,20.10,80.00,2.20,17.60
S006,1484152654,21.90,23.80,20.10,80.00,2.20,17.60
S006,1484152953,21.90,23.70,20.10,78.70,2.20,17.60
S006,1484153252,21.90,22.70,20.10,79.90,2.20,17.60
S006,1484153551,21.90,21.80,20.20,80.10,2.20,17.60
S006,1484153850,21.90,21.90,20.20,80.10,2.20,17.60
S006,1484154149,21.90,22.30,20.20,80.10,2.20,17.60
S006,1484154448,21.90,21.70,20.20,80.20,2.20,17.60
S006,1484154747,21.90,21.20,20.20,80.20,2.20,17.60
S006,1484155046,22.00,22.20,20.20,80.10,2.20,17.60
S006,1484155345,22.00,21.40,20.30,80.20,2.20,17.60
S006,1484155644,22.10,21.40,20.30,80.20,2.20,17.60
S006,1484155943,22.10,20.50,20.30,80.20,2.20,17.60
S006,1484156242,22.10,20.40,20.30,80.30,2.20,17.60
S006,1484156541,22.10,23.10,20.30,80.30,2.20,17.60
S006,1484156840,22.10,20.00,20.30,80.30,2.20,17.60
S006,1484157139,22.10,20.40,20.30,80.30,2.20,17.60
S006,1484157438,22.10,20.10,20.40,80.40,2.20,17.60
S006,1484157737,22.10,19.90,20.40,80.40,2.10,17.60
S006,1484158036,22.10,19.10,20.40,80.40,2.10,17.60
S006,1484158335,22.10,20.10,20.40,80.40,2.10,17.60
S006,1484158634,22.20,20.00,20.40,80.30,2.10,17.60
S006,1484158933,22.20,19.70,20.40,80.30,2.10,17.60
S006,1484159232,22.20,20.90,20.40,80.40,2.10,17.60
S006,1484159531,22.20,19.20,20.40,80.40,2.10,17.60
S006,1484159830,22.20,19.20,20.40,80.50,2.10,17.60
S006,1484160129,22.10,19.10,20.40,80.50,2.10,17.60
S006,1484160428,22.10,19.70,20.40,80.50,2.10,17.60
S006,1484160727,22.10,20.60,20.40,80.50,2.10,17.60
S006,1484161026,22.10,19.80,20.40,80.50,2.10,17.60
S006,1484161325,22.10,20.30,20.40,80.60,2.10,17.60
S006,1484161624,22.10,19.10,20.50,80.70,2.10,17.60
S006,1484161923,22.10,20.00,20.40,80.70,2.10,17.60
S006,1484162222,22.00,19.00,20.40,80.60,2.10,17.60
S006,1484162521,22.00,20.10,20.40,80.70,2.10,17.60
S006,1484162820,22.10,19.10,20.40,80.70,2.10,17.60
S006,1484163119,22.10,20.70,20.40,80.70,2.00,17.60
S006,1484163418,22.10,19.10,20.40,80.50,2.00,17.60
S006,1484163717,22.10,19.10,20.40,80.80,2.00,17.50
S006,1484164016,22.10,19.10,20.50,80.80,2.00,17.60
S006,1484164315,22.10,19.10,20.40,80.80,2.00,17.60
S006,1484164614,22.10,19.10,20.40,80.80,2.00,17.60
S006,1484164913,22.40,21.60,20.50,80.60,1.90,17.60
S006,1484165212,22.30,19.20,20.50,80.70,1.80,17.60
S006,1484165511,22.30,18.90,20.50,80.80,1.70,17.60
S006,1484165810,22.20,19.20,20.50,80.70,1.70,17.60
S006,1484166109,22.30,19.20,20.50,80.70,1.70,17.60
S006,1484166408,22.30,18.80,20.50,80.40,1.70,17.60
S006,1484166707,22.30,18.40,20.50,80.40,1.70,17.60
S006,1484167006,22.30,18.40,20.50,80.60,1.60,17.50
S006,1484167305,22.30,18.20,20.60,80.50,1.60,17.60
S006,1484167604,24.40,25.30,20.50,78.60,1.50,17.60
S006,1484167903,23.80,19.80,20.60,79.90,1.20,17.60
S006,1484168202,23.20,18.70,20.50,80.10,1.20,17.60
S006,1484168501,22.90,21.40,20.50,80.00,1.10,17.60
S006,1484168800,22.60,19.40,20.50,75.80,1.10,17.60
S006,1484169099,22.50,19.40,20.60,80.10,1.10,17.60
S006,1484169398,22.30,20.50,20.60,80.40,1.10,17.60
S006,1484169697,22.20,19.20,20.50,80.30,1.10,17.60
S006,1484169996,22.10,19.10,20.60,80.20,1.10,17.60
S006,1484170295,22.10,19.70,20.50,80.20,1.10,17.60
S006,1484170594,22.10,23.00,20.50,80.30,1.10,17.60
S006,1484170893,22.00,19.00,20.60,80.30,1.00,17.60
S006,1484171192,22.20,19.20,20.60,79.50,0.20,17.60
S006,1484171491,22.20,19.20,20.50,80.20,0.20,17.60
S006,1484171790,22.20,19.20,20.50,80.20,0.20,17.60
S006,1484172089,22.20,19.20,20.50,80.20,0.20,17.60
S006,1484172388,22.20,19.20,20.50,80.10,0.20,17.60
S006,1484172687,22.20,19.70,20.60,79.80,0.20,17.60
S006,1484172986,22.20,19.60,20.60,80.20,0.20,17.60
S006,1484173285,22.30,19.80,20.60,80.50,0.20,17.60
S006,1484173584,22.20,19.90,20.60,80.20,0.20,17.60
S006,1484173883,22.20,20.30,20.60,80.50,0.20,17.60
S006,1484174182,22.20,21.80,20.60,79.90,0.20,17.60
S006,1484174481,22.30,20.50,20.60,80.40,0.20,17.60
S006,1484174780,22.20,20.40,20.60,80.20,0.20,17.60
S006,1484175079,22.20,20.70,20.60,80.30,0.20,17.60
S006,1484175378,22.10,20.50,20.60,79.40,0.20,17.60
S006,1484175677,22.10,20.60,20.60,78.50,0.20,17.60
S006,1484175976,22.10,20.90,20.60,79.30,0.20,17.60
S006,1484176275,22.10,21.30,20.60,78.00,0.20,17.60
S006,1484176574,22.10,20.80,20.60,79.50,0.20,17.60
S006,1484176873,22.10,20.70,20.60,79.70,0.20,17.60
S006,1484177172,22.00,21.40,20.60,80.20,0.20,17.60
S006,1484177471,23.70,28.10,20.60,80.50,0.20,17.60
S006,1484177770,22.70,21.20,20.60,80.90,0.20,17.60
S006,1484178069,22.50,22.90,20.60,81.00,0.20,17.60
S006,1484178368,22.30,21.10,20.60,81.10,0.20,17.60
S006,1484178667,22.10,21.70,20.60,80.90,0.20,17.60
S006,1484178966,22.00,21.00,20.60,81.10,0.20,17.60
S006,1484179265,22.00,22.10,20.60,80.80,0.20,17.60
S006,1484179564,22.00,21.30,20.70,80.80,0.20,17.60
S006,1484179863,21.90,22.30,20.60,80.20,0.20,17.60
S006,1484180162,22.00,22.50,20.60,80.80,0.20,17.60
S006,1484180461,22.00,22.70,20.70,81.10,0.20,17.60
S006,1484180760,22.00,22.80,20.70,80.80,0.20,17.60
S006,1484181059,21.90,21.50,20.60,78.30,0.20,17.60
S006,1484181358,21.90,21.70,20.70,80.40,0.20,17.60
S006,1484181657,21.90,21.40,20.60,80.70,0.20,17.60
S006,1484181956,21.90,25.30,20.60,80.70,0.20,17.60
S006,1484182255,21.90,21.70,20.60,80.70,0.20,17.60
S006,1484182554,21.90,21.60,20.60,81.00,0.20,17.60
S006,1484182853,21.90,21.50,20.60,81.10,0.20,17.60
S006,1484183152,21.90,21.50,20.70,81.20,0.20,17.60
S006,1484183451,21.80,21.50,20.60,79.90,0.20,17.60
S006,1484183750,21.80,21.60,20.60,80.80,0.20,17.60
S006,1484184049,21.70,21.90,20.60,80.80,0.20,17.60
S006,1484184348,21.70,22.20,20.50,80.80,0.20,17.60
S006,1484184647,21.70,21.70,20.50,80.40,0.20,17.60
S006,1484184947,21.70,21.80,20.50,80.50,0.20,17.60
S006,1484185246,21.60,23.00,20.40,80.30,0.20,17.60
S006,1484185545,21.60,23.30,20.40,80.60,0.20,17.60
S006,1484185844,21.60,22.30,20.40,80.70,0.20,17.60
S006,1484186143,21.50,22.90,20.40,80.40,0.20,17.60
S006,1484186442,21.50,23.20,20.30,80.50,0.20,17.60
S006,1484186741,21.50,22.70,20.30,80.70,0.20,17.60
S006,1484187040,21.50,23.20,20.30,80.60,0.20,17.60
S006,1484187339,21.50,23.00,20.30,80.80,0.20,17.60
S006,1484187638,21.50,23.10,20.30,80.90,0.20,17.60
S006,1484187937,21.40,23.10,20.30,80.80,0.20,17.60
S006,1484188236,21.40,23.10,20.30,80.70,0.20,17.60
S006,1484188535,21.40,23.20,20.20,80.30,0.20,17.60
S006,1484188834,21.30,24.00,20.20,80.80,0.20,17.60
S006,1484189133,21.30,23.40,20.20,80.50,0.20,17.60
S006,1484189432,21.30,24.70,20.20,80.90,0.20,17.60
S006,1484189731,21.20,23.80,20.20,80.80,0.20,17.60
S006,1484190030,21.20,23.80,20.10,81.10,0.20,17.60
S006,1484190329,21.10,24.00,20.10,81.10,0.20,17.60
S006,1484190628,21.10,24.80,20.10,81.20,0.20,17.60
S006,1484190927,21.10,24.40,20.10,81.40,0.20,17.60
S006,1484191226,21.10,24.50,20.00,81.20,0.20,17.60
S006,1484191525,21.10,24.50,20.00,81.30,0.20,17.60
S006,1484191824,21.00,24.50,20.00,81.40,0.20,17.60
S006,1484192123,21.00,25.00,20.00,81.60,0.20,17.60
S006,1484192422,20.90,24.50,20.00,81.30,0.20,17.60
S006,1484192721,20.90,24.80,20.00,81.80,0.20,17.60
S006,1484193020,20.90,24.80,19.90,81.70,0.20,17.60
S006,1484193319,20.90,24.90,19.90,81.10,0.20,17.60
S006,1484193618,20.90,25.00,19.90,81.60,0.20,17.60
S006,1484193917,20.90,25.00,19.90,81.80,0.20,17.60
S006,1484194216,20.90,25.20,19.80,81.50,0.20,17.60
S006,1484194515,20.80,26.10,19.90,82.00,0.20,17.60
S006,1484194814,20.80,26.10,19.90,81.80,0.20,17.60
S006,1484195113,20.90,25.60,19.90,81.70,0.20,17.60
S006,1484195412,20.90,26.00,19.90,81.60,0.20,17.60
S006,1484195711,20.90,29.90,19.90,81.70,0.20,17.60
S006,1484196010,20.90,26.20,19.90,82.50,0.20,17.60
S006,1484196309,20.90,26.20,19.90,81.80,0.20,17.60
S006,1484196608,20.90,27.70,19.90,81.90,0.20,17.60
S006,1484196907,20.90,26.50,19.90,81.70,0.20,17.60
S006,1484197206,21.00,27.20,19.90,81.80,0.20,17.60
S006,1484197505,21.00,27.20,19.90,81.90,0.20,17.60
S006,1484197804,21.00,28.80,19.90,81.90,0.20,17.60
S006,1484198103,21.00,27.70,19.90,81.80,0.20,17.60
S006,1484198402,21.00,27.80,19.90,81.70,0.20,17.60
S006,1484198701,21.00,28.70,19.90,81.90,0.20,17.60
S006,1484199000,20.90,27.90,19.90,81.50,0.20,17.60
S006,1484199299,20.90,27.80,19.90,81.20,0.20,17.60
S006,1484199598,20.90,28.30,19.90,81.70,0.20,17.60
S006,1484199897,20.90,29.00,19.90,81.40,0.20,17.60
S006,1484200196,20.90,28.50,19.80,81.80,0.20,17.60
S006,1484200495,20.90,28.90,19.80,81.90,0.20,17.60
S006,1484200794,20.80,29.20,19.80,81.70,0.20,17.60
S006,1484201093,20.80,29.40,19.80,82.00,0.20,17.60
S006,1484201392,20.80,29.10,19.80,82.00,0.20,17.60
S006,1484201691,20.80,29.40,19.80,81.90,0.20,17.60
S006,1484201990,20.80,29.80,19.70,81.90,0.20,17.60
S006,1484202289,20.70,29.60,19.70,81.60,0.20,17.60
S006,1484202588,20.70,29.70,19.70,81.90,0.20,17.60
S006,1484202887,20.70,30.30,19.70,81.90,0.20,17.60
S006,1484203186,20.70,30.00,19.70,81.90,0.20,17.60
S006,1484203485,20.70,30.30,19.70,81.90,0.20,17.60
S006,1484203784,20.70,30.40,19.70,81.70,0.20,17.60
S006,1484204083,20.70,30.80,19.70,81.90,0.20,17.60
S006,1484204382,20.70,30.80,19.70,81.60,0.20,17.60
S006,1484204681,20.70,31.00,19.70,81.90,0.20,17.60
S006,1484204980,20.70,31.10,19.70,81.90,0.20,17.60
S006,1484205279,20.70,31.60,19.70,81.90,0.20,17.60
S006,1484205578,20.70,31.80,19.60,81.70,0.20,17.60
S006,1484205877,20.70,31.90,19.60,81.80,0.20,17.60
S006,1484206176,20.70,32.30,19.60,81.60,0.20,17.60
S006,1484206475,20.70,32.70,19.60,81.50,0.20,17.60
S006,1484206774,20.70,34.00,19.60,81.80,0.20,17.60
S006,1484207073,20.70,35.70,19.60,81.80,0.20,17.60
S006,1484207372,20.70,33.10,19.70,81.90,0.20,17.60
S006,1484207671,20.70,35.40,19.70,81.90,0.20,17.60
S006,1484207970,20.70,35.70,19.70,81.90,0.20,17.60
S006,1484208269,20.80,35.30,19.70,81.90,0.20,17.60
S006,1484208568,20.80,34.90,19.70,81.90,0.20,17.60
S006,1484208867,20.80,34.90,19.70,81.90,0.20,17.60
S006,1484209166,20.80,34.00,19.70,81.90,0.20,17.60
S006,1484209465,20.80,33.80,19.70,81.90,0.20,17.60
S006,1484209764,20.80,36.80,19.70,81.50,0.20,17.60
S006,1484210063,20.80,36.40,19.70,80.00,0.20,17.60
S006,1484210362,20.80,34.20,19.70,81.70,0.20,17.60
S006,1484210661,20.80,35.00,19.70,81.90,0.20,17.60
S006,1484210960,20.80,34.30,19.70,81.90,0.20,17.60
S006,1484211259,20.80,34.50,19.70,81.40,0.20,17.60
S006,1484211558,20.80,35.70,19.70,81.90,0.20,17.60
S006,1484211857,20.80,34.90,19.70,81.60,0.20,17.60
S006,1484212156,20.80,34.90,19.70,81.80,0.20,17.60
S006,1484212455,20.80,34.90,19.70,81.70,0.20,17.60
S006,1484212754,20.80,36.60,19.70,81.90,0.20,17.60
S006,1484213053,20.80,35.30,19.70,81.80,0.20,17.60
S006,1484213352,20.80,34.90,19.70,81.20,0.20,17.60
S006,1484213651,20.80,34.90,19.70,81.60,0.20,17.60
S006,1484213950,20.80,36.10,19.70,81.90,0.20,17.60
S006,1484214249,20.80,34.90,19.70,81.90,0.20,17.60
S006,1484214548,20.80,35.70,19.70,81.90,0.20,17.60
S006,1484214847,20.80,35.10,19.70,81.40,0.20,17.60
S006,1484215146,20.80,35.50,19.70,81.80,0.20,17.60
S006,1484215445,20.80,39.40,19.70,81.30,0.20,17.60
S006,1484215744,20.80,36.10,19.70,81.90,0.20,17.60
S006,1484216043,20.80,39.30,19.70,81.90,0.20,17.60
S006,1484216342,20.80,35.80,19.70,81.70,0.20,17.60
S006,1484216641,20.80,36.30,19.70,81.90,0.20,17.60
S006,1484216940,20.80,37.30,19.70,81.90,0.20,17.60
S006,1484217239,20.80,37.00,19.70,81.90,0.20,17.60
S006,1484217538,20.90,36.30,19.70,81.90,0.20,17.60
S006,1484217837,20.90,36.70,19.70,81.90,0.20,17.60
S006,1484218136,21.00,36.90,19.70,81.90,0.20,17.60
S006,1484218435,21.00,36.40,19.80,82.00,0.20,17.60
S006,1484218734,21.00,36.60,19.80,82.00,0.20,17.60
S006,1484219033,21.10,36.70,19.80,82.00,0.20,17.60
S006,1484219332,21.10,36.20,19.80,82.00,0.20,17.60
S006,1484219631,21.10,36.10,19.80,82.00,0.20,17.60
S006,1484219930,21.10,39.50,19.80,82.00,0.20,17.60
S006,1484220229,21.10,38.70,19.90,82.10,0.20,17.60
S006,1484220528,21.20,37.30,19.90,82.10,0.20,17.60
S006,1484220827,21.10,37.20,19.90,82.10,0.20,17.60
S006,1484221126,21.20,35.70,19.90,82.10,0.20,17.60
S006,1484221425,21.20,40.40,19.90,82.10,0.20,17.60
S006,1484221724,21.20,37.50,19.90,81.30,0.20,17.60
S006,1484222023,21.20,36.30,19.90,81.20,0.20,17.60
S006,1484222322,21.20,38.80,19.90,81.60,0.20,17.60
S006,1484222621,21.20,38.10,19.90,82.00,0.20,17.60
S006,1484222920,21.20,38.20,20.00,82.20,0.20,17.60
S006,1484223220,21.20,38.00,19.90,82.10,0.20,17.60
S006,1484223519,21.20,36.40,20.00,82.10,0.20,17.60
S006,1484223818,21.20,36.20,20.00,81.60,0.20,17.60
S006,1484224117,21.20,36.20,20.00,82.00,0.20,17.60
S006,1484224416,21.20,36.30,20.00,82.20,0.20,17.60
S006,1484224715,21.20,36.80,20.00,82.00,0.20,17.60
S006,1484225014,21.20,37.70,20.00,82.10,0.20,17.60
S006,1484225313,21.20,38.60,20.00,82.20,0.20,17.60
S006,1484225612,21.30,36.40,20.00,82.20,0.20,17.60
S006,1484225911,21.30,38.60,20.00,82.10,0.20,17.60
S006,1484226210,21.30,37.40,20.00,82.00,0.20,17.60
S006,1484226509,21.30,37.40,20.10,82.10,0.20,17.60
S006,1484226808,21.30,38.40,20.10,82.20,0.20,17.60
S006,1484227107,21.30,41.60,20.10,82.30,0.20,17.60
S006,1484227406,21.40,40.50,20.10,82.00,0.20,17.60
S006,1484227705,21.40,39.80,20.10,81.90,0.20,17.60
S006,1484228004,21.50,40.20,20.20,82.00,0.20,17.60
S006,1484228303,21.60,42.70,20.20,81.90,0.20,17.60
S006,1484228602,21.60,38.60,20.20,81.90,0.20,17.60
S006,1484228901,21.60,42.20,20.20,81.60,0.20,17.60
S006,1484229200,21.70,40.30,20.30,81.90,0.20,17.60
S006,1484229499,21.70,40.80,20.30,81.70,0.20,17.60
S006,1484229798,21.70,41.40,20.40,81.70,0.20,17.60
S006,1484230097,21.80,38.10,20.40,81.00,0.20,17.60
S006,1484230396,21.90,42.90,20.40,81.50,0.20,17.60
S006,1484230695,21.90,43.40,20.50,81.40,0.20,17.60
S006,1484230994,21.90,42.30,20.50,81.40,0.20,17.60
S006,1484231293,22.00,40.20,20.50,80.90,0.20,17.60
S006,1484231592,22.00,42.30,20.60,81.30,0.20,17.60
S006,1484231891,22.10,41.40,20.60,81.40,0.20,17.60
S006,1484232190,22.10,44.40,20.60,81.30,0.20,17.60
S006,1484232489,22.10,40.00,20.70,80.80,0.20,17.60
S006,1484232788,22.10,40.10,20.60,81.00,0.20,17.60
S006,1484233087,22.20,39.00,20.70,81.20,0.20,17.60
S006,1484233386,22.30,39.70,20.70,80.80,0.20,17.60
S006,1484233685,22.40,40.10,20.80,80.00,0.20,17.60
S006,1484233984,22.50,40.60,20.80,80.20,0.20,17.60
S006,1484234283,22.80,40.60,21.00,81.10,0.20,17.60
S006,1484234582,22.70,38.20,21.20,81.60,0.20,17.60
S006,1484234881,22.60,37.70,21.20,81.60,0.20,17.60
S006,1484235180,22.50,36.90,21.20,81.80,0.20,17.60
S006,1484235479,22.50,37.30,21.20,81.90,0.20,17.60
S006,1484235778,22.40,38.20,21.20,81.90,0.20,17.60
S006,1484236077,22.40,37.70,21.20,81.90,0.20,17.60
S006,1484236376,22.40,39.00,21.20,82.00,0.20,17.60
S006,1484236675,22.40,39.20,21.20,82.20,0.20,17.60
S006,1484236974,22.40,37.50,21.20,82.40,0.20,17.60
S006,1484237273,22.40,38.10,21.20,82.40,0.20,17.60
S006,1484237572,22.40,40.20,21.20,82.50,0.20,17.60
S006,1484237871,22.40,38.30,21.20,82.60,0.20,17.60
S006,1484238170,22.40,39.00,21.20,82.50,0.20,17.60
S006,1484238469,22.40,38.30,21.20,82.50,0.20,17.60
S006,1484238768,22.40,38.40,21.30,82.60,0.20,17.60
S006,1484239067,22.40,39.00,21.30,82.50,0.20,17.60
S006,1484239366,22.40,39.40,21.30,82.30,0.20,17.60
S006,1484239665,22.40,39.60,21.30,81.40,0.20,17.60
S006,1484239964,22.40,38.70,21.30,81.20,0.20,17.60
S006,1484240263,22.40,38.90,21.40,81.90,0.20,17.60
S006,1484240562,22.50,41.30,21.40,81.90,0.20,17.60
S006,1484240861,22.70,39.00,21.40,81.60,0.20,17.60
S006,1484241160,22.80,38.40,21.50,81.90,0.20,17.60
S006,1484241459,22.90,41.90,21.40,81.70,0.20,17.60
S006,1484241758,22.90,42.70,21.50,81.60,0.20,17.60
S006,1484242057,22.90,40.40,21.50,81.60,0.20,17.60
S006,1484242356,23.00,39.90,21.60,80.60,0.20,17.60
S006,1484242655,24.20,39.40,21.60,81.40,0.20,17.60
S006,1484242954,23.40,37.20,21.60,81.80,0.20,17.60
S006,1484243253,23.40,41.70,21.70,82.00,0.20,17.60
S006,1484243552,23.30,40.00,21.70,81.80,0.20,17.60
S006,1484243851,24.30,59.10,21.70,82.20,0.20,17.60
S006,1484244150,24.60,39.00,21.80,82.20,0.20,17.60
S006,1484244449,24.10,44.60,21.80,82.20,0.20,17.60
S006,1484244748,24.00,37.70,21.90,81.90,0.20,17.60
S006,1484245047,23.90,43.40,21.90,82.10,0.20,17.60
S006,1484245346,23.60,46.90,21.90,82.20,0.20,17.60
S006,1484245645,23.40,45.70,21.90,82.30,0.20,17.60
S006,1484245944,23.30,43.80,21.90,82.30,0.20,17.60
S006,1484246243,23.20,40.60,21.90,82.40,0.20,17.60
S006,1484246542,23.10,45.70,21.90,82.40,0.20,17.60
S006,1484246841,23.00,44.00,22.00,82.50,0.20,17.60
S006,1484247140,23.00,42.90,22.00,82.60,0.20,17.60
S006,1484247439,22.90,44.00,22.00,82.60,0.20,17.60
S006,1484247738,22.90,40.50,22.00,82.50,0.20,17.60
S006,1484248037,22.90,44.10,22.00,82.50,0.20,17.60
S006,1484248336,22.90,47.20,22.00,82.60,0.20,17.60
S006,1484248635,22.90,48.00,22.00,82.60,0.20,17.60
S006,1484248934,22.90,45.30,22.00,82.70,0.20,17.60
S006,1484249233,22.90,41.60,22.10,82.80,0.20,17.60
S006,1484249532,23.00,39.60,22.10,82.80,0.20,17.60
S006,1484249831,23.00,42.60,22.10,82.80,0.20,17.60
S006,1484250130,23.00,40.60,22.10,82.90,0.20,17.60
S006,1484250429,23.00,46.50,22.10,82.80,0.20,17.60
S006,1484250728,23.00,39.90,22.10,82.90,0.20,17.60
S006,1484251027,23.30,38.50,22.60,51.40,0.20,17.60
S006,1484251326,23.90,39.60,22.70,76.40,24.70,17.70
S006,1484251625,25.00,50.80,22.10,78.40,18.70,17.70
S006,1484251924,26.10,35.60,22.00,81.60,19.80,17.60
S006,1484252223,25.00,35.70,22.00,83.40,19.10,17.60
S006,1484252522,24.40,36.50,21.90,81.50,18.70,17.60
S006,1484252821,24.00,36.90,21.90,82.40,18.30,17.60
S006,1484253120,23.90,37.50,21.90,82.20,18.00,17.60
S006,1484253419,23.80,37.50,22.00,82.70,17.80,17.70
S006,1484253718,23.70,37.40,21.90,83.50,17.60,17.60
S006,1484254017,23.70,37.40,21.90,83.30,17.50,17.60
S006,1484254316,23.60,37.40,22.00,84.10,17.30,17.60
S006,1484254615,23.60,38.70,22.00,84.10,17.20,17.60
S006,1484254914,23.50,37.60,22.00,83.20,17.10,17.60
S006,1484255213,23.50,37.80,22.00,84.20,17.30,17.70
S006,1484255512,23.40,37.70,22.00,84.60,17.30,17.60
S006,1484255811,23.40,38.00,22.00,84.00,17.20,17.60
S006,1484256110,23.30,37.70,21.90,84.10,17.10,17.60
S006,1484256409,23.30,37.70,21.90,83.50,17.00,17.60
S006,1484256708,23.30,37.70,21.90,84.10,17.00,17.60
S006,1484257007,23.30,37.70,21.90,84.10,16.90,17.60
S006,1484257306,23.30,38.70,21.90,84.30,16.90,17.60
S006,1484257605,23.30,37.90,21.90,84.10,16.80,17.60
S006,1484257904,23.20,37.80,21.90,84.40,16.80,17.60
S006,1484258203,23.20,37.80,22.00,84.60,16.80,17.60
S006,1484258502,23.20,37.70,21.90,84.70,16.90,17.60
S006,1484258801,23.20,37.70,22.00,84.80,16.90,17.60
S006,1484259100,23.20,37.70,21.90,84.10,16.80,17.60
S006,1484259399,23.20,37.80,22.00,85.00,16.70,17.60
S006,1484259698,23.10,37.90,21.90,84.10,16.70,17.60
S006,1484259997,23.10,37.90,21.90,84.40,16.70,17.70
S006,1484260296,23.10,37.80,21.90,84.50,16.60,17.60
S006,1484260595,23.10,37.90,21.90,84.60,16.60,17.60
S006,1484260894,23.10,37.90,21.90,84.10,16.60,17.60
S006,1484261193,23.10,38.00,21.90,84.20,16.50,17.60
S006,1484261493,23.10,38.10,21.90,84.60,16.70,17.60
S006,1484261792,23.10,38.00,21.90,85.10,16.70,17.60
S006,1484262091,23.10,37.90,21.90,84.80,16.60,17.60
S006,1484262390,23.10,37.80,21.90,85.10,16.60,17.60
S006,1484262689,23.10,37.80,21.90,85.10,16.50,17.60
S006,1484262988,23.10,37.60,21.90,85.30,16.50,17.60
S006,1484263287,23.00,37.50,21.90,85.40,16.50,17.60
S006,1484263586,23.00,37.50,21.90,85.40,16.40,17.60
S006,1484263885,23.00,37.30,21.90,85.40,16.40,17.60
S006,1484264184,22.90,37.40,21.90,85.50,16.40,17.60
S006,1484264483,22.90,38.00,21.90,85.60,16.30,17.60
S006,1484264782,22.90,37.40,21.90,85.60,16.60,17.60
S006,1484265081,22.80,37.40,21.80,85.60,16.50,17.60
S006,1484265380,22.80,37.50,21.80,85.30,16.40,17.60
S006,1484265679,22.80,37.50,21.80,85.20,16.40,17.70
S006,1484265978,22.80,37.60,21.80,85.60,16.40,17.60
S006,1484266277,22.70,37.70,21.70,85.60,16.30,17.60
S006,1484266576,22.70,37.80,21.70,85.60,16.30,17.70
S006,1484266875,22.70,37.90,21.70,85.70,16.30,17.60
S006,1484267174,22.70,37.90,21.70,85.50,16.20,17.60
S006,1484267473,22.70,38.00,21.70,85.80,16.40,17.60
S006,1484267772,22.60,37.90,21.70,86.00,16.30,17.60
S006,1484268071,22.60,38.10,21.70,86.00,16.20,17.60
S006,1484268370,22.60,38.20,21.70,86.10,16.40,17.70
S006,1484268669,22.60,38.20,21.70,86.10,16.30,17.60
S006,1484268968,22.60,38.20,21.60,86.10,16.30,17.60
S006,1484269267,22.60,38.20,21.60,86.00,16.20,17.60
S006,1484269566,22.60,38.30,21.60,86.10,16.20,17.60
S006,1484269865,22.50,38.30,21.60,86.10,16.20,17.60
S006,1484270164,22.50,38.40,21.60,86.10,16.10,17.60
S006,1484270463,22.60,38.50,21.60,86.00,16.30,17.60
S006,1484270762,22.60,38.50,21.60,86.30,16.20,17.60
S006,1484271061,22.60,38.40,21.60,86.00,16.20,17.60
S006,1484271360,22.60,38.50,21.60,86.40,16.10,17.60
S006,1484271659,22.50,38.40,21.60,86.40,16.10,17.60
S006,1484271958,22.50,38.40,21.60,86.30,16.10,17.60
S006,1484272257,22.50,39.10,21.60,86.40,16.10,17.70
S006,1484272556,22.50,38.50,21.50,86.00,16.20,17.60
S006,1484272855,22.50,38.70,21.50,86.30,16.10,17.60
S006,1484273154,22.50,38.60,21.50,86.40,16.00,17.60
S006,1484273453,22.50,38.70,21.50,86.30,16.20,17.60
S006,1484273752,22.50,38.60,21.50,86.10,16.10,17.60
S006,1484274051,22.50,38.70,21.50,86.30,16.10,17.60
S006,1484274350,22.50,38.70,21.50,86.40,16.00,17.60
S006,1484274649,22.50,38.60,21.50,86.40,16.00,17.60
S006,1484274948,22.50,38.70,21.50,86.50,16.00,17.60
S006,1484275247,22.40,38.60,21.50,86.50,16.00,17.60
S006,1484275546,22.50,38.70,21.50,86.50,16.00,17.60
S006,1484275845,22.40,39.00,21.50,86.50,16.00,17.60
S006,1484276144,22.40,38.90,21.50,86.50,16.00,17.60
S006,1484276443,22.40,38.80,21.40,86.40,16.10,17.60
S006,1484276742,22.40,39.50,21.40,86.40,16.00,17.70
S006,1484277041,22.40,39.40,21.40,86.50,15.90,17.60
S006,1484277340,22.40,39.00,21.40,86.40,16.10,17.60
S006,1484277639,22.40,39.00,21.40,86.50,16.00,17.60
S006,1484277938,22.40,39.10,21.40,86.50,15.90,17.60
S006,1484278237,22.40,39.00,21.40,86.50,15.90,17.60
S006,1484278536,22.40,39.10,21.40,86.50,15.90,17.60
S006,1484278835,22.40,39.30,21.40,86.50,15.80,17.60
S006,1484279134,22.40,39.20,21.40,86.40,15.90,17.60
S006,1484279433,22.50,39.20,21.40,86.40,16.00,17.60
S006,1484279732,22.50,39.20,21.40,86.50,15.90,17.60
S006,1484280031,22.50,39.00,21.40,86.50,15.90,17.60
S006,1484280330,22.60,38.90,21.40,86.50,15.90,17.60
S006,1484280629,22.60,38.80,21.40,86.50,15.90,17.60
S006,1484280928,22.60,38.80,21.50,86.50,15.90,17.70
S006,1484281227,22.60,38.90,21.50,86.50,15.90,17.60
S006,1484281526,22.60,39.10,21.50,86.50,15.80,17.60
S006,1484281825,22.60,38.80,21.50,86.50,15.80,17.60
S006,1484282124,22.70,40.30,21.50,86.10,15.80,17.60
S006,1484282423,22.80,40.10,21.50,86.30,16.00,17.60
S006,1484282722,22.90,39.40,21.50,86.40,15.90,17.60
S006,1484283021,22.90,39.00,21.60,86.60,15.90,17.60
S006,1484283320,22.90,38.80,21.60,86.60,15.90,17.60
S006,1484283619,22.90,38.60,21.60,87.30,15.90,17.60
S006,1484283918,22.90,39.00,21.60,86.60,16.00,17.60
S006,1484284217,22.80,38.30,21.60,86.60,16.00,17.60
S006,1484284516,22.80,38.40,21.60,86.50,15.90,17.60
S006,1484284815,22.80,38.20,21.60,86.40,15.90,17.60
S006,1484285114,22.80,38.20,21.60,86.50,15.90,17.60
S006,1484285413,22.80,38.20,21.60,86.60,16.10,17.60
S006,1484285712,22.80,38.40,21.60,86.60,16.00,17.60
S006,1484286011,22.80,38.90,21.60,86.50,15.90,17.60
S006,1484286310,22.80,38.10,21.60,86.40,16.10,17.70
S006,1484286609,22.70,38.20,21.60,86.40,15.90,17.60
S006,1484286908,22.70,38.20,21.60,86.40,15.90,17.60
S006,1484287207,22.70,38.20,21.60,86.60,15.90,17.70
S006,1484287506,22.60,38.20,21.60,86.50,15.80,17.60
S006,1484287805,22.60,38.20,21.60,86.40,15.80,17.60
S006,1484288104,22.60,38.30,21.50,86.50,15.80,17.60
S006,1484288403,22.50,38.20,21.50,86.50,16.00,17.60
S006,1484288702,22.50,38.30,21.50,86.60,15.80,17.60
S006,1484289001,22.50,38.30,21.50,86.70,15.80,17.60
S006,1484289300,22.50,38.30,21.50,86.80,15.80,17.70
S006,1484289599,22.40,38.10,21.50,86.60,15.70,17.60
S006,1484289898,22.40,38.10,21.40,86.40,15.70,17.60
S006,1484290197,22.40,38.50,21.40,86.70,15.70,17.60
S006,1484290496,22.40,37.90,21.40,86.70,15.80,17.60
S006,1484290795,22.50,38.00,21.40,86.70,15.70,17.60
S006,1484291094,22.40,37.30,21.50,86.80,15.60,17.60
S006,1484291393,22.40,37.00,21.40,86.70,15.80,17.60
S006,1484291692,22.40,36.40,21.40,86.50,15.70,17.70
S006,1484291991,22.40,36.30,21.40,86.60,15.70,17.60
S006,1484292290,22.30,36.00,21.40,86.30,15.60,17.60
S006,1484292589,22.30,35.10,21.30,85.10,15.60,17.70
S006,1484292888,22.30,34.30,21.30,85.60,15.50,17.60
S006,1484293187,22.20,34.00,21.30,85.20,15.40,17.60
S006,1484293486,22.20,33.20,21.20,84.90,15.40,17.60
S006,1484293785,22.10,32.70,21.20,86.00,15.40,17.60
S006,1484294084,22.10,32.20,21.20,85.30,15.40,17.70
S006,1484294383,22.10,31.80,21.10,85.60,15.60,17.70
S006,1484294682,22.00,31.20,21.10,84.40,15.40,17.60
S006,1484294981,22.00,31.00,21.10,84.90,15.40,17.60
S006,1484295280,22.00,30.30,21.00,83.80,15.30,17.60
S006,1484295579,21.90,29.70,21.00,85.90,15.30,17.70
S006,1484295878,21.90,29.30,21.00,86.10,15.20,17.60
S006,1484296177,21.90,28.80,21.00,85.40,15.20,17.60
S006,1484296476,21.80,28.30,21.00,85.50,15.20,17.60
S006,1484296775,21.70,27.70,20.90,84.40,15.10,17.60
S006,1484297074,21.70,27.30,20.90,86.20,15.10,17.60
S006,1484297373,21.70,27.00,20.80,85.80,15.30,17.60
S006,1484297672,21.60,26.70,20.80,85.40,15.10,17.60
S006,1484297971,21.60,26.70,20.70,85.80,15.10,17.60
S006,1484298270,21.50,25.90,20.70,86.30,15.00,17.60
S006,1484298569,21.50,25.90,20.70,86.80,15.00,17.60
S006,1484298868,21.40,25.20,20.70,86.80,15.10,17.60
S006,1484299167,21.40,24.80,20.70,86.80,15.00,17.60
S006,1484299466,21.30,24.40,20.60,86.60,15.00,17.70
S006,1484299766,21.30,24.10,20.50,86.00,14.90,17.60
S006,1484300065,21.30,23.90,20.50,84.90,14.90,17.60
S006,1484300364,21.30,23.60,20.50,86.00,15.00,17.60
S006,1484300663,21.20,23.20,20.50,86.20,14.90,17.60
S006,1484300962,21.20,23.00,20.40,86.50,14.80,17.60
S006,1484301261,21.10,22.60,20.40,86.20,14.80,17.60
S006,1484301560,21.10,22.40,20.40,86.20,14.80,17.60
S006,1484301859,21.00,22.00,20.30,85.90,14.80,17.70
S006,1484302158,21.00,21.70,20.30,86.50,14.70,17.60
S006,1484302457,21.00,21.70,20.30,86.70,14.70,17.70
S006,1484302756,20.90,21.50,20.30,87.20,14.60,17.60
S006,1484303055,21.00,21.10,20.20,87.10,14.60,17.60
S006,1484303354,21.00,20.70,20.20,87.10,14.80,17.60
S006,1484303653,21.00,20.50,20.20,87.10,14.70,17.60
S006,1484303952,21.10,20.50,20.20,87.10,14.60,17.60
S006,1484304251,21.10,20.20,20.20,87.10,14.60,17.60
S006,1484304550,21.10,20.10,20.10,87.00,14.60,17.60
S006,1484304849,21.10,19.90,20.20,87.10,14.50,17.60
S006,1484305148,21.10,19.60,20.10,87.00,14.60,17.70
S006,1484305447,21.10,19.50,20.10,87.00,14.50,17.60
S006,1484305746,21.10,19.30,20.10,87.00,14.50,17.60
S006,1484306045,21.10,19.80,20.10,87.00,14.50,17.60
S006,1484306344,21.10,18.90,20.10,87.00,14.70,17.70
S006,1484306643,21.10,19.30,20.10,87.00,14.60,17.60
S006,1484306942,21.10,18.40,20.10,87.00,14.50,17.60
S006,1484307241,21.20,18.50,20.10,87.00,14.50,17.60
S006,1484307540,21.20,18.50,20.10,87.00,14.50,17.70
S006,1484307839,21.10,18.40,20.10,87.00,14.40,17.60
S006,1484308138,21.10,18.40,20.10,87.00,14.40,17.60
S006,1484308437,21.10,18.40,20.00,86.90,14.40,17.60
S006,1484308736,21.10,18.40,20.10,87.00,14.40,17.60
S006,1484309035,21.10,18.40,20.00,86.90,14.40,17.60
S006,1484309334,21.10,18.40,20.00,86.90,14.60,17.60
S006,1484309633,21.10,18.40,20.00,86.90,14.50,17.60
S006,1484309932,21.10,18.30,20.00,86.90,14.40,17.60
S006,1484310231,21.10,18.40,20.00,86.90,14.40,17.60
S006,1484310530,21.10,18.40,20.00,86.90,14.40,17.60
S006,1484310829,21.20,18.10,20.00,86.90,14.40,17.60
S006,1484311128,21.20,18.40,20.00,86.90,14.30,17.60
S006,1484311427,21.20,17.90,20.00,86.90,14.30,17.60
S006,1484311726,21.20,17.90,20.00,86.90,14.30,17.60
S006,1484312025,21.20,17.80,20.00,86.90,14.30,17.60
S006,1484312324,21.20,17.60,20.00,86.90,14.50,17.60
S006,1484312623,21.20,17.40,20.00,86.90,14.40,17.60
S006,1484312922,21.20,17.60,20.00,86.90,14.30,17.60
S006,1484313221,21.20,17.30,20.00,86.90,14.30,17.60
S006,1484313520,21.20,17.20,20.00,86.90,14.30,17.60
S006,1484313819,21.20,17.00,20.00,86.90,14.30,17.60
S006,1484314118,21.20,17.00,20.00,86.90,14.30,17.70
S006,1484314417,21.20,17.10,20.00,86.90,14.30,17.60
S006,1484314716,21.20,17.10,20.00,86.90,14.20,17.60
S006,1484315015,21.10,17.20,20.00,86.90,14.20,17.60
S006,1484315314,21.20,16.70,20.00,86.90,14.40,17.60
S006,1484315613,21.10,16.60,19.90,86.50,14.30,17.60
S006,1484315912,21.20,18.00,19.90,86.30,14.30,17.60
S006,1484316211,21.20,16.90,19.90,86.50,14.30,17.60
S006,1484316510,21.30,17.80,19.90,85.20,14.20,17.60
S006,1484316809,21.30,17.60,20.00,85.60,14.20,17.60
S006,1484317108,21.40,18.00,20.00,85.70,14.10,17.60
S006,1484317407,21.40,18.20,20.00,85.40,14.20,17.60
S006,1484317706,21.40,16.80,20.00,86.20,14.20,17.70
S006,1484318005,21.40,16.10,20.10,86.40,14.20,17.70
S006,1484318304,21.40,16.80,20.00,85.60,14.40,17.70
S006,1484318603,21.40,16.20,20.00,86.20,14.30,17.60
S006,1484318902,21.40,16.50,20.10,86.30,14.30,17.70
S006,1484319201,21.40,15.80,20.00,86.20,14.20,17.60
S006,1484319500,21.40,16.60,20.10,86.30,14.20,17.60
S006,1484319799,21.50,15.50,20.10,86.30,14.20,17.60
S006,1484320098,21.50,18.30,20.10,86.60,14.20,17.60
S006,1484320397,21.60,15.80,20.10,85.80,14.20,17.70
S006,1484320696,21.60,16.10,20.10,85.70,14.10,17.60
S006,1484320995,21.60,16.10,20.10,86.10,14.10,17.60
S006,1484321294,21.70,16.00,20.20,86.20,14.30,17.60
S006,1484321593,21.70,15.80,20.20,86.00,14.20,17.60
S006,1484321892,21.70,16.90,20.20,86.30,14.20,17.60
S006,1484322191,21.60,14.60,20.20,86.30,14.20,17.70
S006,1484322490,21.60,13.90,20.20,86.40,14.20,17.60
S006,1484322789,21.60,14.20,20.20,85.90,14.10,17.60
S006,1484323088,21.50,14.20,20.20,84.30,14.10,17.60
S006,1484323387,21.50,13.60,20.20,86.10,14.10,17.60
S006,1484323686,21.50,13.70,20.20,85.40,14.10,17.60
S006,1484323985,21.60,14.00,20.20,86.00,14.10,17.60
S006,1484324284,21.50,13.60,20.20,85.70,14.20,17.60
S006,1484324583,21.50,13.40,20.20,85.90,14.10,17.60
S006,1484324882,21.60,13.30,20.20,86.00,14.10,17.60
S006,1484325181,21.50,15.20,20.20,86.20,14.10,17.70
S006,1484325480,21.50,13.40,20.20,86.10,14.00,17.60
S006,1484325779,21.50,12.60,20.20,86.20,14.00,17.60
S006,1484326078,21.50,13.00,20.20,86.40,14.00,17.60
S006,1484326377,21.50,12.60,20.20,86.50,14.00,17.60
S006,1484326676,21.50,12.50,20.20,86.00,14.00,17.60
S006,1484326975,21.50,12.80,20.20,86.10,13.90,17.60
S006,1484327274,21.60,12.50,20.20,85.90,14.10,17.60
S006,1484327573,21.60,12.10,20.20,86.10,14.00,17.60
S006,1484327872,21.60,12.10,20.20,84.60,14.00,17.70
S006,1484328171,21.60,11.80,20.30,86.30,14.00,17.60
S006,1484328470,21.60,11.90,20.20,86.00,13.90,17.60
S006,1484328769,21.70,11.60,20.30,86.30,13.90,17.60
S006,1484329068,21.70,13.50,20.30,86.10,13.90,17.60
S006,1484329367,21.80,13.20,20.30,85.80,13.80,17.60
S006,1484329666,21.80,11.70,20.30,86.00,13.90,17.70
S006,1484329965,21.80,11.10,20.30,85.70,13.80,17.60
S006,1484330264,21.80,12.40,20.30,85.50,14.00,17.60
S006,1484330563,21.80,14.80,20.30,86.00,13.90,17.60
S006,1484330862,21.90,12.00,20.30,85.00,13.90,17.70
S006,1484331161,21.80,10.60,20.40,85.70,13.90,17.60
S006,1484331460,21.80,10.50,20.40,85.90,13.80,17.60
S006,1484331759,21.80,10.20,20.30,85.80,13.80,17.60
S006,1484332058,21.80,10.00,20.30,85.70,13.80,17.70
S006,1484332357,21.80,10.00,20.40,85.90,13.70,17.60
S006,1484332656,21.80,10.10,20.30,85.70,13.70,17.60
S006,1484332955,21.80,9.80,20.30,85.80,13.70,17.60
S006,1484333254,21.80,9.80,20.30,85.50,13.80,17.60
S006,1484333553,21.80,9.80,20.30,85.70,13.70,17.60
S006,1484333852,21.80,9.90,20.30,85.70,13.70,17.60
S006,1484334151,21.70,9.30,20.30,85.90,13.70,17.60
S006,1484334450,21.70,9.50,20.30,85.70,13.70,17.60
S006,1484334749,21.70,9.40,20.30,85.80,13.60,17.60
S006,1484335048,21.70,9.10,20.30,85.30,13.60,17.60
S006,1484335347,21.70,9.30,20.30,85.90,13.60,17.60
S006,1484335646,21.70,9.30,20.30,85.90,13.60,17.60
S006,1484335945,21.60,9.00,20.30,85.90,13.60,17.60
S006,1484336244,21.60,9.10,20.30,85.80,13.80,17.60
S006,1484336543,21.60,8.90,20.30,86.10,13.70,17.70
S006,1484336842,21.60,8.70,20.30,84.40,13.60,17.60
S006,1484337141,21.60,8.50,20.30,85.80,13.50,17.60
S006,1484337440,21.60,8.40,20.30,86.00,13.50,17.60
S006,1484337739,21.60,9.30,20.30,85.90,13.50,17.60
S006,1484338039,21.70,8.80,20.30,85.80,13.50,17.60
S006,1484338338,22.00,8.90,20.30,85.70,13.50,17.60
S006,1484338637,22.50,8.30,20.30,86.10,13.50,17.60
S006,1484338936,22.00,7.70,20.30,85.60,13.50,17.60
S006,1484339235,21.90,7.40,20.30,86.10,13.60,17.60
S006,1484339534,21.70,7.10,20.30,86.00,13.50,17.60
S006,1484339833,21.70,7.80,20.30,85.80,13.50,17.60
S006,1484340132,21.60,6.50,20.30,86.10,13.40,17.60
S006,1484340431,21.50,6.30,20.30,86.30,13.40,17.60
S006,1484340730,21.50,6.40,20.30,86.30,13.40,17.60
S006,1484341029,21.50,6.10,20.30,86.40,13.40,17.60
S006,1484341328,21.40,5.70,20.20,86.30,13.30,17.60
S006,1484341627,21.30,5.70,20.20,86.30,13.30,17.60
S006,1484341926,21.30,5.40,20.20,86.50,13.30,17.60
S006,1484342225,21.30,5.40,20.20,86.40,13.50,17.60
S006,1484342524,21.30,5.20,20.10,86.50,13.40,17.60
S006,1484342823,21.20,5.10,20.10,86.30,13.30,17.60
S006,1484343122,21.20,4.90,20.10,86.40,13.30,17.60
S006,1484343421,21.20,4.70,20.10,86.40,13.30,17.60
S006,1484343720,21.20,4.70,20.00,86.30,13.20,17.60
S006,1484344019,21.20,4.80,20.00,86.40,13.20,17.60
S006,1484344318,21.20,4.60,20.00,85.50,13.20,17.60
S006,1484344617,21.20,4.40,20.00,86.30,13.20,17.60
S006,1484344916,21.20,4.50,20.00,87.10,13.10,17.60
S006,1484345215,21.20,4.30,20.10,86.30,13.40,17.60
S006,1484345514,21.20,4.30,20.00,86.10,13.20,17.60
S006,1484345813,21.20,4.60,20.00,85.30,13.20,17.60
S006,1484346112,21.20,4.20,20.00,86.20,13.20,17.60
S006,1484346411,21.20,4.10,20.00,86.00,13.10,17.60
S006,1484346710,21.20,4.00,20.00,86.30,13.10,17.60
S006,1484347009,21.20,4.00,20.00,86.20,13.10,17.60
S006,1484347308,21.20,4.00,20.00,86.30,13.00,17.60
S006,1484347607,21.10,3.70,20.00,86.10,13.00,17.60
S006,1484347906,21.10,3.60,20.00,86.20,13.00,17.60
S006,1484348205,21.10,3.50,20.00,86.30,13.10,17.60
S006,1484348504,21.10,3.70,20.00,85.70,13.00,17.60
S006,1484348803,21.20,4.00,19.90,85.80,13.00,17.60
S006,1484349102,21.20,3.90,19.90,86.00,12.90,17.60
S006,1484349401,21.10,3.70,19.90,86.40,12.90,17.60
S006,1484349700,21.10,3.70,19.90,86.10,12.90,17.60
S006,1484349999,21.10,3.70,19.90,86.20,12.90,17.60
S006,1484350298,21.10,3.70,19.90,86.40,12.90,17.60
S006,1484350597,21.10,3.90,19.90,86.40,12.90,17.60
S006,1484350896,21.20,4.10,19.90,85.80,12.80,17.60
S006,1484351195,21.10,4.20,19.90,86.40,13.00,17.60
S006,1484351494,21.10,4.30,19.90,86.60,12.90,17.60
S006,1484351793,21.10,4.60,19.90,86.00,12.80,17.60
S006,1484352092,21.10,4.60,19.90,86.30,12.80,17.60
S006,1484352391,21.10,4.60,19.90,86.80,12.80,17.60
S006,1484352690,21.10,4.80,19.90,86.30,12.80,17.60
S006,1484352989,21.10,4.90,19.90,86.00,12.70,17.60
S006,1484353288,21.10,4.90,19.90,86.10,12.70,17.60
S006,1484353587,21.10,4.90,19.90,86.30,12.70,17.60
S006,1484353886,21.00,4.90,19.80,85.80,12.70,17.60
S006,1484354185,21.00,4.80,19.80,85.30,12.80,17.60
S006,1484354484,21.00,5.00,19.80,86.10,12.70,17.60
S006,1484354783,20.90,4.90,19.80,85.70,12.60,17.60
S006,1484355082,20.90,5.00,19.80,86.40,12.60,17.60
S006,1484355381,20.90,5.10,19.70,86.40,12.60,17.60
S006,1484355680,20.90,5.20,19.70,86.40,12.60,17.60
S006,1484355979,20.80,5.10,19.70,86.60,12.60,17.60
S006,1484356278,20.80,5.20,19.70,85.90,12.50,17.60
S006,1484356577,20.80,5.20,19.70,86.50,12.50,17.60
S006,1484356876,20.80,5.10,19.60,86.40,12.50,17.60
S006,1484357175,20.70,5.10,19.60,85.90,12.60,17.60
S006,1484357474,20.70,5.10,19.60,85.50,12.50,17.60
S006,1484357773,20.70,5.10,19.60,84.70,12.40,17.60
S006,1484358072,20.70,5.20,19.60,85.70,12.40,17.60
S006,1484358371,20.70,5.10,19.60,85.90,12.40,17.60
S006,1484358670,20.70,5.20,19.50,85.60,12.40,17.60
S006,1484358969,20.70,5.20,19.50,85.80,12.30,17.60
S006,1484359268,20.60,5.10,19.50,86.10,12.30,17.60
S006,1484359567,20.50,5.20,19.50,85.90,12.20,17.60
S006,1484359866,20.50,5.30,19.40,85.80,12.20,17.60
S006,1484360165,20.50,5.50,19.40,85.40,12.20,17.60
S006,1484360464,20.40,5.40,19.30,85.40,12.10,17.60
S006,1484360763,20.30,5.60,19.30,83.80,12.00,17.60
S006,1484361062,20.20,5.70,19.20,85.50,11.90,17.60
S006,1484361361,20.20,5.90,19.20,85.70,11.90,17.60
S006,1484361660,20.20,6.20,19.20,86.10,11.80,17.60
S006,1484361959,20.10,5.70,19.10,82.00,11.80,17.60
S006,1484362258,20.10,5.70,19.00,74.40,11.70,17.60
S006,1484362557,20.10,5.70,19.00,74.40,11.60,17.60
S006,1484362856,20.10,5.80,19.00,83.30,11.90,17.60
S006,1484363155,20.10,6.00,19.00,85.80,12.00,17.60
S006,1484363454,20.10,6.70,19.00,85.90,11.90,17.60
S006,1484363753,20.00,6.10,19.00,85.90,11.80,17.60
S006,1484364052,20.00,5.80,18.90,86.00,11.70,17.60
S006,1484364351,19.90,5.70,18.90,86.20,11.70,17.60
S006,1484364650,19.80,8.00,18.90,86.00,11.60,17.60
S006,1484364949,19.80,5.60,18.90,86.20,11.50,17.60
S006,1484365248,19.70,5.90,18.80,86.30,11.50,17.60
S006,1484365547,19.70,5.90,18.80,86.40,11.50,17.60
S006,1484365846,19.70,5.90,18.80,86.30,11.40,17.60
S006,1484366145,19.70,5.80,18.80,86.50,11.50,17.60
S006,1484366444,19.70,6.00,18.70,86.40,11.40,17.60
S006,1484366743,19.60,5.60,18.70,86.60,11.40,17.60
S006,1484367042,19.60,5.60,18.70,86.70,11.40,17.60
S006,1484367341,19.60,5.50,18.70,86.60,11.30,17.60
S006,1484367640,19.50,5.60,18.60,86.60,11.30,17.60
S006,1484367939,19.50,5.50,18.60,86.60,11.20,17.60
S006,1484368238,19.50,5.60,18.60,86.20,11.10,17.60
S006,1484368537,19.50,5.70,18.50,86.10,11.10,17.60
S006,1484368836,19.50,6.00,18.50,86.50,11.10,17.60
S006,1484369135,19.50,7.70,18.50,86.60,11.10,17.60
S006,1484369434,19.40,6.50,18.50,86.50,11.10,17.60
S006,1484369733,19.40,6.30,18.40,86.40,11.00,17.60
S006,1484370032,19.40,7.10,18.40,86.60,11.00,17.60
S006,1484370331,19.40,5.90,18.40,86.50,10.90,17.60
S006,1484370630,19.40,6.30,18.40,86.70,10.90,17.60
S006,1484370929,19.30,5.40,18.40,86.80,10.90,17.60
S006,1484371228,19.30,5.30,18.40,86.30,10.70,17.50
S006,1484371527,19.20,5.20,18.30,86.60,10.70,17.60
S006,1484371826,19.20,5.70,18.30,86.60,10.70,17.60
S006,1484372125,19.20,5.10,18.30,86.80,10.80,17.60
S006,1484372424,19.20,5.50,18.30,86.80,10.70,17.60
S006,1484372723,19.20,5.10,18.20,86.60,10.60,17.60
S006,1484373022,19.20,5.00,18.20,86.10,10.60,17.60
S006,1484373321,19.20,6.60,18.20,86.40,10.50,17.60
S006,1484373620,19.10,5.20,18.20,86.60,10.50,17.60
S006,1484373919,19.10,5.10,18.20,86.70,10.40,17.60
S006,1484374218,19.10,5.30,18.10,86.70,10.40,17.50
S006,1484374517,19.10,5.90,18.10,86.60,10.30,17.50
S006,1484374816,19.10,5.60,18.10,86.70,10.30,17.50
S006,1484375115,19.00,4.80,18.10,86.70,10.40,17.60
S006,1484375414,19.00,4.90,18.00,86.60,10.30,17.50
S006,1484375713,19.00,4.80,18.00,86.60,10.30,17.60
S006,1484376012,19.00,4.80,18.00,86.60,10.20,17.60
S006,1484376312,19.00,4.90,18.00,86.60,10.10,17.50
S006,1484376611,19.00,4.80,18.00,86.60,10.10,17.60
S006,1484376910,19.00,4.80,17.90,86.50,10.00,17.50
S006,1484377209,18.90,5.10,18.00,86.70,10.00,17.60
S006,1484377508,18.90,5.10,17.90,86.60,9.90,17.50
S006,1484377807,18.90,4.70,17.90,86.50,9.90,17.50
S006,1484378106,18.90,5.90,17.90,86.60,10.00,17.60
S006,1484378405,18.90,6.00,17.90,86.60,9.90,17.50
S006,1484378704,18.90,4.90,17.90,86.50,9.90,17.60
S006,1484379003,18.90,4.70,17.80,86.50,9.80,17.60
S006,1484379302,18.80,4.70,17.80,86.50,9.70,17.60
S006,1484379601,18.80,4.60,17.80,86.10,9.70,17.60
S006,1484379900,18.80,4.60,17.70,84.60,9.70,17.60
S006,1484380199,18.80,4.50,17.80,86.30,9.60,17.50
S006,1484380498,18.90,4.70,17.80,85.70,9.60,17.60
S006,1484380797,18.90,5.90,17.70,85.90,9.50,17.50
S006,1484381096,18.80,4.70,17.70,85.30,9.60,17.60
S006,1484381395,18.80,5.10,17.70,83.50,9.50,17.60
S006,1484381694,18.80,4.60,17.70,85.40,9.40,17.50
S006,1484381993,18.80,4.70,17.70,85.70,9.40,17.60
S006,1484382292,18.80,5.50,17.70,85.10,9.30,17.50
S006,1484382591,18.70,4.60,17.70,84.70,9.30,17.60
S006,1484382890,18.70,4.50,17.60,84.90,9.20,17.50
S006,1484383189,18.70,4.50,17.60,85.20,9.20,17.60
S006,1484383488,18.70,4.50,17.60,81.90,9.10,17.60
S006,1484383787,18.70,4.50,17.60,84.50,9.10,17.60
S006,1484384086,18.70,4.50,17.60,84.50,9.10,17.60
S006,1484384385,18.70,4.60,17.60,84.50,9.00,17.50
S006,1484384684,18.70,4.50,17.60,85.10,9.00,17.60
S006,1484384983,18.70,4.50,17.50,84.40,8.90,17.50
S006,1484385282,18.70,5.40,17.50,81.80,8.90,17.60
S006,1484385581,18.70,4.60,17.50,84.90,8.80,17.50
S006,1484385880,18.70,4.90,17.50,84.90,8.80,17.60
S006,1484386179,18.60,4.60,17.50,84.70,8.70,17.50
S006,1484386478,18.60,4.80,17.50,84.70,8.70,17.60
S006,1484386777,18.60,4.40,17.50,84.00,8.70,17.60
S006,1484387076,18.60,4.70,17.50,84.90,8.70,17.60
S006,1484387375,18.60,4.50,17.50,84.50,8.60,17.50
S006,1484387674,18.60,5.10,17.50,84.40,8.50,17.50
S006,1484387973,18.60,4.70,17.40,84.50,8.50,17.60
S006,1484388272,18.60,4.60,17.40,84.50,8.50,17.60
S006,1484388571,18.60,4.90,17.40,84.70,8.40,17.60
S006,1484388870,18.60,4.50,17.40,84.40,8.30,17.50
S006,1484389169,18.70,4.70,17.40,84.30,8.30,17.60
S006,1484389468,18.80,4.90,17.50,84.40,8.20,17.50
S006,1484389767,19.00,4.90,17.50,83.80,8.20,17.60
S006,1484390066,19.10,6.90,17.50,84.10,8.30,17.60
S006,1484390365,19.20,5.40,17.60,83.50,8.20,17.60
S006,1484390664,19.30,5.40,17.60,84.30,8.20,17.60
S006,1484390963,19.40,6.00,17.70,84.60,8.10,17.50
S006,1484391262,19.40,5.40,17.70,84.90,8.10,17.50
S006,1484391561,19.50,5.20,17.70,83.90,8.10,17.50
S006,1484391860,19.60,5.20,17.80,84.70,8.10,17.50
S006,1484392159,19.60,4.90,17.80,85.10,8.10,17.50
S006,1484392458,19.70,5.10,17.90,85.30,8.10,17.50
S006,1484392757,19.70,4.80,17.90,85.30,8.10,17.50
S006,1484393056,19.70,5.00,17.90,85.30,8.20,17.60
S006,1484393355,19.80,5.30,18.00,85.20,8.20,17.60
S006,1484393654,19.80,4.80,18.00,85.40,8.10,17.50
S006,1484393953,19.90,4.80,18.00,85.30,8.10,17.60
S006,1484394252,19.90,5.10,18.00,85.30,8.10,17.60
S006,1484394551,19.90,4.90,18.10,85.30,8.00,17.50
S006,1484394850,20.00,5.00,18.10,85.50,8.00,17.50
S006,1484395149,20.00,5.40,18.10,85.30,8.00,17.60
S006,1484395448,20.10,4.70,18.10,85.00,8.00,17.60
S006,1484395747,20.10,4.60,18.20,85.10,8.00,17.60
S006,1484396046,20.10,4.70,18.20,85.10,8.00,17.50
S006,1484396345,20.20,5.10,18.30,85.20,8.00,17.60
S006,1484396644,20.20,4.70,18.30,85.20,8.00,17.60
S006,1484396943,20.30,5.60,18.30,85.20,8.00,17.60
S006,1484397242,20.30,4.80,18.40,85.30,7.90,17.50
S006,1484397541,20.30,5.00,18.40,85.30,8.30,17.60
S006,1484397840,20.40,5.00,18.40,85.30,8.40,17.60
S006,1484398139,20.40,4.90,18.40,85.30,8.40,17.50
S006,1484398438,20.40,4.70,18.50,85.20,8.40,17.50
S006,1484398737,20.40,4.80,18.50,85.40,8.40,17.50
S006,1484399036,20.50,4.90,18.50,85.40,8.50,17.50
S006,1484399335,20.50,4.80,18.50,85.20,8.50,17.60
S006,1484399634,20.50,4.90,18.60,84.90,8.50,17.60
S006,1484399933,20.50,5.00,18.60,85.50,8.40,17.50
S006,1484400232,20.60,4.90,18.60,84.00,8.40,17.50
S006,1484400531,20.60,5.50,18.70,85.20,8.40,17.50
S006,1484400830,20.60,4.90,18.70,85.40,8.40,17.60
S006,1484401129,20.60,4.90,18.70,85.20,8.40,17.60
S006,1484401428,20.60,4.80,18.70,84.90,8.40,17.60
S006,1484401727,20.60,4.70,18.80,84.90,8.30,17.50
S006,1484402026,20.60,4.90,18.80,84.80,8.40,17.60
S006,1484402325,20.70,5.20,18.80,84.50,8.30,17.50
S006,1484402624,20.70,4.90,18.80,85.20,8.40,17.60
S006,1484402923,20.70,5.40,18.90,85.30,8.30,17.60
S006,1484403222,20.80,4.90,18.90,85.50,8.30,17.60
S006,1484403521,20.80,4.90,18.90,85.50,8.30,17.60
S006,1484403820,20.80,4.90,18.90,84.50,8.20,17.60
S006,1484404119,20.80,4.70,19.00,84.60,8.20,17.60
S006,1484404418,20.80,4.80,19.00,84.80,8.10,17.50
S006,1484404717,20.80,4.80,19.00,85.30,8.10,17.60
S006,1484405016,20.80,4.70,19.00,85.10,8.10,17.50
S006,1484405315,20.90,4.80,19.10,84.70,8.10,17.60
S006,1484405614,20.90,5.00,19.10,84.20,8.00,17.50
S006,1484405913,20.90,4.80,19.10,84.60,8.00,17.60
S006,1484406212,20.90,4.80,19.10,84.70,8.00,17.60
S006,1484406511,21.00,4.90,19.10,84.60,7.90,17.50
S006,1484406810,21.00,4.80,19.20,85.00,7.90,17.50
S006,1484407109,21.00,4.90,19.20,85.20,7.90,17.60
S006,1484407408,21.00,4.80,19.20,85.20,7.90,17.60
S006,1484407707,21.00,4.80,19.20,84.60,7.80,17.50
S006,1484408006,21.00,4.70,19.20,85.00,7.90,17.60
S006,1484408305,21.00,5.20,19.20,84.30,7.90,17.60
S006,1484408604,21.00,5.00,19.30,85.10,7.90,17.60
S006,1484408903,21.00,4.70,19.30,85.10,7.90,17.60
S006,1484409202,21.10,4.60,19.30,84.30,7.80,17.50
S006,1484409501,21.10,4.60,19.30,84.40,7.80,17.60
S006,1484409800,21.10,4.60,19.40,85.20,7.80,17.60
S006,1484410099,21.20,4.50,19.40,84.90,7.70,17.60
S006,1484410398,21.20,4.70,19.40,84.60,7.70,17.60
S006,1484410697,21.20,4.80,19.40,84.70,7.60,17.50
S006,1484410996,21.20,4.90,19.50,85.00,7.70,17.60
S006,1484411295,21.30,4.80,19.50,85.00,7.60,17.60
S006,1484411594,21.30,4.70,19.50,85.00,7.60,17.60
S006,1484411893,21.30,4.70,19.50,84.80,7.50,17.50
S006,1484412192,21.40,4.80,19.50,84.30,7.50,17.50
S006,1484412491,21.40,4.80,19.60,84.70,7.50,17.60
S006,1484412790,21.40,4.70,19.60,84.40,7.50,17.60
S006,1484413089,21.40,4.90,19.60,85.00,7.40,17.50
S006,1484413388,21.50,4.80,19.60,84.10,7.40,17.60
S006,1484413687,21.60,4.90,19.70,84.50,7.40,17.60
S006,1484413986,21.60,5.40,19.70,83.60,7.30,17.60
S006,1484414285,21.60,4.90,19.80,84.20,7.40,17.60
S006,1484414585,21.60,4.90,19.80,84.70,7.30,17.60
S006,1484414884,21.70,4.90,19.80,84.60,7.30,17.60
S006,1484415183,21.70,4.90,19.90,84.20,7.30,17.60
S006,1484415482,21.70,4.80,19.90,84.40,7.20,17.50
S006,1484415781,21.70,4.90,19.90,84.20,7.20,17.60
S006,1484416080,21.70,4.90,20.00,84.80,7.20,17.50
S006,1484416379,21.70,4.80,20.00,84.20,7.20,17.60
S006,1484416678,21.70,5.90,20.00,84.60,7.20,17.60
S006,1484416977,21.70,5.00,20.00,84.20,7.20,17.60
S006,1484417276,21.70,5.40,20.00,84.30,7.10,17.50
S006,1484417575,21.70,4.70,20.00,83.90,7.10,17.60
S006,1484417874,21.60,4.50,20.00,84.30,7.00,17.50
S006,1484418173,21.60,5.90,20.00,84.40,7.00,17.60
S006,1484418472,21.60,4.80,20.00,83.90,6.90,17.50
S006,1484418771,21.60,5.20,20.10,84.30,6.90,17.60
S006,1484419070,21.70,5.90,20.10,84.20,6.90,17.60
S006,1484419369,21.70,5.70,20.10,84.40,6.80,17.60
S006,1484419668,21.60,4.80,20.10,84.50,6.80,17.60
S006,1484419967,21.60,4.70,20.10,84.30,6.90,17.60
S006,1484420266,21.60,4.90,20.10,84.40,6.80,17.60
S006,1484420565,21.70,5.00,20.10,84.70,6.80,17.50
S006,1484420864,21.70,4.90,20.20,84.70,6.80,17.60
S006,1484421163,21.60,5.50,20.20,84.30,6.70,17.50
S006,1484421462,21.60,5.40,20.20,82.00,6.70,17.50
S006,1484421761,21.60,5.10,20.20,84.60,6.70,17.60
S006,1484422060,21.70,5.20,20.20,84.50,6.60,17.50
S006,1484422359,21.70,5.40,20.20,85.00,6.60,17.60
S006,1484422658,21.70,5.10,20.20,85.00,6.60,17.60
S006,1484422957,21.60,4.80,20.20,84.60,6.60,17.50
S006,1484423256,21.60,6.10,20.20,82.40,6.60,17.60
S006,1484423555,21.60,5.20,20.20,84.80,6.60,17.60
S006,1484423854,21.60,5.30,20.20,83.90,6.50,17.50
S006,1484424153,21.70,5.30,20.20,85.00,7.70,17.60
S006,1484424452,21.60,5.90,20.20,83.60,8.00,17.50
S006,1484424751,21.70,7.70,20.20,80.70,8.60,17.60
S006,1484425050,21.70,6.10,20.30,85.10,8.60,17.60
S006,1484425349,21.80,5.60,20.30,84.80,8.90,17.60
S006,1484425648,21.90,6.90,20.30,81.40,9.10,17.60
S006,1484425947,22.40,7.00,20.50,83.30,23.70,17.60
S006,1484426246,22.10,6.30,20.40,85.00,21.90,17.60
S006,1484426545,22.00,5.80,20.30,85.80,21.30,17.60
S006,1484426844,21.90,6.40,20.20,86.50,20.90,17.60
S006,1484427143,21.90,6.10,20.10,85.70,20.60,17.60
S006,1484427442,21.80,7.40,20.10,85.50,20.40,17.60
S006,1484427741,21.80,6.00,20.20,86.90,20.10,17.60
S006,1484428040,21.80,5.90,20.20,87.10,20.00,17.60
S006,1484428339,21.70,6.10,20.20,87.10,19.80,17.60
S006,1484428638,21.60,5.80,20.20,87.10,19.70,17.60
S006,1484428937,21.70,6.10,20.20,87.10,19.60,17.60
S006,1484429236,21.60,6.60,20.20,87.50,19.50,17.60
S006,1484429535,21.60,6.80,20.20,87.10,19.40,17.60
S006,1484429834,21.60,6.00,20.20,87.40,19.30,17.60
S006,1484430133,21.60,6.30,20.20,87.30,19.20,17.60
S006,1484430432,21.60,6.10,20.20,87.60,19.10,17.60
S006,1484430731,21.60,7.40,20.20,87.50,19.00,17.60
S006,1484431030,21.60,6.30,20.20,87.50,18.90,17.60
S006,1484431329,21.50,6.00,20.20,87.40,18.80,17.60
S006,1484431628,21.50,6.10,20.20,87.80,18.80,17.60
S006,1484431927,21.50,6.20,20.20,87.90,18.70,17.60
S006,1484432226,21.50,6.30,20.20,87.90,18.60,17.60
S006,1484432525,21.50,6.30,20.20,87.90,18.60,17.60
S006,1484432824,21.60,6.50,20.20,88.10,18.50,17.60
S006,1484433123,21.50,6.60,20.20,88.00,18.40,17.60
S006,1484433422,21.50,6.60,20.10,87.00,18.30,17.60
S006,1484433721,21.50,6.60,20.20,87.10,18.20,17.60
S006,1484434020,21.50,6.60,20.20,87.10,18.20,17.70
S006,1484434319,21.60,7.40,20.10,87.00,18.00,17.60
S006,1484434618,21.50,6.70,20.20,87.40,18.00,17.60
S006,1484434917,21.50,6.80,20.20,87.80,18.00,17.60
S006,1484435216,21.40,6.80,20.20,88.00,17.90,17.60
S006,1484435515,21.40,6.90,20.20,88.00,17.80,17.60
S006,1484435814,21.40,7.00,20.20,88.20,17.80,17.60
S006,1484436113,21.40,7.20,20.20,88.20,17.70,17.60
S006,1484436412,21.40,7.10,20.10,88.10,17.60,17.60
S006,1484436711,21.40,7.30,20.10,88.00,17.60,17.70
S006,1484437010,21.40,7.30,20.10,88.10,17.50,17.60
S006,1484437309,21.40,7.60,20.20,88.30,17.50,17.60
S006,1484437608,21.40,7.40,20.10,87.90,17.40,17.60
S006,1484437907,21.40,7.60,20.10,88.30,17.40,17.60
S006,1484438206,21.40,7.60,20.10,88.40,17.30,17.60
S006,1484438505,21.40,7.90,20.10,88.50,17.30,17.60
S006,1484438804,21.40,8.20,20.10,88.30,17.20,17.60
S006,1484439103,21.40,7.90,20.10,88.10,17.20,17.60
S006,1484439402,21.40,8.00,20.10,88.40,17.10,17.60
S006,1484439701,21.30,8.00,20.10,88.50,17.10,17.60
S006,1484440000,21.30,8.10,20.10,88.50,17.00,17.60
S006,1484440299,21.30,8.20,20.10,88.60,17.00,17.70
S006,1484440598,21.30,8.30,20.10,88.60,16.90,17.60
S006,1484440897,21.30,8.40,20.10,88.60,16.90,17.60
S006,1484441196,21.30,8.60,20.10,88.60,16.80,17.60
S006,1484441495,21.30,8.70,20.10,88.70,16.80,17.60
S006,1484441794,21.20,8.80,20.10,88.70,16.70,17.60
S006,1484442093,21.20,8.80,20.10,88.80,16.70,17.60
S006,1484442392,21.20,8.90,20.10,88.80,16.60,17.60
S006,1484442691,21.10,9.00,20.10,88.90,16.60,17.60
S006,1484442990,21.10,9.00,20.00,88.80,16.60,17.70
S006,1484443289,21.10,9.10,20.00,88.90,16.50,17.60
S006,1484443588,21.10,9.30,20.00,89.00,16.50,17.70
S006,1484443887,21.00,9.20,20.00,89.10,16.40,17.60
S006,1484444186,21.00,9.30,20.00,88.90,16.40,17.60
S006,1484444485,21.00,9.40,20.00,89.10,16.30,17.60
S006,1484444784,21.00,9.60,19.90,89.00,16.30,17.70
S006,1484445083,21.00,9.80,19.90,89.00,16.20,17.60
S006,1484445382,21.00,9.70,19.90,89.10,16.20,17.60
S006,1484445681,21.00,9.90,19.90,89.00,16.10,17.60
S006,1484445980,20.90,10.00,19.90,89.10,16.10,17.60
S006,1484446279,20.90,10.00,19.90,89.10,16.00,17.60
S006,1484446578,20.90,10.00,19.80,88.90,16.00,17.70
S006,1484446877,20.80,10.00,19.60,75.50,15.90,17.60
S006,1484447176,20.80,10.00,19.60,67.90,15.80,17.70
S006,1484447475,20.70,9.90,19.50,73.40,15.60,17.60
S006,1484447774,20.60,9.80,19.40,64.60,15.50,17.60
S006,1484448073,20.60,10.90,19.40,73.50,15.40,17.60
S006,1484448372,20.50,9.80,19.30,76.70,15.20,17.60
S006,1484448671,20.50,10.50,19.30,75.50,15.10,17.60
S006,1484448970,20.40,11.20,19.20,78.90,15.00,17.60
S006,1484449269,20.40,10.80,19.20,80.10,14.90,17.60
S006,1484449568,20.30,10.30,19.10,73.40,14.80,17.60
S006,1484449867,20.30,10.50,19.10,80.80,14.80,17.60
S006,1484450166,20.20,10.40,19.10,80.80,14.70,17.60
S006,1484450465,20.20,11.20,19.10,82.90,14.70,17.60
S006,1484450764,20.20,10.90,19.10,84.00,14.70,17.60
S006,1484451063,20.20,12.00,19.10,84.70,14.70,17.60
S006,1484451362,20.20,11.80,19.10,82.30,14.60,17.60
S006,1484451661,20.10,10.90,19.00,79.50,14.60,17.60
S006,1484451960,20.10,11.10,19.00,79.10,14.50,17.60
S006,1484452259,20.10,11.00,18.90,73.20,14.40,17.60
S006,1484452558,20.00,11.20,18.90,68.00,14.30,17.60
S006,1484452858,20.00,11.20,18.90,81.70,14.30,17.60
S006,1484453157,20.00,11.20,18.90,81.10,14.30,17.60
S006,1484453456,20.00,12.30,18.90,82.40,14.20,17.60
S006,1484453755,19.90,11.60,18.90,83.10,14.10,17.60
S006,1484454054,19.90,11.80,18.90,83.50,14.10,17.60
S006,1484454353,19.90,12.00,18.90,84.10,14.00,17.60
S006,1484454652,19.90,12.10,18.80,84.30,13.90,17.60
S006,1484454951,19.80,11.50,18.80,84.40,13.90,17.60
S006,1484455250,19.80,11.60,18.80,83.80,13.80,17.60
S006,1484455549,19.80,11.80,18.80,83.80,13.70,17.60
S006,1484455848,19.80,11.90,18.70,79.00,13.70,17.60
S006,1484456147,19.80,11.70,18.70,82.30,13.70,17.60
S006,1484456446,19.80,11.90,18.70,84.10,13.60,17.60
S006,1484456745,19.70,11.90,18.70,84.30,13.60,17.60
S006,1484457044,19.70,12.40,18.70,82.80,13.50,17.60
S006,1484457343,19.70,11.90,18.70,82.50,13.40,17.60
S006,1484457642,19.70,12.10,18.60,83.60,13.40,17.60
S006,1484457941,19.70,11.90,18.60,83.60,13.30,17.60
S006,1484458240,19.70,12.30,18.60,78.60,13.30,17.60
S006,1484458539,19.70,12.10,18.60,79.80,13.20,17.60
S006,1484458838,19.70,12.20,18.60,79.00,13.20,17.60
S006,1484459137,19.70,12.10,18.50,75.60,13.00,17.60
S006,1484459436,19.60,12.40,18.50,80.60,12.90,17.60
S006,1484459735,19.60,12.20,18.50,80.40,12.90,17.60
S006,1484460034,19.60,12.30,18.50,82.10,12.80,17.60
S006,1484460333,19.60,12.70,18.50,82.00,12.80,17.60
S006,1484460632,19.60,12.30,18.50,84.10,12.80,17.60
S006,1484460931,19.60,12.30,18.40,75.80,12.70,17.60
S006,1484461230,19.60,12.30,18.40,76.60,12.60,17.60
S006,1484461529,19.60,12.60,18.40,77.30,12.50,17.60
S006,1484461828,19.60,12.50,18.30,75.70,12.50,17.60
S006,1484462127,19.50,12.30,18.30,62.00,12.40,17.60
S006,1484462426,19.50,12.30,18.20,67.60,12.30,17.60
S006,1484462725,19.50,12.30,18.20,64.30,12.20,17.60
S006,1484463024,19.50,12.40,18.20,71.00,12.10,17.60
S006,1484463323,19.40,12.30,18.10,67.90,12.10,17.60
S006,1484463622,19.40,12.30,18.10,59.70,12.00,17.60
S006,1484463921,19.40,12.40,18.10,65.00,11.90,17.60
S006,1484464220,19.40,12.50,18.10,61.90,11.80,17.60
S006,1484464519,19.40,12.30,18.00,55.10,11.80,17.60
S006,1484464818,19.40,12.40,18.00,62.30,11.80,17.60
S006,1484465117,19.40,12.40,18.00,56.90,11.60,17.60
S006,1484465416,19.40,12.40,18.00,53.70,11.60,17.60
S006,1484465715,19.40,12.50,18.00,57.70,11.50,17.60
S006,1484466014,19.30,12.30,17.90,49.60,11.40,17.50
S006,1484466313,19.30,12.40,17.90,63.20,11.40,17.60
S006,1484466612,19.30,12.30,17.90,65.90,11.30,17.60
S006,1484466911,19.30,12.30,17.90,48.20,11.20,17.60
S006,1484467210,19.30,12.40,17.80,49.50,11.10,17.60
S006,1484467509,19.30,12.40,17.80,61.30,11.10,17.60
S006,1484467808,19.30,12.40,17.80,53.40,11.10,17.60
S006,1484468107,19.20,12.30,17.80,54.60,11.00,17.50
S006,1484468406,19.20,12.30,17.70,49.90,11.00,17.60
S006,1484468705,19.20,12.30,17.70,56.00,10.90,17.60
S006,1484469004,19.20,12.40,17.70,50.40,10.80,17.50
S006,1484469303,19.20,12.50,17.70,52.60,10.80,17.60
S006,1484469602,19.20,12.50,17.70,59.80,10.70,17.60
S006,1484469901,19.20,12.40,17.70,55.80,10.70,17.60
S006,1484470200,19.20,12.70,17.70,60.40,10.60,17.60
S006,1484470499,19.20,12.50,17.70,46.20,10.50,17.60
S006,1484470798,19.20,12.50,17.70,47.70,10.50,17.50
S006,1484471097,19.20,12.50,17.70,57.40,10.50,17.60
S006,1484471396,19.20,12.50,17.60,54.40,10.40,17.60
S006,1484471695,19.20,12.60,17.70,49.60,10.30,17.60
S006,1484471994,19.20,12.50,17.60,59.60,10.30,17.50
S006,1484472293,19.20,12.50,17.60,57.20,10.30,17.60
S006,1484472592,19.20,12.50,17.60,50.30,10.20,17.60
S006,1484472891,19.10,12.50,17.60,54.20,10.20,17.60
S006,1484473190,19.10,12.50,17.60,57.80,10.10,17.60
S006,1484473489,19.10,12.40,17.60,54.80,10.10,17.60
S006,1484473788,19.10,12.50,17.60,63.50,10.10,17.60
S006,1484474087,19.10,12.50,17.60,54.30,10.00,17.60
S006,1484474386,19.10,12.50,17.60,60.60,9.90,17.60
S006,1484474685,19.00,12.40,17.60,52.90,9.90,17.60
S006,1484474984,19.00,12.40,17.60,48.60,9.90,17.60
S006,1484475283,19.10,13.80,17.60,73.70,9.90,17.60
S006,1484475582,19.20,12.70,17.60,77.60,9.90,17.60
S006,1484475881,19.30,13.30,17.70,79.20,9.90,17.60
S006,1484476180,19.50,12.90,17.70,80.50,9.90,17.60
S006,1484476479,19.60,12.70,17.80,81.40,9.90,17.60
S006,1484476778,19.60,12.40,17.90,82.00,9.90,17.60
S006,1484477077,19.80,12.50,17.90,82.30,9.90,17.50
S006,1484477376,19.80,12.20,18.00,82.70,9.90,17.60
S006,1484477675,19.90,12.10,18.00,83.00,9.90,17.60
S006,1484477974,20.00,12.10,18.10,83.20,9.90,17.60
S006,1484478273,20.00,12.00,18.10,83.00,9.90,17.60
S006,1484478572,20.10,11.90,18.10,83.10,9.90,17.60
S006,1484478871,20.10,11.80,18.20,83.50,9.80,17.60
S006,1484479170,20.20,11.90,18.20,83.60,9.90,17.60
S006,1484479469,20.30,12.60,18.30,83.70,9.90,17.60
S006,1484479768,20.40,11.90,18.30,83.50,9.90,17.60
S006,1484480067,20.50,11.60,18.40,83.60,9.90,17.60
S006,1484480366,20.50,11.80,18.40,83.70,9.90,17.60
S006,1484480665,20.60,12.00,18.50,83.80,9.90,17.60
S006,1484480964,20.60,12.10,18.50,83.80,9.80,17.60
S006,1484481263,20.70,12.10,18.60,83.60,9.80,17.60
S006,1484481562,20.70,11.40,18.60,83.90,9.80,17.60
S006,1484481861,20.60,11.40,18.70,84.10,9.80,17.60
S006,1484482160,20.70,12.00,18.70,84.30,9.80,17.60
S006,1484482459,20.60,11.20,18.70,84.20,9.80,17.60
S006,1484482758,20.60,11.20,18.80,84.30,9.80,17.60
S006,1484483057,20.60,11.20,18.80,84.70,9.80,17.60
S006,1484483356,20.70,11.90,18.80,84.90,9.80,17.60
S006,1484483655,20.70,11.10,18.80,84.70,9.70,17.50
S006,1484483954,20.60,11.70,18.90,84.70,9.70,17.60
S006,1484484253,20.70,12.00,18.90,84.80,9.70,17.60
S006,1484484552,20.70,11.20,18.90,84.70,9.70,17.60
S006,1484484851,20.70,10.90,18.90,84.80,9.70,17.60
S006,1484485150,20.70,12.90,19.00,85.00,9.70,17.60
S006,1484485449,20.70,11.40,19.00,85.10,9.60,17.60
S006,1484485748,20.70,10.90,19.00,84.90,9.70,17.60
S006,1484486047,20.70,11.00,19.00,85.20,9.60,17.60
S006,1484486346,20.70,11.20,19.00,85.30,9.60,17.60
S006,1484486645,20.70,10.60,19.00,85.40,9.60,17.60
S006,1484486944,20.70,11.30,19.10,85.70,9.60,17.60
S006,1484487243,20.70,11.00,19.10,85.70,9.60,17.60
S006,1484487542,20.80,11.30,19.10,85.90,9.50,17.50
S006,1484487841,20.80,10.40,19.10,85.70,9.50,17.60
S006,1484488140,20.80,10.00,19.20,86.10,9.50,17.60
S006,1484488439,20.80,11.10,19.20,86.10,9.50,17.60
S006,1484488738,20.80,11.10,19.20,86.10,9.50,17.60
S006,1484489037,20.80,10.90,19.20,86.10,9.40,17.50
S006,1484489336,20.90,12.00,19.20,86.10,9.40,17.60
S006,1484489635,20.90,10.00,19.20,86.10,9.40,17.60
S006,1484489934,21.00,10.80,19.30,86.20,9.40,17.60
S006,1484490233,21.00,10.80,19.30,86.20,9.40,17.60
S006,1484490532,21.10,10.20,19.40,86.30,9.30,17.60
S006,1484490831,21.10,12.00,19.40,86.30,9.30,17.60
S006,1484491131,21.20,10.90,19.40,86.30,9.30,17.60
S006,1484491430,21.20,10.50,19.40,86.30,9.30,17.60
S006,1484491729,21.20,10.40,19.50,86.40,9.30,17.60
S006,1484492028,21.20,10.60,19.50,86.40,9.30,17.60
S006,1484492327,21.20,10.50,19.50,86.40,9.30,17.60
S006,1484492626,21.20,10.20,19.50,86.10,9.30,17.60
S006,1484492925,21.10,10.20,19.60,86.50,9.30,17.60
S006,1484493224,21.10,10.80,19.60,86.50,9.20,17.60
S006,1484493523,21.10,10.20,19.50,86.40,9.20,17.60
S006,1484493822,21.10,10.20,19.50,86.40,9.20,17.60
S006,1484494121,21.10,10.80,19.50,86.20,9.20,17.60
S006,1484494420,21.10,11.30,19.50,83.50,9.20,17.60
S006,1484494719,21.40,12.90,19.60,85.80,9.20,17.60
S006,1484495018,21.60,11.30,19.70,86.60,9.10,17.60
S006,1484495317,21.80,18.90,19.70,86.60,9.10,17.60
S006,1484495616,21.80,16.20,19.70,86.40,58.80,17.80
S006,1484495915,21.60,14.30,19.60,86.50,57.60,17.80
S006,1484496214,21.40,22.00,19.60,86.50,57.10,17.80
S006,1484496513,21.30,21.50,19.60,86.50,56.70,17.80
S006,1484496812,21.40,16.90,19.70,86.80,56.20,17.80
S006,1484497111,21.30,16.50,19.70,87.30,55.90,17.80
S006,1484497410,21.40,10.40,20.00,87.20,53.20,17.80
S006,1484497709,21.40,9.70,20.00,87.90,53.10,17.80
S006,1484498008,21.40,13.40,20.00,88.10,52.90,17.80
S006,1484498307,21.40,10.70,20.00,88.20,52.80,17.80
S006,1484498606,21.40,12.30,20.00,88.20,52.50,17.80
S006,1484498905,21.40,10.30,20.00,88.20,52.40,17.80
S006,1484499204,21.40,10.30,20.00,87.90,52.20,17.80
S006,1484499503,21.40,9.30,20.00,88.00,52.00,17.80
S006,1484499802,21.50,10.90,20.00,88.00,51.90,17.80
S006,1484500101,21.40,10.40,20.00,88.20,51.80,17.80
S006,1484500400,21.40,9.50,20.00,88.30,51.70,17.80
S006,1484500699,21.40,9.80,20.00,88.30,51.60,17.80
S006,1484500998,21.40,9.30,20.00,88.20,51.40,17.80
S006,1484501297,21.50,9.20,20.00,86.90,51.30,17.80
S006,1484501596,21.50,9.40,20.00,86.90,51.10,17.80
S006,1484501895,21.50,9.20,20.00,86.30,51.00,17.80
S006,1484502194,21.60,9.30,20.00,87.50,50.90,17.80
S006,1484502493,21.50,9.00,20.10,87.90,50.90,17.80
S006,1484502792,21.50,9.00,20.10,88.20,50.70,17.80
S006,1484503091,21.50,10.00,20.10,88.20,50.70,17.80
S006,1484503390,21.50,9.50,20.10,88.50,50.60,17.80
S006,1484503689,21.50,9.00,20.10,88.60,50.50,17.80
S006,1484503988,21.50,9.00,20.10,88.80,50.50,17.80
S006,1484504287,21.50,8.80,20.10,88.60,50.40,17.80
S006,1484504586,21.50,9.40,20.10,88.00,50.30,17.80
S006,1484504885,21.50,9.20,20.10,88.50,50.20,17.80
S006,1484505184,21.50,9.20,20.10,88.70,50.10,17.80
S006,1484505483,21.70,10.20,20.10,88.80,50.10,17.80
S006,1484505782,21.70,10.60,20.00,87.30,50.00,17.80
S006,1484506081,21.70,10.50,20.10,88.10,49.90,17.80
S006,1484506380,21.60,9.30,20.10,87.70,49.90,17.80
S006,1484506679,21.70,10.60,20.10,87.60,49.80,17.80
S006,1484506978,21.70,9.70,20.10,88.20,49.70,17.80
S006,1484507277,21.80,9.90,20.10,88.30,49.70,17.80
S006,1484507576,21.80,9.70,20.10,88.70,49.60,17.80
S006,1484507875,21.80,9.60,20.10,87.60,49.50,17.80
S006,1484508174,21.70,9.10,20.10,88.60,49.40,17.80
S006,1484508473,21.70,8.90,20.20,89.00,49.40,17.80
S006,1484508772,21.60,8.90,20.10,88.80,49.30,17.80
S006,1484509071,21.50,8.70,20.10,88.80,49.30,17.80
S006,1484509370,21.50,8.90,20.10,88.70,49.20,17.80
S006,1484509669,21.60,8.90,20.10,87.20,49.20,17.80
S006,1484509968,21.50,8.70,20.20,87.70,49.00,17.80
S006,1484510267,21.50,8.80,20.20,87.50,48.90,17.80
S006,1484510566,21.50,8.70,20.20,87.60,48.80,17.80
S006,1484510865,21.50,8.80,20.10,87.30,48.70,17.80
S006,1484511164,21.50,8.80,20.20,88.10,48.70,17.80
S006,1484511463,21.50,9.40,20.10,87.00,48.60,17.80
S006,1484511762,21.50,9.00,20.20,87.50,48.60,17.80
S006,1484512061,21.50,8.80,20.20,88.00,48.60,17.80
S006,1484512360,21.50,9.60,20.10,87.20,48.50,17.80
S006,1484512659,21.50,9.00,20.10,87.40,48.50,17.80
S006,1484512958,21.40,8.70,20.10,87.90,48.40,17.80
S006,1484513257,21.40,8.70,20.10,88.00,48.40,17.80
S006,1484513556,21.40,8.50,20.10,87.90,48.30,17.80
S006,1484513855,21.30,8.40,20.10,87.90,48.30,17.80
S006,1484514154,21.30,8.50,20.10,88.10,48.20,17.80
S006,1484514453,21.30,8.70,20.10,88.10,48.20,17.80
S006,1484514752,21.30,9.10,20.00,87.00,48.10,17.80
S006,1484515051,21.30,8.40,20.10,88.00,48.10,17.80
S006,1484515350,21.30,8.40,20.10,88.10,48.10,17.80
S006,1484515649,21.30,8.30,20.00,87.70,48.00,17.80
S006,1484515948,21.30,8.30,20.00,87.90,47.90,17.80
S006,1484516247,21.20,8.40,20.00,87.70,47.90,17.80
S006,1484516546,21.20,8.00,20.00,87.90,47.80,17.80
S006,1484516845,21.20,8.10,20.00,87.80,47.80,17.80
S006,1484517144,21.20,8.20,20.00,88.00,47.80,17.80
S006,1484517443,21.10,7.90,20.00,88.00,47.70,17.80
S006,1484517742,21.10,8.10,20.00,88.20,47.70,17.80
S006,1484518041,21.00,7.90,19.90,88.10,47.70,17.80
S006,1484518340,21.00,8.30,19.90,87.90,47.60,17.80
S006,1484518639,21.00,7.90,19.90,88.00,47.60,17.80
S006,1484518938,21.00,8.10,19.90,88.00,47.60,17.80
S006,1484519237,21.00,7.90,19.80,88.00,47.50,17.80
S006,1484519536,21.00,8.10,19.80,88.00,47.50,17.80
S006,1484519835,21.00,8.00,19.80,87.80,47.50,17.80
S006,1484520134,20.90,8.40,19.80,88.00,47.40,17.80
S006,1484520433,20.90,8.10,19.80,88.20,47.40,17.80
S006,1484520732,20.90,8.00,19.80,88.20,47.40,17.80
S006,1484521031,20.90,8.30,19.80,88.30,47.40,17.80
S006,1484521330,20.80,7.90,19.70,88.00,47.30,17.80
S006,1484521629,20.80,7.90,19.70,88.10,47.30,17.80
S006,1484521928,20.80,8.10,19.70,88.20,47.30,17.80
S006,1484522227,20.80,8.30,19.70,88.30,47.30,17.80
S006,1484522526,20.80,8.30,19.70,88.30,47.30,17.80
S006,1484522825,20.80,8.00,19.70,88.10,47.20,17.80
S006,1484523124,20.80,8.80,19.70,88.40,47.20,17.80
S006,1484523423,20.80,7.90,19.70,88.40,47.20,17.80
S006,1484523722,20.80,8.10,19.70,88.40,47.20,17.80
S006,1484524021,20.80,7.90,19.60,88.10,47.20,17.80
S006,1484524320,20.80,8.70,19.60,88.40,47.20,17.80
S006,1484524619,20.80,8.00,19.60,88.50,47.20,17.80
S006,1484524918,20.70,9.90,19.60,88.50,47.10,17.80
S006,1484525217,20.70,8.60,19.60,88.50,47.10,17.80
S006,1484525516,20.70,8.30,19.60,88.20,47.10,17.80
S006,1484525815,20.70,7.80,19.60,88.40,47.00,17.80
S006,1484526114,20.70,7.70,19.60,88.30,47.10,17.80
S006,1484526413,20.70,7.90,19.60,88.50,47.10,17.80
S006,1484526712,20.70,8.20,19.50,88.50,47.00,17.80
S006,1484527011,20.70,7.90,19.50,88.30,47.00,17.80
S006,1484527310,20.70,7.70,19.50,88.30,47.00,17.80
S006,1484527609,20.70,7.90,19.50,88.30,47.00,17.80
S006,1484527908,20.70,8.20,19.50,88.20,47.00,17.80
S006,1484528207,20.70,7.80,19.50,88.30,47.00,17.80
S006,1484528506,20.60,7.80,19.50,88.30,47.00,17.80
S006,1484528805,20.60,7.80,19.30,74.80,46.80,17.80
S006,1484529104,20.50,7.70,19.20,78.20,46.70,17.80
S006,1484529404,20.50,7.80,19.20,83.90,46.60,17.80
S006,1484529703,20.40,9.70,19.20,84.40,46.60,17.80
S006,1484530002,20.40,8.60,19.20,85.40,46.60,17.80
S006,1484530301,20.30,8.30,19.20,84.40,46.50,17.80
S006,1484530600,20.30,8.50,19.20,86.40,46.60,17.80
S006,1484530899,20.20,8.00,19.10,86.80,46.50,17.80
S006,1484531198,20.10,8.50,19.10,87.30,46.60,17.80
S006,1484531497,20.10,9.00,19.10,87.30,46.50,17.80
S006,1484531796,20.10,8.10,19.00,86.90,46.40,17.80
S006,1484532095,20.00,8.20,19.00,87.00,46.40,17.80
S006,1484532394,20.00,8.50,18.90,86.70,46.40,17.80
S006,1484532693,19.90,8.10,18.90,86.60,46.40,17.80
S006,1484532992,19.90,8.40,18.90,86.90,46.30,17.70
S006,1484533291,19.90,8.00,18.90,87.00,46.30,17.80
S006,1484533590,19.80,9.30,18.80,85.70,46.20,17.80
S006,1484533889,19.80,8.10,18.80,86.60,46.30,17.80
S006,1484534188,19.80,8.90,18.80,86.90,46.20,17.80
S006,1484534487,19.70,9.00,18.80,86.20,46.10,17.70
S006,1484534786,19.70,8.00,18.70,85.60,46.10,17.80
S006,1484535085,19.70,8.20,18.70,85.60,46.10,17.70
S006,1484535384,19.70,8.70,18.70,84.60,46.10,17.80
S006,1484535683,19.70,7.90,18.60,82.20,46.10,17.80
S006,1484535982,19.70,7.90,18.60,77.10,46.00,17.80
S006,1484536281,19.70,7.90,18.50,79.20,46.00,17.70
S006,1484536580,19.60,7.90,18.50,74.50,45.90,17.80
S006,1484536879,19.60,7.90,18.50,71.00,45.90,17.70
S006,1484537178,19.60,7.90,18.40,70.80,45.80,17.70
S006,1484537477,19.60,8.10,18.40,78.20,45.70,17.80
S006,1484537776,19.60,8.90,18.40,78.60,45.80,17.70
S006,1484538075,19.60,8.00,18.40,78.30,45.80,17.80
S006,1484538374,19.60,8.00,18.40,80.50,45.80,17.70
S006,1484538673,19.60,8.10,18.40,77.90,45.80,17.70
S006,1484538972,19.50,8.10,18.30,66.90,45.60,17.70
S006,1484539271,19.50,8.10,18.20,57.30,45.60,17.70
S006,1484539570,19.50,8.20,18.30,68.10,45.50,17.70
S006,1484539869,19.50,8.90,18.20,73.70,45.60,17.70
S006,1484540168,19.50,8.00,18.20,68.60,45.50,17.70
S006,1484540467,19.50,8.10,18.20,74.20,45.50,17.70
S006,1484540766,19.50,8.30,18.20,74.50,45.40,17.70
S006,1484541065,19.50,8.10,18.20,77.00,45.40,17.70
S006,1484541364,19.40,8.00,18.10,68.80,45.40,17.70
S006,1484541663,19.40,8.10,18.20,75.60,45.30,17.70
S006,1484541962,19.40,8.60,18.10,75.20,45.40,17.70
S006,1484542261,19.40,8.20,18.10,71.00,45.30,17.70
S006,1484542560,19.40,8.30,18.00,69.60,45.20,17.70
S006,1484542859,19.40,8.40,18.10,74.20,45.20,17.70
S006,1484543158,19.30,8.40,18.10,79.50,45.20,17.70
S006,1484543457,19.30,8.50,18.00,75.90,45.20,17.70
S006,1484543756,19.30,8.90,18.00,77.00,45.20,17.80
S006,1484544055,19.30,8.60,18.00,79.20,45.20,17.70
S006,1484544354,19.30,8.70,18.00,79.10,45.20,17.70
S006,1484544653,19.20,8.90,17.90,74.70,45.20,17.70
S006,1484544952,19.20,8.90,17.90,76.40,45.20,17.70
S006,1484545251,19.20,8.90,17.90,75.30,45.10,17.70
S006,1484545550,19.20,8.90,18.00,78.50,45.10,17.70
S006,1484545849,19.20,8.90,17.90,72.90,45.10,17.70
S006,1484546148,19.20,9.50,17.90,76.70,45.20,17.70
S006,1484546447,19.20,8.90,17.80,76.60,45.10,17.70
S006,1484546746,19.10,8.80,17.90,77.20,45.00,17.70
S006,1484547045,19.10,8.80,17.80,75.20,44.90,17.70
S006,1484547344,19.10,9.20,17.80,77.20,45.00,17.70
S006,1484547643,19.10,9.10,17.80,81.40,45.00,17.70
S006,1484547942,19.10,9.30,17.80,80.40,45.00,17.70
S006,1484548241,19.10,8.90,17.80,81.00,45.00,17.70
S006,1484548540,19.00,8.90,17.90,83.00,45.00,17.70
S006,1484548839,19.00,8.70,17.80,83.60,45.00,17.70
S006,1484549138,19.00,8.70,17.80,81.00,45.00,17.70
S006,1484549437,19.00,9.30,17.80,82.00,45.00,17.70
S006,1484549736,19.00,10.00,17.80,82.10,44.90,17.70
S006,1484550035,19.00,10.50,17.80,81.70,44.90,17.70
S006,1484550334,19.00,9.10,17.80,83.60,45.00,17.70
S006,1484550633,19.00,9.30,17.80,83.70,45.00,17.70
S006,1484550932,19.00,9.20,17.80,78.60,44.90,17.70
S006,1484551231,19.00,9.30,17.80,80.10,44.90,17.70
S006,1484551530,19.00,9.40,17.80,83.50,44.90,17.70
S006,1484551829,18.90,10.00,17.70,81.50,44.90,17.70
S006,1484552128,18.90,9.20,17.70,81.80,44.90,17.70
S006,1484552427,18.90,9.60,17.70,82.70,44.90,17.70
S006,1484552726,18.90,9.60,17.70,83.00,44.80,17.70
S006,1484553025,18.90,10.00,17.70,83.80,44.80,17.70
S006,1484553324,18.90,10.00,17.70,82.70,44.80,17.70
S006,1484553623,18.80,9.50,17.70,83.90,44.90,17.70
S006,1484553922,18.80,9.60,17.70,84.10,44.80,17.70
S006,1484554221,18.80,9.90,17.70,84.60,44.80,17.70
S006,1484554520,18.80,9.60,17.70,84.60,44.90,17.70
S006,1484554819,18.80,10.60,17.60,84.10,44.80,17.70
S006,1484555118,18.80,9.80,17.60,82.60,44.80,17.70
S006,1484555417,18.80,10.30,17.50,78.10,44.80,17.70
S006,1484555716,18.70,9.70,17.60,82.40,44.80,17.70
S006,1484556015,18.70,10.20,17.60,82.80,44.70,17.70
S006,1484556314,18.80,10.00,17.60,79.50,44.70,17.70
S006,1484556613,18.70,9.90,17.60,82.50,44.70,17.70
S006,1484556912,18.70,9.90,17.60,83.50,44.60,17.70
S006,1484557211,18.80,10.30,17.50,83.30,44.60,17.70
S006,1484557510,18.90,10.60,17.60,84.30,44.70,17.70
S006,1484557809,19.00,10.80,17.60,84.50,44.70,17.70
S006,1484558108,19.20,10.10,17.70,84.70,44.70,17.70
S006,1484558407,19.30,10.40,17.70,84.60,44.70,17.70
S006,1484558706,19.40,10.70,17.80,84.70,44.70,17.70
S006,1484559005,19.50,10.00,17.80,84.70,44.70,17.70
S006,1484559304,19.60,10.40,17.90,84.90,44.70,17.70
S006,1484559603,19.70,9.80,17.90,85.00,44.70,17.70
S006,1484559902,19.80,9.60,17.90,84.80,44.70,17.70
S006,1484560201,19.80,9.40,18.00,84.90,44.80,17.70
S006,1484560500,19.90,9.60,18.00,85.10,44.80,17.70
S006,1484560799,19.90,9.30,18.10,85.00,44.90,17.70
S006,1484561098,20.00,9.40,18.10,85.00,44.80,17.70
S006,1484561397,20.00,9.70,18.20,85.10,44.80,17.70
S006,1484561696,20.10,9.50,18.20,85.10,44.90,17.70
S006,1484561995,20.10,9.50,18.20,85.10,44.80,17.70
S006,1484562294,20.10,9.50,18.30,85.20,44.90,17.70
S006,1484562593,20.20,9.50,18.30,85.20,44.90,17.70
S006,1484562892,20.30,9.60,18.30,85.20,44.90,17.80
S006,1484563191,20.30,9.60,18.40,85.30,44.90,17.80
S006,1484563490,20.30,9.60,18.40,85.30,44.90,17.80
S006,1484563789,20.40,9.70,18.40,85.30,45.00,17.70
S006,1484564088,20.40,9.70,18.40,85.30,44.90,17.70
S006,1484564387,20.40,9.70,18.50,85.40,45.00,17.80
S006,1484564686,20.50,9.80,18.50,86.00,45.20,17.70
S006,1484564986,20.50,9.80,18.60,85.50,45.00,17.70
S006,1484565285,20.50,9.80,18.60,85.50,45.00,17.80
S006,1484565584,20.60,9.30,18.60,85.50,45.10,17.70
S006,1484565883,20.60,9.20,18.60,85.50,45.10,17.80
S006,1484566182,20.60,9.20,18.70,85.60,45.00,17.70
S006,1484566481,20.60,9.80,18.70,85.60,45.10,17.70
S006,1484566780,20.70,9.50,18.70,85.60,45.10,17.80
S006,1484567079,20.70,9.50,18.80,85.20,45.00,17.80
S006,1484567378,20.80,10.00,18.80,85.00,45.10,17.70
S006,1484567678,20.80,9.80,18.80,84.60,45.10,17.80
S006,1484567977,20.90,9.30,18.90,84.90,45.20,17.80
S006,1484568276,21.00,10.10,18.90,84.50,45.10,17.80
S006,1484568575,21.00,10.10,19.00,84.80,45.10,17.80
S006,1484568874,21.10,10.20,19.10,84.80,45.20,17.80
S006,1484569173,21.10,9.60,19.10,84.50,45.10,17.80
S006,1484569472,21.20,11.40,19.10,84.70,45.20,17.80
S006,1484569771,21.20,12.10,19.20,84.60,45.20,17.80
S006,1484570070,21.30,11.40,19.30,85.20,45.20,17.80
S006,1484570369,21.30,10.30,19.30,84.80,45.20,17.80
S006,1484570668,21.30,11.20,19.30,85.10,45.20,17.80
S006,1484570967,21.40,9.70,19.40,84.60,45.30,17.80
S006,1484571266,21.40,11.40,19.40,85.00,45.20,17.80
S006,1484571565,21.50,11.00,19.50,85.20,45.20,17.80
S006,1484571864,21.60,10.50,19.50,85.10,45.30,17.80
S006,1484572163,21.60,11.00,19.60,85.30,45.20,17.80
S006,1484572462,21.60,10.50,19.60,85.40,45.30,17.80
S006,1484572761,22.00,12.10,19.70,84.90,45.40,17.80
S006,1484573060,21.80,12.00,19.70,85.20,45.30,17.80
S006,1484573359,21.70,11.60,19.80,85.70,45.40,17.80
S006,1484573658,21.70,14.30,19.80,85.70,45.40,17.80
S006,1484573957,21.60,10.50,19.80,86.10,45.50,17.80
S006,1484574256,21.60,10.50,19.80,86.30,45.50,17.80
S006,1484574555,21.50,12.00,19.80,86.40,45.60,17.80
S006,1484574854,21.50,11.80,19.80,86.60,45.60,17.80
S006,1484575153,21.50,11.90,19.80,86.70,45.70,17.80
S006,1484575452,21.50,10.40,19.90,86.80,45.70,17.80
S006,1484575751,21.50,11.80,19.80,85.80,45.60,17.80
S006,1484576050,21.50,10.70,19.80,84.70,45.70,17.80
S006,1484576349,21.50,10.40,19.90,86.20,45.70,17.80
S006,1484576648,21.50,10.40,19.90,86.40,45.60,17.80
S006,1484576947,21.60,10.50,19.90,86.80,45.60,17.80
S006,1484577246,21.60,10.50,20.00,86.90,45.60,17.80
S006,1484577545,21.70,11.20,20.00,86.90,45.70,17.80
S006,1484577844,21.80,10.60,20.00,86.90,45.60,17.80
S006,1484578143,21.80,11.60,20.00,86.90,45.60,17.80
S006,1484578442,21.80,11.70,20.10,87.00,45.70,17.80
S006,1484578741,21.80,10.60,20.10,87.00,45.70,17.80
S006,1484579040,21.80,12.50,20.10,86.60,45.60,17.80
S006,1484579339,21.80,10.60,20.10,86.40,45.70,17.80
S006,1484579638,21.80,12.30,20.10,86.40,45.60,17.80
S006,1484579937,21.80,10.60,20.20,86.90,45.70,17.80
S006,1484580236,21.90,11.70,20.20,87.10,45.70,17.80
S006,1484580535,21.90,10.70,20.20,87.10,45.60,17.80
S006,1484580834,22.00,10.80,20.20,87.10,45.60,17.80
S006,1484581133,21.90,9.80,20.30,87.20,45.60,17.80
S006,1484581432,21.90,11.80,20.30,86.30,45.60,17.80
S006,1484581731,21.90,9.50,20.30,86.30,45.60,17.80
S006,1484582030,21.90,9.70,20.30,86.80,45.60,17.80
S006,1484582329,21.90,10.00,20.30,86.70,45.60,17.80
S006,1484582628,21.90,11.60,20.30,86.30,45.60,17.80
S006,1484582927,21.90,11.80,20.40,86.80,45.50,17.80
S006,1484583226,21.90,10.70,20.40,87.10,45.50,17.80
S006,1484583525,21.90,10.70,20.40,87.10,45.60,17.80
S006,1484583824,21.80,10.60,20.40,87.10,45.60,17.80
S006,1484584123,21.80,10.60,20.40,87.30,45.60,17.80
S006,1484584422,21.80,9.90,20.40,87.00,45.60,17.80
S006,1484584721,21.80,10.60,20.40,87.00,45.50,17.80
S006,1484585020,21.90,10.70,20.40,86.90,45.40,17.80
S006,1484585319,21.80,10.30,20.40,87.20,45.50,17.80
S006,1484585618,21.90,10.70,20.40,86.40,45.50,17.80
S006,1484585917,21.90,10.70,20.50,85.80,45.40,17.80
S006,1484586216,21.90,10.70,20.50,87.20,45.50,17.80
S006,1484586515,22.00,10.10,20.50,86.80,45.50,17.80
S006,1484586814,22.00,10.80,20.50,86.90,45.50,17.80
S006,1484587113,21.90,10.50,20.50,86.70,45.40,17.80
S006,1484587412,22.00,10.80,20.50,87.40,45.50,17.80
S006,1484587711,21.90,9.90,20.50,86.90,45.50,17.80
S006,1484588010,22.00,10.80,20.60,87.00,45.50,17.80
S006,1484588309,22.00,10.80,20.50,85.70,45.50,17.80
S006,1484588608,22.00,10.40,20.60,85.00,45.50,17.80
S006,1484588907,22.00,10.70,20.60,86.50,45.40,17.80
S006,1484589206,22.00,10.00,20.60,86.60,45.40,17.80
S006,1484589505,21.90,10.70,20.50,85.70,45.30,17.80
S006,1484589804,22.00,10.80,20.60,86.30,45.30,17.80
S006,1484590103,21.90,9.90,20.50,86.20,45.20,17.80
S006,1484590402,21.90,9.90,20.50,86.10,45.20,17.80
S006,1484590701,22.00,12.10,20.50,85.00,45.10,17.80
S006,1484591000,22.10,10.80,20.60,86.10,45.10,17.80
S006,1484591299,22.00,10.80,20.60,87.10,45.20,17.80
S006,1484591598,22.10,11.50,20.60,87.50,45.20,17.80
S006,1484591897,22.10,13.50,20.50,87.00,45.20,17.80
S006,1484592196,22.10,12.30,20.60,86.60,45.10,17.80
S006,1484592495,22.10,10.80,20.60,87.40,45.20,17.80
S006,1484592794,22.10,12.30,20.60,86.90,45.20,17.80
S006,1484593093,22.00,12.20,20.60,87.50,45.10,17.80
S006,1484593392,22.00,11.40,20.60,87.50,45.10,17.80
S006,1484593691,22.10,12.10,20.50,86.00,45.10,17.80
S006,1484593990,22.10,10.80,20.50,85.30,45.10,17.80
S006,1484594289,22.00,10.90,20.60,86.60,45.10,17.80
S006,1484594588,22.00,10.80,20.60,87.50,45.10,17.80
S006,1484594887,22.00,10.80,20.60,87.00,45.10,17.80
S006,1484595186,22.00,10.80,20.50,86.30,45.10,17.80
S006,1484595485,22.00,9.90,20.50,82.70,45.00,17.80
S006,1484595784,22.00,10.20,20.60,86.30,45.00,17.80
S006,1484596083,21.90,10.90,20.50,86.20,44.90,17.80
S006,1484596382,22.20,20.70,20.50,86.60,43.70,17.70
S006,1484596681,22.00,10.80,20.50,86.30,43.00,17.70
S006,1484596980,22.10,9.30,20.50,86.30,43.00,17.70
S006,1484597279,22.10,9.30,20.50,83.00,42.60,17.70
S006,1484597578,22.10,9.30,20.50,82.70,42.50,17.70
S006,1484597877,22.00,9.30,20.50,84.10,42.30,17.70
S006,1484598176,22.00,9.90,20.50,84.20,42.30,17.70
S006,1484598475,22.00,10.80,20.50,81.30,42.20,17.70
S006,1484598774,22.00,10.00,20.40,77.20,42.00,17.70
S006,1484599073,21.90,9.30,20.40,82.50,42.00,17.70
S006,1484599372,21.80,9.10,20.30,80.50,41.90,17.70
S006,1484599671,21.80,9.20,20.30,80.90,41.70,17.70
S006,1484599970,21.80,9.30,20.30,80.70,41.60,17.70
S006,1484600269,21.70,9.20,20.30,80.80,41.50,17.70
S006,1484600568,21.70,9.30,20.20,79.80,41.50,17.70
S006,1484600867,21.70,9.40,20.20,80.90,41.30,17.70
S006,1484601166,21.70,9.40,20.20,80.40,41.20,17.70
S006,1484601465,21.60,9.40,20.10,77.50,41.10,17.70
S006,1484601764,21.60,9.40,20.10,80.00,41.00,17.70
S006,1484602063,21.60,10.50,20.10,79.90,40.90,17.70
