Device,Time,DHT1-OUT Temp,DHT1-OUT Hum,DHT2-IN Temp,DHT2-IN Hum,Soil,Infrared
S003,1484070119,21.70,9.80,20.90,12.90,0.10,17.50
S003,1484070418,21.50,9.60,20.80,12.90,0.10,17.50
S003,1484070717,21.50,9.80,20.70,13.00,0.10,17.50
S003,1484071016,21.50,10.10,20.80,13.20,0.10,17.50
S003,1484071315,21.60,10.20,20.90,13.40,0.10,17.50
S003,1484071614,21.80,10.30,21.10,13.50,0.10,17.50
S003,1484071913,21.90,10.30,21.10,13.50,0.10,17.50
S003,1484072212,21.90,10.40,21.10,13.70,0.10,17.50
S003,1484072511,21.90,10.40,21.10,14.00,0.10,17.50
S003,1484072810,21.80,10.70,21.00,14.20,0.10,17.50
S003,1484073109,21.80,11.00,20.90,14.40,0.10,17.50
S003,1484073408,21.80,11.20,20.90,14.60,0.10,17.50
S003,1484073707,21.70,11.30,20.90,14.80,0.10,17.50
S003,1484074006,21.70,11.40,20.90,14.90,0.10,17.50
S003,1484074305,21.80,11.80,21.00,15.10,0.10,17.50
S003,1484074605,21.80,11.70,21.00,15.20,0.10,17.50
S003,1484074904,21.70,11.80,20.90,15.20,0.10,17.50
S003,1484075203,22.00,11.90,21.10,15.60,0.10,17.50
S003,1484075503,21.80,12.00,21.10,15.60,0.10,17.50
S003,1484075802,21.60,12.20,21.00,15.80,0.10,17.50
S003,1484076101,21.60,12.30,21.00,15.80,0.10,17.50
S003,1484076401,21.60,12.30,21.00,15.80,0.10,17.50
S003,1484076700,21.50,12.50,21.00,16.00,0.10,17.50
S003,1484077000,21.50,12.50,21.10,16.00,0.10,17.50
S003,1484077299,21.50,12.60,21.10,16.10,0.10,17.50
S003,1484077598,21.50,12.70,21.00,16.10,0.10,17.50
S003,1484077897,21.50,12.80,21.00,16.20,0.10,17.50
S003,1484078197,21.50,12.90,21.10,16.50,0.10,17.50
S003,1484078496,21.50,13.00,21.10,16.60,0.10,17.50
S003,1484078795,21.80,13.60,21.20,17.20,0.10,17.50
S003,1484079094,21.90,14.00,21.20,17.50,0.10,17.50
S003,1484079394,22.00,13.70,21.20,17.40,0.10,17.50
S003,1484079693,22.10,14.60,21.30,18.10,0.10,17.50
S003,1484079992,22.40,19.00,19.80,74.80,5.20,17.50
S003,1484080292,22.20,15.00,19.40,82.40,5.90,17.50
S003,1484080591,22.00,14.90,19.30,85.30,6.10,17.40
S003,1484080890,22.00,14.90,19.30,87.10,6.30,17.50
S003,1484081189,21.80,15.70,19.30,88.40,6.30,17.50
S003,1484081488,21.80,16.20,19.30,89.00,6.40,17.50
S003,1484081787,21.70,17.00,19.30,89.40,6.40,17.50
S003,1484082087,21.80,15.10,19.40,90.10,6.40,17.50
S003,1484082386,21.70,14.90,19.40,90.40,6.50,17.50
S003,1484082685,21.70,16.20,19.30,90.60,6.50,17.50
S003,1484082984,21.60,15.50,19.40,90.90,6.50,17.50
S003,1484083283,21.60,15.10,19.40,90.90,6.50,17.50
S003,1484083582,21.60,15.90,19.40,91.10,6.50,17.50
S003,1484083881,21.50,18.10,19.40,91.40,6.50,17.50
S003,1484084181,21.40,16.00,19.40,91.60,6.50,17.50
S003,1484084480,21.40,17.20,19.40,91.60,6.50,17.50
S003,1484084779,21.40,17.00,19.40,91.60,6.40,17.40
S003,1484085078,21.40,15.40,19.40,91.80,6.50,17.50
S003,1484085377,21.40,15.50,19.40,91.90,6.50,17.50
S003,1484085676,21.40,15.80,19.40,92.00,6.50,17.50
S003,1484085975,21.40,16.10,19.40,92.00,6.50,17.50
S003,1484086274,21.40,15.60,19.40,92.10,6.40,17.50
S003,1484086573,21.40,18.50,19.40,92.20,6.40,17.50
S003,1484086872,21.40,16.30,19.40,92.10,6.30,17.40
S003,1484087171,21.40,16.60,19.40,92.10,6.30,17.50
S003,1484087470,21.50,16.30,19.40,92.30,6.30,17.50
S003,1484087769,21.50,16.40,19.40,92.20,6.30,17.50
S003,1484088068,21.50,16.50,19.40,92.30,6.20,17.50
S003,1484088367,21.50,17.10,19.40,92.40,6.20,17.50
S003,1484088666,21.60,17.00,19.40,92.50,6.10,17.50
S003,1484088965,21.60,17.10,19.40,92.50,6.10,17.50
S003,1484089264,21.50,17.80,19.40,92.60,6.10,17.50
S003,1484089563,21.50,18.40,19.40,92.60,6.10,17.50
S003,1484089862,21.50,17.60,19.40,92.70,6.00,17.50
S003,1484090161,21.50,17.90,19.40,92.70,6.00,17.50
S003,1484090460,21.50,18.30,19.40,92.80,6.00,17.50
S003,1484090759,21.50,18.40,19.40,92.80,5.90,17.40
S003,1484091058,21.50,18.30,19.40,92.80,5.90,17.40
S003,1484091357,21.50,18.80,19.40,92.90,5.80,17.40
S003,1484091656,21.50,19.00,19.40,92.90,5.80,17.50
S003,1484091955,21.50,18.80,19.40,92.90,5.80,17.50
S003,1484092254,21.50,18.80,19.40,92.90,5.80,17.50
S003,1484092553,21.40,18.70,19.40,93.00,5.70,17.40
S003,1484092852,21.40,18.70,19.40,93.00,5.70,17.50
S003,1484093151,21.40,18.70,19.40,93.00,5.60,17.40
S003,1484093450,21.40,18.90,19.40,93.00,5.60,17.50
S003,1484093749,21.40,18.80,19.40,93.00,5.50,17.40
S003,1484094048,21.40,18.90,19.40,93.00,5.50,17.50
S003,1484094347,21.40,19.00,19.40,93.00,5.40,17.40
S003,1484094646,21.40,19.10,19.40,93.00,5.40,17.50
S003,1484094945,21.40,19.20,19.40,93.00,5.30,17.40
S003,1484095244,21.30,19.20,19.40,92.80,5.30,17.50
S003,1484095543,21.40,19.40,19.40,92.70,5.20,17.50
S003,1484095842,21.30,19.40,19.40,92.90,5.20,17.50
S003,1484096141,21.30,19.50,19.40,92.90,5.10,17.40
S003,1484096440,21.30,19.60,19.40,92.90,5.10,17.50
S003,1484096739,21.30,19.70,19.40,93.10,5.10,17.50
S003,1484097038,21.30,19.80,19.40,93.00,5.10,17.50
S003,1484097337,21.30,19.90,19.40,93.20,5.10,17.50
S003,1484097636,21.30,19.90,19.40,93.30,5.00,17.50
S003,1484097935,21.30,20.00,19.40,93.30,5.00,17.50
S003,1484098234,21.20,20.00,19.40,92.90,4.90,17.50
S003,1484098533,21.20,20.20,19.40,92.80,4.90,17.50
S003,1484098832,21.20,20.40,19.40,92.70,4.80,17.50
S003,1484099131,21.20,20.50,19.40,92.60,4.80,17.50
S003,1484099430,21.20,20.60,19.30,92.60,4.70,17.50
S003,1484099729,21.20,20.90,19.30,92.70,4.70,17.50
S003,1484100028,21.20,21.10,19.30,92.60,4.60,17.50
S003,1484100327,21.20,21.00,19.30,92.60,4.50,17.40
S003,1484100626,21.20,21.10,19.30,92.50,4.50,17.50
S003,1484100925,21.20,21.20,19.30,92.80,4.40,17.50
S003,1484101224,21.20,21.30,19.30,92.90,4.40,17.50
S003,1484101523,21.20,21.30,19.30,93.00,4.40,17.50
S003,1484101822,21.20,21.50,19.30,93.00,4.40,17.50
S003,1484102121,21.30,21.70,19.30,93.10,4.30,17.40
S003,1484102420,21.20,21.80,19.30,93.10,4.30,17.50
S003,1484102719,21.20,21.90,19.30,93.00,4.30,17.50
S003,1484103018,21.20,22.00,19.30,93.10,4.30,17.50
S003,1484103317,21.10,22.10,19.30,93.00,4.20,17.50
S003,1484103616,21.10,22.20,19.30,92.70,4.20,17.50
S003,1484103915,21.10,22.50,19.20,92.60,4.10,17.50
S003,1484104214,21.00,22.60,19.20,92.90,4.10,17.50
S003,1484104513,21.00,22.70,19.20,92.80,4.10,17.50
S003,1484104812,21.00,22.70,19.20,92.90,4.00,17.50
S003,1484105111,21.10,22.70,19.20,93.00,4.00,17.50
S003,1484105410,21.10,22.70,19.20,93.10,3.90,17.40
S003,1484105709,21.10,22.70,19.20,93.20,4.00,17.50
S003,1484106008,21.00,22.70,19.20,93.10,3.90,17.50
S003,1484106307,21.00,22.70,19.20,93.20,3.90,17.50
S003,1484106606,21.00,22.70,19.10,93.00,3.80,17.40
S003,1484106905,21.00,22.70,19.10,93.10,3.80,17.50
S003,1484107204,21.00,22.70,19.10,93.30,3.80,17.50
S003,1484107503,20.90,23.20,19.10,93.00,3.70,17.50
S003,1484107802,20.80,23.50,19.10,93.10,3.70,17.50
S003,1484108101,20.70,25.70,19.10,93.20,3.70,17.50
S003,1484108401,20.70,23.50,19.10,93.20,3.70,17.50
S003,1484108700,20.60,24.20,19.10,93.20,3.70,17.50
S003,1484108999,20.60,24.50,19.10,93.10,3.70,17.50
S003,1484109298,20.50,24.10,19.10,93.20,3.70,17.50
S003,1484109597,20.50,24.10,19.10,93.30,3.70,17.50
S003,1484109896,20.50,26.30,19.10,93.30,3.70,17.50
S003,1484110195,20.40,24.60,19.10,93.30,3.60,17.40
S003,1484110494,20.50,24.70,19.00,93.30,3.60,17.50
S003,1484110793,20.50,24.90,19.00,93.30,3.60,17.50
S003,1484111092,20.40,25.10,19.00,93.30,3.60,17.50
S003,1484111391,20.40,26.60,19.00,93.30,3.60,17.50
S003,1484111690,20.40,24.90,19.00,93.30,3.60,17.50
S003,1484111989,20.40,25.10,19.00,93.30,3.60,17.50
S003,1484112288,20.40,25.20,19.00,93.30,3.50,17.40
S003,1484112587,20.50,26.50,18.90,93.20,3.50,17.50
S003,1484112886,20.50,25.50,18.90,93.20,3.50,17.50
S003,1484113185,20.50,26.10,18.90,93.20,3.50,17.50
S003,1484113484,20.40,25.50,18.90,93.20,3.40,17.40
S003,1484113783,20.40,25.80,18.90,93.40,3.40,17.40
S003,1484114082,20.40,25.90,18.90,93.30,3.50,17.50
S003,1484114381,20.40,26.70,18.90,93.50,3.50,17.50
S003,1484114680,20.40,28.10,18.90,93.50,3.40,17.40
S003,1484114979,20.50,28.40,18.90,93.60,3.40,17.50
S003,1484115278,20.50,27.80,18.90,93.70,3.40,17.50
S003,1484115577,20.50,27.60,18.90,93.70,3.40,17.50
S003,1484115876,20.40,27.70,18.90,93.80,3.40,17.50
S003,1484116175,20.50,27.60,18.90,93.80,3.40,17.50
S003,1484116474,20.40,28.40,18.90,93.80,3.40,17.50
S003,1484116773,20.40,27.60,18.90,93.80,3.40,17.50
S003,1484117072,20.40,31.10,18.90,93.80,3.30,17.40
S003,1484117371,20.50,30.50,18.90,93.90,3.40,17.50
S003,1484117670,20.40,30.40,18.90,93.90,3.40,17.50
S003,1484117969,20.40,29.80,18.80,93.90,3.30,17.50
S003,1484118268,20.40,29.00,18.90,94.00,3.30,17.50
S003,1484118567,20.30,28.60,18.80,93.90,3.30,17.50
S003,1484118866,20.30,28.30,18.80,94.00,3.30,17.50
S003,1484119165,20.30,28.00,18.80,94.00,3.30,17.50
S003,1484119464,20.30,28.00,18.80,94.00,3.30,17.50
S003,1484119763,20.30,28.20,18.80,94.00,3.30,17.50
S003,1484120062,20.30,27.70,18.80,94.00,3.30,17.50
S003,1484120361,20.30,27.50,18.80,94.00,3.30,17.50
S003,1484120660,20.30,27.70,18.80,94.00,3.30,17.50
S003,1484120959,20.30,27.70,18.80,94.20,3.20,17.50
S003,1484121258,20.30,27.80,18.80,94.00,3.20,17.50
S003,1484121557,20.20,27.70,18.80,94.00,3.20,17.50
S003,1484121856,20.20,27.70,18.80,94.00,3.20,17.50
S003,1484122155,20.20,27.70,18.70,93.90,3.20,17.50
S003,1484122454,20.20,27.70,18.70,94.00,3.10,17.40
S003,1484122753,20.20,27.30,18.70,94.00,3.10,17.50
S003,1484123052,20.20,27.30,18.70,94.00,3.10,17.50
S003,1484123351,20.20,27.20,18.70,94.00,3.10,17.50
S003,1484123650,20.20,27.10,18.70,94.00,3.10,17.50
S003,1484123949,20.20,27.80,18.70,94.10,3.10,17.50
S003,1484124248,20.20,27.30,18.70,94.10,3.10,17.50
S003,1484124547,20.20,27.60,18.70,94.10,3.10,17.50
S003,1484124846,20.20,27.60,18.70,94.10,3.00,17.40
S003,1484125145,20.20,28.10,18.60,94.10,3.00,17.50
S003,1484125444,20.20,27.70,18.60,94.10,3.00,17.50
S003,1484125743,20.20,28.50,18.60,94.10,3.00,17.50
S003,1484126042,20.20,28.00,18.60,94.10,3.00,17.50
S003,1484126341,20.20,28.20,18.60,94.10,2.90,17.40
S003,1484126640,20.10,28.20,18.60,94.10,2.90,17.50
S003,1484126939,20.10,28.50,18.60,94.10,2.90,17.50
S003,1484127238,20.10,28.90,18.60,94.10,2.90,17.50
S003,1484127537,20.10,28.80,18.60,94.10,2.90,17.50
S003,1484127836,20.10,29.30,18.60,94.10,2.90,17.50
S003,1484128135,20.10,29.10,18.60,94.20,2.90,17.50
S003,1484128434,20.10,29.40,18.60,94.20,2.90,17.50
S003,1484128733,20.10,30.10,18.60,94.20,2.90,17.50
S003,1484129032,20.10,29.40,18.60,94.20,2.90,17.50
S003,1484129331,20.10,30.20,18.60,94.20,2.90,17.50
S003,1484129630,20.10,31.30,18.50,94.20,2.80,17.50
S003,1484129929,20.10,30.20,18.50,94.20,2.80,17.50
S003,1484130228,20.10,30.70,18.50,94.20,2.80,17.50
S003,1484130527,20.00,30.10,18.50,94.30,2.80,17.50
S003,1484130826,20.00,30.00,18.50,94.50,2.80,17.50
S003,1484131125,20.00,30.10,18.50,94.30,2.80,17.50
S003,1484131424,20.00,30.10,18.50,94.00,2.80,17.50
S003,1484131723,20.10,30.20,18.50,93.90,2.70,17.50
S003,1484132022,20.00,30.10,18.50,94.00,2.70,17.50
S003,1484132321,20.00,30.10,18.50,93.80,2.70,17.50
S003,1484132620,20.00,30.10,18.50,93.90,2.70,17.50
S003,1484132919,20.00,30.10,18.50,93.80,2.60,17.50
S003,1484133218,20.00,30.40,18.50,93.90,2.60,17.40
S003,1484133517,20.00,30.10,18.50,94.00,2.60,17.50
S003,1484133816,20.00,30.10,18.50,94.00,2.60,17.50
S003,1484134115,20.00,30.10,18.40,93.90,2.60,17.50
S003,1484134414,20.00,30.80,18.40,93.80,2.60,17.50
S003,1484134713,20.00,30.70,18.40,94.00,2.50,17.40
S003,1484135012,20.00,30.10,18.40,93.90,2.50,17.50
S003,1484135311,20.00,30.10,18.40,93.90,2.50,17.50
S003,1484135610,20.10,30.20,18.40,93.90,2.50,17.50
S003,1484135909,20.00,30.10,18.40,94.10,2.50,17.50
S003,1484136208,20.20,30.30,18.40,94.10,2.50,17.50
S003,1484136507,20.30,29.80,18.40,94.30,2.50,17.50
S003,1484136806,20.30,29.80,18.40,94.30,2.50,17.50
S003,1484137105,20.40,29.80,18.40,94.30,2.50,17.50
S003,1484137404,20.40,29.70,18.40,94.40,2.50,17.50
S003,1484137703,20.40,29.60,18.40,94.40,2.50,17.50
S003,1484138002,20.50,29.60,18.50,94.40,2.50,17.50
S003,1484138301,20.50,29.50,18.50,94.50,2.50,17.40
S003,1484138600,20.50,29.50,18.50,94.80,2.50,17.50
S003,1484138899,20.60,29.60,18.50,94.60,2.50,17.50
S003,1484139198,20.60,29.60,18.50,94.60,2.50,17.50
S003,1484139497,20.60,29.50,18.50,94.70,2.60,17.50
S003,1484139796,20.60,29.60,18.50,94.70,2.50,17.40
S003,1484140095,20.60,29.40,18.60,94.80,2.60,17.50
S003,1484140394,20.60,29.50,18.60,94.90,2.50,17.50
S003,1484140693,20.60,29.50,18.60,94.90,2.50,17.50
S003,1484140992,20.70,29.30,18.60,94.90,2.50,17.50
S003,1484141291,20.70,29.40,18.60,95.00,2.50,17.40
S003,1484141590,20.60,29.10,18.60,95.00,2.50,17.40
S003,1484141889,20.60,29.10,18.60,95.00,2.50,17.50
S003,1484142188,20.60,29.00,18.60,95.00,2.50,17.50
S003,1484142487,20.60,28.90,18.60,95.00,2.50,17.50
S003,1484142786,20.60,28.80,18.60,94.90,2.50,17.50
S003,1484143085,20.60,28.70,18.70,94.90,2.50,17.50
S003,1484143384,20.60,28.90,18.70,95.00,2.50,17.50
S003,1484143683,20.70,28.80,18.70,95.00,2.50,17.50
S003,1484143982,20.70,28.40,18.70,95.00,2.50,17.50
S003,1484144281,20.70,28.50,18.70,95.00,2.50,17.50
S003,1484144580,20.70,28.20,18.70,95.00,2.50,17.50
S003,1484144879,20.70,28.20,18.70,95.00,2.40,17.50
S003,1484145178,20.70,28.00,18.70,95.00,2.40,17.50
S003,1484145477,20.70,28.00,18.70,95.00,2.40,17.50
S003,1484145776,20.70,28.30,18.70,95.00,2.40,17.50
S003,1484146075,20.80,27.80,18.80,95.00,2.40,17.40
S003,1484146374,20.80,28.40,18.80,95.00,2.40,17.50
S003,1484146674,20.90,28.10,18.80,95.00,2.40,17.50
S003,1484146973,20.90,29.20,18.80,95.00,2.40,17.50
S003,1484147272,21.00,28.00,18.80,95.00,2.40,17.50
S003,1484147571,21.00,27.70,18.80,95.00,2.40,17.50
S003,1484147870,21.00,27.70,18.80,95.00,2.40,17.50
S003,1484148169,21.10,27.40,18.90,95.10,2.40,17.50
S003,1484148468,21.20,27.20,18.90,95.10,2.40,17.50
S003,1484148767,21.30,27.00,18.90,95.10,2.40,17.50
S003,1484149066,21.30,27.00,18.90,95.10,2.40,17.50
S003,1484149365,21.20,26.90,19.00,95.10,2.40,17.50
S003,1484149664,21.20,26.90,19.00,95.10,2.40,17.50
S003,1484149963,21.30,27.20,19.00,95.10,2.40,17.50
S003,1484150262,21.40,26.90,19.00,95.10,2.40,17.50
S003,1484150561,21.40,26.80,19.00,95.10,2.40,17.50
S003,1484150860,21.50,26.30,19.10,95.20,2.40,17.50
S003,1484151159,21.50,26.30,19.10,95.20,2.40,17.50
S003,1484151458,21.50,26.30,19.10,95.20,2.40,17.50
S003,1484151757,21.40,26.10,19.10,95.20,2.40,17.50
S003,1484152056,21.40,26.10,19.10,95.20,2.30,17.40
S003,1484152355,21.40,26.00,19.20,95.20,2.40,17.50
S003,1484152654,21.40,25.80,19.20,95.20,2.30,17.40
S003,1484152953,21.40,25.80,19.20,95.20,2.30,17.40
S003,1484153252,21.60,25.70,19.20,95.20,2.30,17.50
S003,1484153551,21.80,25.70,19.20,95.20,2.30,17.50
S003,1484153850,21.90,26.60,19.30,95.20,2.30,17.50
S003,1484154149,21.80,25.60,19.30,95.20,2.30,17.50
S003,1484154448,21.60,25.50,19.30,95.20,2.30,17.50
S003,1484154747,21.60,24.90,19.30,95.20,2.20,17.40
S003,1484155046,21.50,24.50,19.40,95.30,2.30,17.50
S003,1484155345,21.50,24.00,19.40,95.30,2.20,17.50
S003,1484155644,21.60,23.50,19.40,95.30,2.20,17.50
S003,1484155943,21.60,23.10,19.40,95.30,2.20,17.50
S003,1484156242,21.60,23.10,19.40,95.30,2.20,17.50
S003,1484156541,21.60,23.60,19.40,95.30,2.10,17.50
S003,1484156840,21.70,23.10,19.40,95.30,2.10,17.50
S003,1484157139,21.60,22.60,19.40,95.30,2.10,17.50
S003,1484157438,21.60,22.40,19.40,95.30,2.10,17.50
S003,1484157737,21.60,22.50,19.40,95.30,2.10,17.50
S003,1484158036,21.70,22.20,19.50,95.30,2.10,17.50
S003,1484158335,21.80,23.20,19.50,95.30,2.10,17.50
S003,1484158634,21.70,21.60,19.50,95.30,2.10,17.50
S003,1484158933,21.70,21.30,19.50,95.30,2.10,17.50
S003,1484159232,21.70,20.60,19.50,95.30,2.10,17.50
S003,1484159531,21.70,20.20,19.50,95.30,2.00,17.40
S003,1484159830,21.70,21.00,19.50,95.30,2.00,17.50
S003,1484160129,21.80,19.90,19.60,95.40,2.00,17.50
S003,1484160428,21.80,21.20,19.60,95.40,2.00,17.50
S003,1484160727,21.90,19.90,19.60,95.40,2.00,17.50
S003,1484161026,21.90,19.60,19.60,95.40,2.00,17.50
S003,1484161325,21.90,19.30,19.60,95.40,2.00,17.50
S003,1484161624,21.90,19.40,19.60,95.40,2.00,17.50
S003,1484161923,21.90,19.10,19.70,95.50,1.90,17.40
S003,1484162222,21.90,19.10,19.70,95.50,1.90,17.50
S003,1484162521,22.00,19.50,19.70,95.50,1.90,17.50
S003,1484162820,21.90,19.10,19.70,95.50,1.90,17.50
S003,1484163119,21.90,19.00,19.70,95.50,1.90,17.50
S003,1484163418,21.90,18.80,19.70,95.50,1.90,17.50
S003,1484163717,22.00,19.00,19.70,95.40,1.90,17.50
S003,1484164016,22.00,18.50,19.70,95.50,1.90,17.50
S003,1484164315,22.00,19.10,19.80,95.50,1.90,17.50
S003,1484164614,22.00,18.70,19.80,95.60,1.90,17.50
S003,1484164913,22.00,18.90,19.80,95.60,1.90,17.50
S003,1484165212,22.00,18.70,19.80,95.60,1.90,17.50
S003,1484165511,21.90,18.90,19.80,95.60,1.90,17.50
S003,1484165810,21.90,18.80,19.80,95.60,1.80,17.40
S003,1484166109,21.90,19.10,19.80,95.60,1.80,17.50
S003,1484166408,21.90,18.70,19.80,95.60,1.80,17.50
S003,1484166707,21.90,18.60,19.80,95.60,1.80,17.50
S003,1484167006,21.90,18.30,19.80,95.60,1.80,17.50
S003,1484167305,21.90,18.80,19.80,95.60,1.80,17.50
S003,1484167604,21.80,18.40,19.80,95.60,1.80,17.50
S003,1484167903,21.90,19.10,19.80,95.60,1.80,17.50
S003,1484168202,21.90,18.30,19.80,95.50,1.80,17.50
S003,1484168501,21.90,18.30,19.80,95.50,1.80,17.50
S003,1484168800,21.90,18.20,19.80,95.50,1.80,17.50
S003,1484169099,21.90,18.40,19.80,95.50,1.80,17.50
S003,1484169398,21.90,18.30,19.80,95.50,1.80,17.50
S003,1484169697,21.90,18.20,19.80,95.50,1.80,17.50
S003,1484169996,22.10,18.60,19.80,95.40,2.30,17.40
S003,1484170295,22.20,18.60,19.80,95.40,2.40,17.40
S003,1484170594,22.10,18.20,19.90,95.50,2.50,17.50
S003,1484170893,22.00,18.30,19.90,95.50,2.50,17.50
S003,1484171192,22.00,18.00,19.90,95.70,2.50,17.50
S003,1484171491,22.10,18.30,19.90,95.50,2.60,17.40
S003,1484171790,22.20,18.00,19.90,95.50,2.60,17.50
S003,1484172089,22.10,18.20,19.90,95.50,2.60,17.50
S003,1484172388,22.10,19.00,19.90,95.50,2.60,17.50
S003,1484172687,22.10,18.20,19.90,95.50,2.60,17.50
S003,1484172986,22.50,17.80,19.90,95.50,2.70,17.50
S003,1484173285,22.20,18.20,20.00,95.50,2.70,17.50
S003,1484173584,22.10,19.20,20.00,95.50,2.70,17.50
S003,1484173883,22.10,17.80,20.00,95.50,2.70,17.50
S003,1484174182,22.10,17.90,20.00,95.50,2.70,17.50
S003,1484174481,22.00,17.40,20.00,95.50,2.70,17.50
S003,1484174780,22.00,17.40,20.00,95.50,2.60,17.50
S003,1484175079,21.90,17.50,20.00,95.50,2.60,17.50
S003,1484175378,22.00,18.30,20.00,95.50,2.60,17.50
S003,1484175677,22.00,18.30,20.00,95.50,2.60,17.50
S003,1484175976,22.00,17.90,20.00,95.50,2.60,17.50
S003,1484176275,22.00,18.30,20.00,95.50,2.60,17.50
S003,1484176574,22.00,18.20,20.00,95.50,2.50,17.40
S003,1484176873,22.00,18.30,20.00,95.50,2.50,17.50
S003,1484177172,22.00,18.80,20.00,95.50,2.50,17.50
S003,1484177471,22.00,18.80,20.00,95.50,2.40,17.50
S003,1484177770,22.10,19.10,20.00,95.50,2.40,17.50
S003,1484178069,22.00,19.10,20.00,95.50,2.40,17.50
S003,1484178368,22.00,19.70,20.00,95.50,2.40,17.50
S003,1484178667,22.00,19.50,20.00,95.50,2.40,17.50
S003,1484178966,22.00,19.80,20.00,95.50,2.40,17.50
S003,1484179265,22.00,19.90,20.00,95.50,2.40,17.50
S003,1484179564,22.10,21.70,20.10,95.60,2.40,17.50
S003,1484179863,22.10,20.30,20.00,95.50,2.10,17.50
S003,1484180162,22.00,20.00,20.00,95.50,2.20,17.50
S003,1484180461,22.00,20.20,20.00,95.50,2.20,17.50
S003,1484180760,22.00,20.20,20.00,95.50,2.20,17.50
S003,1484181059,22.00,20.70,20.00,95.50,2.20,17.50
S003,1484181358,22.00,20.20,20.10,95.60,2.20,17.50
S003,1484181657,22.00,20.10,20.10,95.60,2.20,17.50
S003,1484181956,21.90,20.10,20.00,95.50,2.10,17.50
S003,1484182255,21.90,20.20,20.10,95.60,1.90,17.50
S003,1484182554,21.90,22.50,20.10,95.60,83.40,17.90
S003,1484182853,22.10,20.70,20.00,95.50,4.20,17.40
S003,1484183152,21.90,20.40,20.00,95.50,4.30,17.50
S003,1484183451,21.80,20.90,20.10,95.60,4.40,17.50
S003,1484183750,21.80,20.50,20.10,95.60,4.40,17.50
S003,1484184049,21.80,20.90,20.10,95.60,4.50,17.50
S003,1484184348,21.80,20.40,20.00,95.50,4.50,17.50
S003,1484184647,21.80,21.90,20.10,95.60,4.50,17.40
S003,1484184947,21.80,20.50,20.10,95.60,4.60,17.50
S003,1484185246,21.90,20.90,20.10,95.60,4.70,17.50
S003,1484185545,22.00,21.10,20.10,95.60,4.70,17.50
S003,1484185844,22.00,20.90,20.10,95.60,4.70,17.50
S003,1484186143,22.00,20.90,20.10,95.60,4.70,17.50
S003,1484186442,21.90,20.60,20.00,95.40,4.70,17.50
S003,1484186741,21.80,20.90,20.10,95.60,4.60,17.40
S003,1484187040,21.80,20.80,20.10,95.60,4.60,17.40
S003,1484187339,21.80,20.70,20.10,95.60,4.60,17.50
S003,1484187638,21.90,21.20,20.10,95.60,4.60,17.40
S003,1484187937,21.90,20.70,20.10,95.60,4.60,17.50
S003,1484188236,21.80,20.70,20.10,95.60,4.50,17.40
S003,1484188535,21.70,20.70,20.10,95.60,4.50,17.40
S003,1484188834,21.60,20.80,20.00,95.50,4.50,17.50
S003,1484189133,21.60,20.80,20.00,95.30,4.50,17.50
S003,1484189432,21.60,20.90,20.00,95.20,4.50,17.50
S003,1484189731,21.60,21.00,20.00,95.30,4.50,17.50
S003,1484190030,21.60,21.10,20.00,95.20,4.50,17.50
S003,1484190329,21.50,21.10,20.00,95.30,4.40,17.40
S003,1484190628,21.50,21.30,19.90,95.10,4.50,17.50
S003,1484190927,21.40,21.50,19.90,95.10,4.50,17.50
S003,1484191226,21.40,21.60,19.90,95.20,4.50,17.50
S003,1484191525,21.40,21.70,19.90,95.20,4.70,17.50
S003,1484191824,21.40,21.80,19.90,95.30,4.70,17.50
S003,1484192123,21.40,21.90,19.80,95.40,4.70,17.50
S003,1484192422,21.40,22.10,19.80,95.40,4.60,17.40
S003,1484192721,21.40,22.20,19.80,95.40,4.60,17.50
S003,1484193020,21.30,22.40,19.80,95.40,4.60,17.50
S003,1484193319,21.30,22.60,19.80,95.40,4.50,17.40
S003,1484193618,21.20,22.80,19.80,95.40,4.50,17.50
S003,1484193917,21.10,22.70,19.80,95.40,4.50,17.50
S003,1484194216,21.10,22.70,19.70,95.40,4.50,17.50
S003,1484194515,21.10,22.70,19.70,95.30,4.40,17.40
S003,1484194814,21.00,23.10,19.70,95.40,4.40,17.50
S003,1484195113,21.00,23.60,19.70,95.40,4.40,17.50
S003,1484195412,21.00,23.40,19.70,95.40,4.40,17.50
S003,1484195711,20.90,23.30,19.70,95.40,4.40,17.50
S003,1484196010,20.90,23.70,19.70,95.40,4.40,17.50
S003,1484196309,20.90,23.60,19.70,95.40,4.30,17.40
S003,1484196608,20.80,23.60,19.60,95.40,4.40,17.50
S003,1484196907,20.80,24.00,19.60,95.40,4.30,17.40
S003,1484197206,20.80,23.80,19.60,95.40,4.30,17.50
S003,1484197505,20.80,23.90,19.60,95.40,4.30,17.50
S003,1484197804,20.80,24.40,19.50,95.30,4.30,17.50
S003,1484198103,20.70,24.00,19.50,95.30,4.30,17.50
S003,1484198402,20.70,24.10,19.50,95.30,4.30,17.50
S003,1484198701,20.70,24.20,19.50,95.30,4.30,17.50
S003,1484199000,20.70,24.30,19.50,95.30,4.30,17.50
S003,1484199299,20.70,24.50,19.50,95.30,4.30,17.50
S003,1484199598,20.70,24.90,19.50,95.30,4.30,17.50
S003,1484199897,20.80,24.80,19.40,95.30,4.20,17.50
S003,1484200196,20.80,25.20,19.50,95.30,4.20,17.40
S003,1484200495,20.80,24.60,19.40,95.30,4.20,17.50
S003,1484200794,20.80,24.70,19.40,95.30,4.20,17.50
S003,1484201093,20.90,24.90,19.40,95.30,4.20,17.50
S003,1484201392,20.90,25.00,19.40,95.30,4.20,17.50
S003,1484201691,20.90,25.50,19.40,95.40,4.20,17.50
S003,1484201990,20.90,25.70,19.40,95.40,4.20,17.50
S003,1484202289,20.90,25.90,19.40,95.40,4.20,17.50
S003,1484202588,20.90,26.20,19.40,95.50,4.10,17.40
S003,1484202887,20.90,26.70,19.40,95.50,4.10,17.40
S003,1484203186,20.90,26.60,19.40,95.60,4.10,17.40
S003,1484203485,20.90,26.60,19.40,95.60,4.10,17.40
S003,1484203784,20.80,28.10,19.40,95.60,4.10,17.40
S003,1484204083,20.80,26.90,19.40,95.60,4.10,17.40
S003,1484204382,20.80,27.20,19.40,95.60,4.10,17.40
S003,1484204681,20.80,27.30,19.40,95.50,4.10,17.50
S003,1484204980,20.70,27.50,19.40,95.60,4.10,17.50
S003,1484205279,20.70,28.20,19.40,95.50,4.10,17.50
S003,1484205578,20.70,28.60,19.40,95.50,4.00,17.40
S003,1484205877,20.70,28.00,19.40,95.50,4.10,17.50
S003,1484206176,20.70,28.20,19.30,95.50,4.10,17.50
S003,1484206475,20.70,28.30,19.30,95.50,4.10,17.50
S003,1484206774,20.60,30.60,19.30,95.50,4.10,17.50
S003,1484207073,20.60,28.80,19.30,95.50,4.00,17.40
S003,1484207372,20.60,29.00,19.30,95.50,4.00,17.40
S003,1484207671,20.60,28.90,19.30,95.50,4.00,17.50
S003,1484207970,20.60,29.20,19.30,95.50,4.00,17.50
S003,1484208269,20.60,29.30,19.30,95.50,4.00,17.50
S003,1484208568,20.60,29.30,19.30,95.50,4.00,17.50
S003,1484208867,20.60,29.60,19.20,95.50,4.00,17.50
S003,1484209166,20.60,30.00,19.20,95.40,4.00,17.50
S003,1484209465,20.60,30.00,19.30,95.50,4.00,17.50
S003,1484209764,20.60,30.60,19.20,95.40,4.00,17.50
S003,1484210063,20.60,30.60,19.20,95.40,4.00,17.50
S003,1484210362,20.60,30.60,19.20,95.40,3.90,17.40
S003,1484210661,20.60,30.60,19.20,95.40,3.90,17.40
S003,1484210960,20.60,30.60,19.20,95.40,3.90,17.50
S003,1484211259,20.60,30.60,19.20,95.50,3.90,17.50
S003,1484211558,20.60,30.60,19.20,95.40,3.90,17.50
S003,1484211857,20.60,30.60,19.20,95.50,3.90,17.50
S003,1484212156,20.60,31.00,19.20,95.50,3.90,17.50
S003,1484212455,20.70,31.20,19.20,95.60,3.90,17.50
S003,1484212754,20.70,30.90,19.20,95.80,3.90,17.50
S003,1484213053,20.80,32.40,19.20,95.60,3.90,17.50
S003,1484213352,20.70,31.10,19.20,95.70,3.90,17.50
S003,1484213651,20.80,31.70,19.20,95.70,3.90,17.50
S003,1484213950,20.80,31.60,19.20,95.70,3.80,17.40
S003,1484214249,20.80,31.80,19.20,95.70,3.80,17.40
S003,1484214548,20.80,31.90,19.20,95.70,3.80,17.40
S003,1484214847,20.70,31.80,19.20,95.70,3.80,17.40
S003,1484215146,20.70,32.40,19.20,95.70,3.80,17.50
S003,1484215445,20.70,32.00,19.20,95.50,3.80,17.50
S003,1484215744,20.70,33.20,19.20,95.60,3.80,17.40
S003,1484216043,20.70,32.50,19.20,95.70,3.80,17.50
S003,1484216342,20.70,32.60,19.20,95.70,3.80,17.50
S003,1484216641,20.70,32.80,19.20,95.60,3.80,17.50
S003,1484216940,20.70,33.20,19.20,95.70,3.80,17.50
S003,1484217239,20.70,33.80,19.20,95.70,3.80,17.50
S003,1484217538,20.70,33.30,19.20,95.60,3.80,17.50
S003,1484217837,20.70,33.40,19.20,95.60,3.80,17.50
S003,1484218136,20.70,33.40,19.20,95.60,3.80,17.50
S003,1484218435,20.70,33.70,19.20,95.40,3.80,17.50
S003,1484218734,20.70,33.90,19.20,95.50,3.70,17.40
S003,1484219033,20.70,34.10,19.20,95.60,3.80,17.50
S003,1484219332,20.70,34.90,19.20,95.60,3.70,17.40
S003,1484219631,20.70,34.10,19.20,95.70,3.70,17.40
S003,1484219930,20.70,34.20,19.20,95.60,3.80,17.50
S003,1484220229,20.70,34.30,19.20,95.70,3.70,17.50
S003,1484220528,20.70,35.10,19.20,95.70,3.70,17.40
S003,1484220827,20.70,34.40,19.20,95.70,3.70,17.50
S003,1484221126,20.70,34.50,19.20,95.60,3.70,17.40
S003,1484221425,20.70,34.50,19.20,95.70,3.70,17.50
S003,1484221724,20.70,35.00,19.20,95.70,3.70,17.50
S003,1484222023,20.70,34.90,19.20,95.70,3.70,17.50
S003,1484222322,20.80,34.60,19.20,95.70,3.70,17.50
S003,1484222621,20.90,34.60,19.20,95.70,3.70,17.50
S003,1484222920,20.90,34.50,19.20,95.70,3.70,17.50
S003,1484223220,21.00,35.10,19.20,95.70,3.70,17.50
S003,1484223519,21.00,34.40,19.20,95.70,3.70,17.50
S003,1484223818,21.00,34.20,19.20,95.70,3.70,17.50
S003,1484224117,21.10,34.30,19.20,95.80,3.70,17.50
S003,1484224416,21.10,34.20,19.20,95.80,3.70,17.50
S003,1484224715,21.10,34.80,19.30,95.80,3.70,17.50
S003,1484225014,21.10,34.20,19.30,95.90,3.70,17.50
S003,1484225313,21.10,34.00,19.30,95.90,3.70,17.50
S003,1484225612,21.10,34.10,19.30,95.90,3.70,17.50
S003,1484225911,21.20,34.10,19.30,95.90,3.70,17.50
S003,1484226210,21.20,34.10,19.30,95.90,3.70,17.50
S003,1484226509,21.20,34.20,19.30,95.90,3.70,17.50
S003,1484226808,21.10,34.00,19.30,95.90,3.70,17.50
S003,1484227107,21.10,34.10,19.30,95.80,3.70,17.50
S003,1484227406,21.10,34.00,19.30,95.80,3.70,17.50
S003,1484227705,21.10,34.40,19.30,95.90,3.70,17.50
S003,1484228004,21.10,34.40,19.40,95.90,3.60,17.50
S003,1484228303,21.20,34.30,19.40,95.90,3.60,17.40
S003,1484228602,21.20,34.40,19.40,95.90,3.60,17.50
S003,1484228901,21.20,34.40,19.40,95.90,3.70,17.50
S003,1484229200,21.20,34.40,19.40,96.20,3.60,17.40
S003,1484229499,21.20,34.60,19.40,95.90,3.60,17.50
S003,1484229798,21.10,34.60,19.40,95.90,3.60,17.40
S003,1484230097,21.10,34.60,19.40,95.90,3.60,17.50
S003,1484230396,21.20,34.60,19.40,96.00,3.70,17.50
S003,1484230695,21.30,35.20,19.40,96.00,3.60,17.40
S003,1484230994,21.30,35.20,19.40,96.00,3.70,17.50
S003,1484231293,21.30,34.80,19.50,96.00,3.60,17.50
S003,1484231592,21.20,34.90,19.50,96.00,3.60,17.50
S003,1484231891,21.20,34.80,19.50,96.00,3.60,17.50
S003,1484232190,21.30,35.00,19.50,96.00,3.60,17.50
S003,1484232489,21.30,35.10,19.50,96.00,3.60,17.50
S003,1484232788,21.40,35.50,19.50,96.00,3.60,17.40
S003,1484233087,21.50,36.10,19.50,96.00,3.60,17.40
S003,1484233386,21.60,34.90,19.50,96.00,3.60,17.40
S003,1484233685,21.60,34.90,19.50,96.10,3.70,17.50
S003,1484233984,21.60,35.30,19.60,96.10,3.60,17.40
S003,1484234283,21.70,35.20,19.60,96.10,3.60,17.40
S003,1484234582,21.70,35.20,19.60,96.10,3.60,17.40
S003,1484234881,21.80,35.60,19.70,96.20,3.60,17.40
S003,1484235180,21.90,35.50,19.70,96.20,3.60,17.50
S003,1484235479,22.00,36.20,19.70,96.20,3.60,17.40
S003,1484235778,22.00,36.20,19.70,96.20,3.60,17.50
S003,1484236077,22.00,35.80,19.70,96.20,3.60,17.40
S003,1484236376,22.00,35.50,19.80,96.20,3.70,17.50
S003,1484236675,22.10,35.90,19.80,96.20,3.70,17.50
S003,1484236974,22.10,36.00,19.80,96.20,3.60,17.40
S003,1484237273,22.20,36.10,19.90,96.20,3.60,17.50
S003,1484237572,22.20,35.90,19.90,96.20,3.60,17.50
S003,1484237871,22.20,35.90,19.90,96.20,3.60,17.50
S003,1484238170,22.20,36.50,20.00,96.20,3.60,17.50
S003,1484238469,22.30,37.30,20.00,96.20,3.60,17.50
S003,1484238768,22.40,36.10,20.00,96.20,3.50,17.40
S003,1484239067,22.50,36.00,20.00,96.20,3.50,17.50
S003,1484239366,22.80,41.40,20.10,96.10,53.40,17.70
S003,1484239665,22.90,35.80,20.20,96.10,41.70,17.60
S003,1484239964,22.50,35.70,20.40,96.20,40.50,17.60
S003,1484240263,22.30,35.80,20.40,96.30,39.90,17.60
S003,1484240562,22.30,35.90,20.40,96.40,39.90,17.60
S003,1484240861,22.20,36.10,20.40,96.40,39.70,17.60
S003,1484241160,22.20,36.10,20.50,96.40,39.50,17.60
S003,1484241459,22.30,35.90,20.50,96.50,39.20,17.60
S003,1484241758,22.30,36.30,20.50,96.50,38.90,17.60
S003,1484242057,22.40,35.80,20.50,96.50,38.60,17.60
S003,1484242356,22.30,36.20,20.50,96.50,38.40,17.60
S003,1484242655,22.40,35.90,20.50,96.60,38.10,17.60
S003,1484242954,22.40,35.90,20.50,96.60,37.80,17.60
S003,1484243253,22.40,36.80,20.60,96.70,37.60,17.60
S003,1484243552,22.40,36.00,20.60,96.70,37.50,17.60
S003,1484243851,22.40,36.20,20.60,96.70,37.20,17.60
S003,1484244150,22.40,36.40,20.60,96.70,37.10,17.60
S003,1484244449,22.40,36.70,20.60,96.70,36.80,17.60
S003,1484244748,22.40,36.60,20.60,96.80,36.70,17.60
S003,1484245047,22.40,36.70,20.70,96.80,36.40,17.60
S003,1484245346,22.50,36.70,20.70,96.80,36.30,17.60
S003,1484245645,22.50,36.60,20.70,96.80,36.10,17.60
S003,1484245944,22.60,37.60,20.70,96.80,35.90,17.60
S003,1484246243,22.80,38.20,20.80,96.80,30.50,17.60
S003,1484246542,22.80,36.40,20.80,96.80,30.50,17.60
S003,1484246841,22.90,37.20,20.80,96.80,30.40,17.60
S003,1484247140,23.00,36.70,20.80,96.80,30.40,17.60
S003,1484247439,23.10,36.50,20.90,96.80,30.30,17.60
S003,1484247738,23.10,36.10,20.90,96.80,30.20,17.60
S003,1484248037,23.10,36.40,20.90,96.80,30.10,17.60
S003,1484248336,23.20,36.80,20.90,96.80,30.00,17.60
S003,1484248635,23.10,36.90,21.00,96.90,29.90,17.60
S003,1484248934,23.00,38.00,21.00,96.90,29.70,17.60
S003,1484249233,23.30,35.80,21.00,96.90,29.70,17.60
S003,1484249532,23.30,36.70,21.00,96.90,29.70,17.60
S003,1484249831,23.10,37.30,21.10,97.00,29.60,17.60
S003,1484250130,23.30,36.20,21.10,97.00,29.50,17.60
S003,1484250429,23.30,37.20,21.10,97.00,29.50,17.60
S003,1484250728,23.20,36.40,21.10,97.00,29.40,17.60
S003,1484251027,23.10,36.40,21.10,97.00,29.30,17.60
S003,1484251326,23.10,36.40,21.20,97.10,29.20,17.60
S003,1484251625,23.10,37.00,21.20,97.10,29.10,17.60
S003,1484251924,23.10,37.50,21.20,97.10,29.00,17.60
S003,1484252223,23.20,36.90,21.20,97.10,29.00,17.60
S003,1484252522,23.20,36.80,21.20,97.10,29.00,17.60
S003,1484252821,23.10,36.60,21.30,97.20,28.90,17.60
S003,1484253120,23.10,36.60,21.20,97.20,28.80,17.60
S003,1484253419,23.10,36.50,21.20,97.20,28.70,17.60
S003,1484253718,23.10,36.40,21.30,97.20,28.60,17.60
S003,1484254017,23.10,37.70,21.30,97.20,28.50,17.60
S003,1484254316,23.30,36.40,21.30,97.20,28.50,17.60
S003,1484254615,23.30,36.70,21.30,97.20,28.40,17.60
S003,1484254914,23.30,36.40,21.30,97.20,28.30,17.60
S003,1484255213,23.30,36.40,21.40,97.20,28.30,17.60
S003,1484255512,23.30,36.30,21.40,97.20,28.20,17.60
S003,1484255811,23.30,37.20,21.40,97.20,28.20,17.60
S003,1484256110,23.40,37.10,21.40,97.20,28.10,17.60
S003,1484256409,24.00,35.60,21.50,92.10,30.60,17.60
S003,1484256708,23.70,36.80,21.50,96.10,24.00,17.50
S003,1484257007,24.50,43.80,21.80,90.70,22.30,17.50
S003,1484257306,24.50,36.80,21.60,95.60,17.40,17.50
S003,1484257605,23.90,36.30,21.50,96.40,17.00,17.60
S003,1484257904,23.50,37.20,21.50,96.50,16.70,17.50
S003,1484258203,23.40,36.70,21.50,96.80,16.50,17.50
S003,1484258502,23.30,37.40,21.50,96.90,16.40,17.50
S003,1484258801,23.20,36.70,21.50,97.00,16.50,17.50
S003,1484259100,23.20,38.00,21.50,97.10,16.40,17.50
S003,1484259399,23.20,37.30,21.50,97.20,16.30,17.50
S003,1484259698,23.20,38.00,21.50,97.20,16.30,17.50
S003,1484259997,23.10,38.00,21.50,97.50,16.30,17.50
S003,1484260296,23.10,37.20,21.50,97.30,15.80,17.50
S003,1484260595,23.10,36.90,21.50,97.30,15.50,17.50
S003,1484260894,23.00,36.90,21.50,97.30,15.50,17.50
S003,1484261193,23.00,36.90,21.40,97.00,15.40,17.50
S003,1484261493,23.00,36.80,21.40,96.70,15.40,17.50
S003,1484261792,23.00,37.70,21.50,96.90,15.30,17.50
S003,1484262091,23.00,36.90,21.50,96.90,15.20,17.50
S003,1484262390,23.00,37.00,21.50,96.90,15.20,17.50
S003,1484262689,22.90,37.00,21.50,96.90,15.10,17.50
S003,1484262988,22.90,37.00,21.50,97.00,15.10,17.50
S003,1484263287,22.90,36.90,21.50,96.90,15.10,17.50
S003,1484263586,22.90,36.80,21.50,96.90,15.10,17.50
S003,1484263885,22.90,36.80,21.50,97.00,15.00,17.50
S003,1484264184,22.90,36.90,21.50,97.00,15.00,17.50
S003,1484264483,22.90,36.90,21.50,97.00,15.00,17.50
S003,1484264782,22.90,37.00,21.50,97.00,15.00,17.50
S003,1484265081,22.80,36.80,21.50,97.00,14.90,17.50
S003,1484265380,22.90,37.00,21.50,96.70,14.90,17.50
S003,1484265679,22.90,37.10,21.50,96.80,14.90,17.50
S003,1484265978,22.80,36.90,21.50,96.70,14.80,17.50
S003,1484266277,22.80,37.00,21.50,96.60,14.70,17.50
S003,1484266576,22.90,37.10,21.50,96.50,14.70,17.50
S003,1484266875,22.80,37.00,21.50,96.60,14.60,17.50
S003,1484267174,22.80,37.70,21.50,96.70,14.60,17.50
S003,1484267473,22.80,36.90,21.50,96.70,14.80,17.50
S003,1484267772,22.80,36.90,21.50,96.70,14.70,17.50
S003,1484268071,22.80,36.90,21.50,96.80,14.60,17.50
S003,1484268370,22.80,36.80,21.50,96.90,14.60,17.50
S003,1484268669,22.70,36.70,21.50,96.90,14.50,17.50
S003,1484268968,22.70,36.70,21.50,97.00,14.50,17.50
S003,1484269267,22.60,36.70,21.50,97.00,14.40,17.50
S003,1484269566,22.60,36.60,21.50,97.00,14.40,17.50
S003,1484269865,22.60,37.50,21.50,97.00,14.30,17.50
S003,1484270164,22.60,36.70,21.50,97.00,14.30,17.50
S003,1484270463,22.50,36.50,21.50,97.00,14.50,17.50
S003,1484270762,22.50,36.90,21.40,96.80,14.40,17.50
S003,1484271061,22.50,36.70,21.40,96.80,14.40,17.50
S003,1484271360,22.50,36.80,21.40,96.90,14.30,17.50
S003,1484271659,22.50,36.80,21.40,96.70,14.30,17.50
S003,1484271958,22.40,37.10,21.40,96.80,14.30,17.50
S003,1484272257,22.40,36.90,21.40,96.80,14.20,17.50
S003,1484272556,22.40,37.20,21.40,96.80,14.10,17.50
S003,1484272855,22.40,37.20,21.40,96.90,14.00,17.50
S003,1484273154,22.40,37.30,21.30,96.80,14.00,17.50
S003,1484273453,22.40,37.30,21.30,96.80,14.10,17.50
S003,1484273752,22.40,37.30,21.30,96.90,14.00,17.50
S003,1484274051,22.30,37.30,21.30,96.90,14.00,17.50
S003,1484274350,22.30,37.30,21.30,96.90,13.90,17.50
S003,1484274649,22.30,37.30,21.30,96.80,13.90,17.50
S003,1484274948,22.30,37.30,21.30,97.10,13.80,17.50
S003,1484275247,22.30,37.30,21.20,96.90,13.90,17.50
S003,1484275546,22.30,37.60,21.30,96.90,13.90,17.50
S003,1484275845,22.40,37.30,21.20,96.70,13.80,17.50
S003,1484276144,22.40,37.30,21.20,96.80,13.80,17.50
S003,1484276443,22.30,37.50,21.30,96.80,13.90,17.50
S003,1484276742,22.30,37.40,21.20,96.80,13.80,17.50
S003,1484277041,22.30,37.60,21.20,96.90,13.70,17.50
S003,1484277340,22.30,37.70,21.20,96.90,13.70,17.50
S003,1484277639,22.30,37.70,21.20,96.90,13.70,17.50
S003,1484277938,22.20,37.50,21.20,96.90,13.60,17.50
S003,1484278237,22.20,37.50,21.20,96.90,13.70,17.50
S003,1484278536,22.20,37.70,21.20,97.00,13.60,17.50
S003,1484278835,22.20,37.70,21.20,96.90,13.60,17.50
S003,1484279134,22.20,37.70,21.20,96.90,13.60,17.50
S003,1484279433,22.20,37.70,21.20,96.90,13.70,17.50
S003,1484279732,22.20,37.60,21.20,96.90,13.60,17.50
S003,1484280031,22.20,39.70,21.10,96.80,13.60,17.50
S003,1484280330,22.20,37.60,21.10,96.90,13.60,17.50
S003,1484280629,22.20,37.90,21.10,96.90,13.60,17.50
S003,1484280928,22.20,37.70,21.10,96.90,13.50,17.50
S003,1484281227,22.20,37.80,21.10,96.90,13.50,17.50
S003,1484281526,22.20,37.90,21.10,97.00,13.50,17.50
S003,1484281825,22.20,38.30,21.10,97.00,13.40,17.50
S003,1484282124,22.20,38.10,21.10,97.00,13.40,17.50
S003,1484282423,22.20,38.00,21.10,97.20,13.20,17.50
S003,1484282722,22.20,38.10,21.10,97.00,13.40,17.50
S003,1484283021,22.20,38.10,21.10,97.00,13.30,17.50
S003,1484283320,22.20,38.20,21.10,97.00,13.20,17.50
S003,1484283619,22.20,38.10,21.10,97.00,13.20,17.50
S003,1484283918,22.20,38.20,21.10,97.00,13.20,17.50
S003,1484284217,22.20,38.20,21.10,97.00,13.10,17.50
S003,1484284516,22.20,38.10,21.10,97.00,13.10,17.50
S003,1484284815,22.20,37.80,21.10,97.00,13.10,17.50
S003,1484285114,22.20,38.00,21.10,97.00,13.10,17.50
S003,1484285413,22.30,37.90,21.10,97.10,13.20,17.50
S003,1484285712,22.30,37.80,21.10,97.10,13.10,17.50
S003,1484286011,22.40,38.70,21.10,97.10,13.00,17.50
S003,1484286310,22.40,37.90,21.10,97.10,13.00,17.50
S003,1484286609,22.40,37.80,21.10,97.20,13.00,17.50
S003,1484286908,22.40,38.00,21.10,97.20,12.90,17.50
S003,1484287207,22.40,37.90,21.10,97.20,12.90,17.50
S003,1484287506,22.50,39.20,21.10,97.10,12.90,17.50
S003,1484287805,22.50,38.80,21.10,97.20,12.90,17.50
S003,1484288104,22.50,38.50,21.10,97.20,12.80,17.50
S003,1484288403,22.60,38.70,21.10,97.20,12.90,17.50
S003,1484288702,22.60,38.60,21.10,97.20,12.80,17.50
S003,1484289001,22.60,38.90,21.10,97.30,12.70,17.50
S003,1484289300,22.50,37.70,21.10,97.30,12.70,17.50
S003,1484289599,22.50,38.70,21.10,97.30,12.70,17.50
S003,1484289898,22.50,37.40,21.10,97.30,12.70,17.50
S003,1484290197,22.50,37.40,21.10,97.30,12.70,17.50
S003,1484290496,22.50,37.40,21.10,97.30,12.70,17.50
S003,1484290795,22.50,37.40,21.20,97.40,12.70,17.50
S003,1484291094,22.50,37.40,21.20,97.40,12.70,17.50
S003,1484291393,22.50,37.40,21.10,97.30,12.80,17.50
S003,1484291692,22.40,37.30,21.20,97.40,12.70,17.50
S003,1484291991,22.40,37.30,21.10,97.40,12.70,17.50
S003,1484292290,22.40,37.30,21.20,97.40,12.50,17.50
S003,1484292589,22.30,37.30,21.20,97.40,12.50,17.50
S003,1484292888,22.30,37.50,21.10,97.30,12.50,17.50
S003,1484293187,22.30,37.40,21.10,97.30,12.40,17.50
S003,1484293486,22.30,37.40,21.10,97.50,12.40,17.50
S003,1484293785,22.20,37.40,21.10,97.30,12.50,17.50
S003,1484294084,22.20,37.40,21.10,97.30,12.50,17.50
S003,1484294383,22.20,37.40,21.10,97.30,12.60,17.50
S003,1484294682,22.20,37.40,21.10,97.30,12.50,17.50
S003,1484294981,22.20,37.20,21.10,97.30,12.50,17.50
S003,1484295280,22.20,37.20,21.10,97.20,12.40,17.50
S003,1484295579,22.20,37.20,21.10,97.30,12.40,17.50
S003,1484295878,22.20,36.80,21.10,97.20,12.40,17.50
S003,1484296177,22.20,37.00,21.10,97.20,12.30,17.50
S003,1484296476,22.20,36.90,21.10,97.20,12.30,17.50
S003,1484296775,22.20,36.50,21.00,97.00,12.30,17.50
S003,1484297074,22.10,35.70,21.00,97.10,12.30,17.50
S003,1484297373,22.10,36.10,21.00,96.70,12.30,17.50
S003,1484297672,22.10,34.60,21.00,96.80,12.20,17.50
S003,1484297971,22.00,33.80,20.90,96.10,12.20,17.50
S003,1484298270,22.00,33.10,20.90,95.90,12.10,17.50
S003,1484298569,22.00,32.60,20.90,95.90,12.00,17.50
S003,1484298868,21.90,31.80,20.80,95.00,12.00,17.50
S003,1484299167,21.90,31.80,20.80,95.90,11.90,17.50
S003,1484299466,21.80,31.70,20.90,95.90,11.80,17.50
S003,1484299766,21.80,31.30,20.90,95.90,11.80,17.50
S003,1484300065,21.80,30.60,20.70,95.20,11.70,17.50
S003,1484300364,21.70,30.00,20.80,95.90,11.70,17.50
S003,1484300663,21.70,29.50,20.70,95.10,11.60,17.50
S003,1484300962,21.60,28.80,20.70,95.20,11.50,17.50
S003,1484301261,21.60,28.60,20.70,95.50,11.50,17.50
S003,1484301560,21.50,28.00,20.70,95.50,11.40,17.50
S003,1484301859,21.50,27.70,20.60,95.30,11.30,17.50
S003,1484302158,21.40,27.10,20.60,95.20,11.30,17.50
S003,1484302457,21.40,26.70,20.50,95.10,11.20,17.50
S003,1484302756,21.30,26.30,20.50,95.40,11.20,17.50
S003,1484303055,21.30,26.00,20.50,95.00,11.30,17.50
S003,1484303354,21.20,25.40,20.50,95.70,11.30,17.50
S003,1484303653,21.20,25.30,20.40,95.90,11.10,17.50
S003,1484303952,21.20,24.90,20.40,95.70,11.20,17.50
S003,1484304251,21.10,24.70,20.40,95.70,11.10,17.50
S003,1484304550,21.10,24.40,20.40,95.70,11.10,17.50
S003,1484304849,21.10,23.60,20.30,95.50,11.00,17.50
S003,1484305148,21.00,23.30,20.30,95.70,10.90,17.50
S003,1484305447,21.00,22.70,20.20,95.60,10.90,17.50
S003,1484305746,21.00,22.70,20.20,95.10,10.80,17.50
S003,1484306045,20.90,22.60,20.20,95.60,10.80,17.40
S003,1484306344,20.90,22.60,20.20,95.60,10.90,17.50
S003,1484306643,20.80,22.50,20.10,95.60,10.80,17.50
S003,1484306942,20.80,21.90,20.10,95.50,10.60,17.50
S003,1484307241,20.80,21.80,20.00,95.00,10.60,17.50
S003,1484307540,20.70,21.50,20.00,95.50,10.50,17.40
S003,1484307839,20.70,21.20,20.00,95.50,10.50,17.40
S003,1484308138,20.70,21.10,20.00,95.50,10.50,17.40
S003,1484308437,20.70,20.50,19.90,95.70,10.50,17.40
S003,1484308736,20.80,20.40,19.90,95.50,10.50,17.50
S003,1484309035,20.80,20.20,19.90,95.70,10.40,17.40
S003,1484309334,20.80,20.00,19.90,95.90,10.50,17.50
S003,1484309633,20.80,19.70,19.80,95.90,10.50,17.50
S003,1484309932,20.80,19.40,19.80,96.00,10.40,17.40
S003,1484310231,20.80,19.20,19.80,95.70,10.40,17.50
S003,1484310530,20.80,19.20,19.80,95.90,10.30,17.40
S003,1484310829,20.80,19.10,19.80,95.70,10.30,17.50
S003,1484311128,20.80,18.80,19.80,96.00,10.30,17.50
S003,1484311427,20.80,18.70,19.80,95.90,10.30,17.50
S003,1484311726,20.90,18.40,19.70,95.80,10.20,17.40
S003,1484312025,20.80,18.50,19.70,95.90,10.20,17.40
S003,1484312324,20.80,18.40,19.70,96.00,10.20,17.40
S003,1484312623,20.80,18.30,19.70,96.00,10.10,17.40
S003,1484312922,20.90,18.00,19.70,95.70,10.20,17.40
S003,1484313221,20.80,18.60,19.70,95.70,10.20,17.40
S003,1484313520,20.80,18.30,19.70,96.00,10.20,17.50
S003,1484313819,20.80,18.10,19.70,96.10,10.20,17.40
S003,1484314118,20.80,17.90,19.70,96.20,10.20,17.40
S003,1484314417,20.80,18.00,19.70,96.20,10.20,17.40
S003,1484314716,20.80,17.80,19.70,96.30,10.20,17.40
S003,1484315015,20.80,17.50,19.70,96.30,10.20,17.40
S003,1484315314,20.80,17.70,19.70,96.30,10.30,17.50
S003,1484315613,20.80,17.80,19.60,96.20,10.20,17.40
S003,1484315912,20.80,17.60,19.60,96.30,10.20,17.40
S003,1484316211,20.80,17.60,19.60,96.20,10.20,17.40
S003,1484316510,20.80,18.30,19.70,96.40,10.20,17.50
S003,1484316809,20.80,17.40,19.60,96.40,10.20,17.40
S003,1484317108,20.90,17.20,19.60,96.40,10.20,17.50
S003,1484317407,20.90,17.20,19.60,96.40,10.20,17.50
S003,1484317706,20.90,17.10,19.60,96.50,10.10,17.40
S003,1484318005,20.90,17.10,19.60,96.40,10.10,17.40
S003,1484318304,20.90,17.70,19.60,96.50,10.30,17.50
S003,1484318603,20.90,16.70,19.50,96.20,10.30,17.50
S003,1484318902,20.90,16.90,19.60,96.50,10.30,17.50
S003,1484319201,20.90,16.40,19.60,96.50,10.20,17.40
S003,1484319500,20.90,16.60,19.60,96.50,10.20,17.40
S003,1484319799,20.90,16.60,19.60,96.50,10.20,17.50
S003,1484320098,20.80,16.20,19.50,96.40,10.20,17.50
S003,1484320397,20.80,16.20,19.50,96.40,10.20,17.50
S003,1484320696,20.80,16.30,19.50,96.40,10.20,17.50
S003,1484320995,20.80,16.60,19.50,96.30,10.10,17.40
S003,1484321294,20.90,16.60,19.50,96.40,10.10,17.40
S003,1484321593,21.00,17.80,19.60,96.40,10.10,17.40
S003,1484321892,21.10,17.90,19.50,95.90,10.10,17.50
S003,1484322191,21.10,19.00,19.50,95.90,10.10,17.50
S003,1484322490,21.10,18.00,19.50,96.00,10.10,17.50
S003,1484322789,21.10,16.50,19.50,96.10,10.10,17.50
S003,1484323088,21.00,16.60,19.60,96.30,10.00,17.40
S003,1484323387,21.00,17.30,19.50,96.20,10.00,17.40
S003,1484323686,21.00,16.60,19.60,96.30,10.00,17.40
S003,1484323985,21.00,15.80,19.60,96.40,10.00,17.40
S003,1484324284,21.00,17.20,19.60,96.40,10.10,17.50
S003,1484324583,21.00,16.10,19.60,96.40,10.00,17.40
S003,1484324882,21.10,16.40,19.60,96.40,10.00,17.40
S003,1484325181,21.10,16.80,19.60,96.50,10.00,17.40
S003,1484325480,21.20,14.40,19.60,96.60,10.00,17.40
S003,1484325779,21.20,14.90,19.60,96.50,10.00,17.40
S003,1484326078,21.30,17.20,19.60,96.50,10.00,17.50
S003,1484326377,21.30,18.50,19.60,96.60,10.00,17.40
S003,1484326676,21.30,16.80,19.60,96.60,10.00,17.50
S003,1484326975,21.30,14.40,19.70,96.70,10.00,17.50
S003,1484327274,21.30,14.40,19.70,96.70,10.00,17.40
S003,1484327573,21.20,14.30,19.70,96.80,10.00,17.50
S003,1484327872,21.20,15.70,19.70,96.80,10.00,17.40
S003,1484328171,21.20,14.20,19.70,96.80,10.00,17.40
S003,1484328470,21.10,14.20,19.70,96.60,10.00,17.40
S003,1484328769,21.10,13.30,19.70,96.60,10.00,17.40
S003,1484329068,21.20,13.80,19.70,96.60,10.00,17.50
S003,1484329367,21.10,14.20,19.70,96.60,10.00,17.50
S003,1484329666,21.10,13.80,19.70,96.60,10.00,17.50
S003,1484329965,21.10,13.20,19.70,96.60,10.00,17.50
S003,1484330264,21.10,13.00,19.70,96.90,9.90,17.40
S003,1484330563,21.10,13.10,19.70,96.90,9.90,17.50
S003,1484330862,21.10,12.90,19.70,96.70,10.00,17.50
S003,1484331161,21.10,13.50,19.70,96.70,10.00,17.50
S003,1484331460,21.10,12.50,19.70,96.70,9.90,17.40
S003,1484331759,21.10,13.60,19.70,96.70,9.90,17.50
S003,1484332058,21.10,12.60,19.70,96.70,9.90,17.50
S003,1484332357,21.20,12.10,19.70,96.70,9.80,17.40
S003,1484332656,21.20,12.60,19.70,96.60,9.80,17.40
S003,1484332955,21.20,12.20,19.70,96.50,9.80,17.40
S003,1484333254,21.30,12.20,19.70,96.50,9.90,17.50
S003,1484333553,21.30,13.20,19.70,96.60,9.80,17.40
S003,1484333852,21.30,11.60,19.70,96.60,9.80,17.40
S003,1484334151,21.40,12.00,19.70,96.60,9.80,17.40
S003,1484334450,21.40,12.40,19.70,96.50,9.80,17.40
S003,1484334749,21.50,14.50,19.70,96.60,9.80,17.50
S003,1484335048,21.50,12.10,19.80,96.60,9.80,17.40
S003,1484335347,21.50,12.40,19.80,96.60,9.80,17.40
S003,1484335646,21.60,12.90,19.80,96.50,9.80,17.40
S003,1484335945,21.60,11.30,19.80,96.50,9.80,17.40
S003,1484336244,21.50,10.70,19.80,96.50,9.90,17.50
S003,1484336543,21.50,10.50,19.80,96.40,9.80,17.40
S003,1484336842,21.50,10.20,19.80,96.50,9.80,17.40
S003,1484337141,21.40,10.30,19.80,96.50,9.80,17.50
S003,1484337440,21.50,9.80,19.80,96.40,9.80,17.50
S003,1484337739,21.40,9.90,19.80,96.20,9.80,17.50
S003,1484338039,21.40,9.80,19.80,96.20,9.70,17.40
S003,1484338338,21.40,9.40,19.80,95.70,9.70,17.50
S003,1484338637,21.40,9.60,19.80,96.20,9.70,17.50
S003,1484338936,21.50,9.70,19.80,96.10,9.70,17.50
S003,1484339235,21.40,9.20,19.80,96.10,9.70,17.50
S003,1484339534,21.40,9.90,19.80,96.00,9.70,17.50
S003,1484339833,21.40,10.10,19.80,95.70,9.60,17.40
S003,1484340132,21.40,9.10,19.80,96.20,9.60,17.40
S003,1484340431,21.30,9.40,19.80,95.90,9.60,17.50
S003,1484340730,21.30,9.00,19.80,96.00,9.60,17.50
S003,1484341029,21.30,8.90,19.80,96.20,9.60,17.40
S003,1484341328,21.30,8.80,19.80,96.20,9.60,17.50
S003,1484341627,21.30,8.70,19.80,96.10,9.50,17.40
S003,1484341926,21.30,8.70,19.80,96.30,9.50,17.40
S003,1484342225,21.30,8.60,19.80,95.70,9.60,17.40
S003,1484342524,21.30,8.40,19.80,96.10,9.60,17.50
S003,1484342823,21.40,8.30,19.80,96.10,9.50,17.40
S003,1484343122,21.40,8.90,19.80,95.80,9.50,17.50
S003,1484343421,21.40,8.20,19.80,96.00,9.50,17.50
S003,1484343720,21.70,8.60,19.80,96.10,9.40,17.40
S003,1484344019,21.70,10.30,19.80,96.20,9.40,17.40
S003,1484344318,21.50,7.80,19.80,96.20,9.40,17.40
S003,1484344617,21.40,7.60,19.80,96.30,9.40,17.40
S003,1484344916,21.30,8.90,19.80,96.40,9.50,17.50
S003,1484345215,21.30,6.60,19.80,96.30,9.50,17.50
S003,1484345514,21.20,6.30,19.80,96.40,9.40,17.40
S003,1484345813,21.20,6.10,19.80,96.40,9.40,17.50
S003,1484346112,21.10,6.20,19.80,96.40,9.40,17.50
S003,1484346411,21.10,5.50,19.80,96.40,9.30,17.40
S003,1484346710,21.00,5.40,19.80,96.40,9.30,17.40
S003,1484347009,21.00,5.40,19.80,96.30,9.30,17.50
S003,1484347308,21.00,5.40,19.70,96.30,9.30,17.40
S003,1484347607,21.00,5.40,19.70,96.30,9.30,17.50
S003,1484347906,21.00,5.40,19.70,96.40,9.30,17.50
S003,1484348205,20.90,5.30,19.70,96.40,9.30,17.50
S003,1484348504,20.90,4.90,19.70,96.30,9.30,17.50
S003,1484348803,20.90,4.80,19.60,96.20,9.30,17.50
S003,1484349102,20.90,4.60,19.60,96.20,9.20,17.40
S003,1484349401,21.00,4.70,19.60,96.20,9.20,17.50
S003,1484349700,21.00,4.70,19.60,96.20,9.20,17.50
S003,1484349999,21.00,4.60,19.60,96.30,9.20,17.50
S003,1484350298,20.90,4.30,19.60,96.20,9.20,17.50
S003,1484350597,20.90,4.60,19.60,96.20,9.20,17.50
S003,1484350896,20.90,4.10,19.50,96.10,9.10,17.40
S003,1484351195,20.90,4.20,19.50,96.00,9.10,17.40
S003,1484351494,20.90,4.10,19.50,96.20,9.10,17.50
S003,1484351793,20.90,4.10,19.60,96.30,9.10,17.50
S003,1484352092,20.90,4.10,19.60,96.40,9.20,17.50
S003,1484352391,20.90,3.90,19.50,96.40,9.10,17.40
S003,1484352690,20.80,3.80,19.50,96.40,9.10,17.40
S003,1484352989,20.80,3.60,19.50,96.40,9.10,17.40
S003,1484353288,20.80,3.70,19.50,96.30,9.10,17.50
S003,1484353587,20.80,3.70,19.50,96.30,9.10,17.50
S003,1484353886,20.80,3.80,19.50,96.40,9.00,17.40
S003,1484354185,20.90,3.80,19.50,96.40,9.10,17.50
S003,1484354484,20.80,3.90,19.50,96.40,9.00,17.40
S003,1484354783,20.80,3.70,19.40,96.10,9.00,17.40
S003,1484355082,20.80,3.80,19.50,96.30,9.00,17.40
S003,1484355381,20.80,3.70,19.50,96.30,9.00,17.40
S003,1484355680,20.80,4.60,19.50,96.40,9.00,17.50
S003,1484355979,20.80,4.30,19.50,96.40,9.00,17.50
S003,1484356278,20.80,4.20,19.40,96.40,9.00,17.50
S003,1484356577,20.80,4.20,19.50,96.50,9.00,17.50
S003,1484356876,20.80,4.40,19.40,96.40,9.00,17.50
S003,1484357175,20.80,4.50,19.40,96.40,9.00,17.40
S003,1484357474,20.80,4.80,19.40,96.40,9.00,17.50
S003,1484357773,20.80,5.00,19.40,96.30,9.00,17.50
S003,1484358072,20.80,5.00,19.40,96.50,9.00,17.50
S003,1484358371,20.80,5.20,19.40,96.40,9.00,17.50
S003,1484358670,20.80,5.30,19.40,96.50,8.90,17.40
S003,1484358969,20.70,5.20,19.40,96.50,8.90,17.40
S003,1484359268,20.70,5.20,19.40,96.50,8.90,17.50
S003,1484359567,20.70,5.20,19.40,96.30,8.90,17.50
S003,1484359866,20.70,5.20,19.40,96.40,8.90,17.50
S003,1484360165,20.60,5.20,19.30,96.30,8.90,17.50
S003,1484360464,20.60,5.20,19.30,96.20,8.80,17.40
S003,1484360763,20.60,5.20,19.30,96.10,8.90,17.50
S003,1484361062,20.50,5.10,19.30,96.20,8.80,17.40
S003,1484361361,20.50,5.10,19.30,96.20,8.80,17.40
S003,1484361660,20.50,5.10,19.30,96.10,8.80,17.50
S003,1484361959,20.50,5.10,19.30,96.30,8.80,17.40
S003,1484362258,20.40,5.00,19.30,96.30,8.80,17.50
S003,1484362557,20.40,5.00,19.20,96.20,8.80,17.50
S003,1484362856,20.40,5.00,19.20,96.10,8.80,17.40
S003,1484363155,20.40,5.00,19.20,95.90,8.70,17.40
S003,1484363454,20.40,5.00,19.20,96.10,8.70,17.40
S003,1484363753,20.40,5.00,19.20,96.20,8.70,17.40
S003,1484364052,20.30,5.00,19.20,96.10,8.60,17.40
S003,1484364351,20.30,5.00,19.10,96.10,8.60,17.40
S003,1484364650,20.20,4.90,19.10,96.20,8.60,17.50
S003,1484364949,20.10,4.80,19.10,96.20,8.60,17.40
S003,1484365248,20.10,4.80,19.00,95.10,8.60,17.40
S003,1484365547,20.10,5.00,19.00,94.40,8.50,17.40
S003,1484365846,20.00,5.20,18.90,93.20,8.50,17.50
S003,1484366145,19.90,5.40,18.90,94.20,8.40,17.50
S003,1484366444,19.80,7.30,18.90,94.90,8.40,17.50
S003,1484366743,19.80,5.80,18.90,95.10,8.40,17.50
S003,1484367042,19.80,5.60,18.80,93.90,8.30,17.40
S003,1484367341,19.80,5.50,18.80,94.10,8.20,17.40
S003,1484367640,19.80,5.50,18.70,90.60,8.10,17.40
S003,1484367939,19.80,6.90,18.70,92.60,8.10,17.50
S003,1484368238,19.80,7.00,18.70,94.40,8.00,17.40
S003,1484368537,19.70,6.20,18.70,95.00,8.10,17.50
S003,1484368836,19.70,6.30,18.70,95.10,8.10,17.40
S003,1484369135,19.60,6.00,18.70,95.40,8.20,17.50
S003,1484369434,19.50,5.70,18.60,95.40,8.20,17.50
S003,1484369733,19.50,5.50,18.60,95.50,8.10,17.40
S003,1484370032,19.50,8.80,18.60,95.50,8.10,17.40
S003,1484370331,19.40,8.90,18.60,95.50,8.10,17.50
S003,1484370630,19.40,7.30,18.50,95.40,8.10,17.50
S003,1484370929,19.40,6.30,18.50,95.40,8.00,17.40
S003,1484371228,19.40,6.40,18.50,95.00,8.00,17.50
S003,1484371527,19.30,6.50,18.50,95.20,8.00,17.50
S003,1484371826,19.30,7.80,18.40,94.90,7.90,17.40
S003,1484372125,19.30,5.60,18.40,95.50,8.00,17.50
S003,1484372424,19.30,6.10,18.40,95.30,8.00,17.50
S003,1484372723,19.20,5.60,18.40,95.60,8.00,17.50
S003,1484373022,19.20,5.40,18.30,95.50,8.00,17.50
S003,1484373321,19.20,5.50,18.40,95.70,7.90,17.40
S003,1484373620,19.20,5.60,18.30,94.80,7.90,17.50
S003,1484373919,19.10,5.30,18.20,94.80,7.90,17.50
S003,1484374218,19.10,7.00,18.20,95.10,7.80,17.50
S003,1484374517,19.10,6.10,18.20,95.30,7.80,17.50
S003,1484374816,19.10,5.60,18.20,94.90,7.80,17.50
S003,1484375115,19.10,6.10,18.20,94.80,7.80,17.50
S003,1484375414,19.00,5.20,18.20,95.10,7.70,17.40
S003,1484375713,19.00,6.00,18.20,95.10,7.70,17.50
S003,1484376012,19.00,5.10,18.10,95.20,7.70,17.50
S003,1484376312,18.90,7.50,18.10,95.40,7.70,17.50
S003,1484376611,18.90,5.10,18.00,95.10,7.70,17.50
S003,1484376910,18.90,5.70,18.00,95.00,7.70,17.50
S003,1484377209,18.90,4.90,18.00,94.90,7.60,17.50
S003,1484377508,18.90,5.50,18.00,95.00,7.60,17.50
S003,1484377807,18.90,5.20,18.00,95.10,7.50,17.40
S003,1484378106,18.90,4.90,18.00,94.90,7.50,17.40
S003,1484378405,18.90,6.90,17.90,94.70,7.50,17.40
S003,1484378704,18.80,4.70,17.90,94.70,7.60,17.50
S003,1484379003,18.80,4.70,17.90,95.00,7.50,17.50
S003,1484379302,18.80,4.80,17.90,94.90,7.50,17.50
S003,1484379601,18.70,5.40,17.80,94.60,7.50,17.50
S003,1484379900,18.70,5.70,17.80,94.60,7.50,17.50
S003,1484380199,18.70,4.80,17.80,94.80,7.50,17.50
S003,1484380498,18.70,5.10,17.80,94.60,7.40,17.40
S003,1484380797,18.70,5.30,17.80,95.10,7.40,17.50
S003,1484381096,18.70,4.60,17.70,94.90,7.40,17.40
S003,1484381395,18.70,5.00,17.70,94.80,7.40,17.50
S003,1484381694,18.60,4.80,17.70,94.90,7.40,17.50
S003,1484381993,18.60,4.50,17.60,94.80,7.40,17.50
S003,1484382292,18.60,4.90,17.70,95.10,7.40,17.50
S003,1484382591,18.60,4.60,17.70,95.00,7.30,17.50
S003,1484382890,18.60,5.10,17.60,95.00,7.30,17.40
S003,1484383189,18.60,4.50,17.60,94.90,7.30,17.50
S003,1484383488,18.60,4.70,17.60,94.70,7.20,17.40
S003,1484383787,18.60,4.50,17.60,95.10,7.20,17.40
S003,1484384086,18.60,4.70,17.60,95.00,7.30,17.50
S003,1484384385,18.60,4.40,17.50,94.80,7.30,17.50
S003,1484384684,18.60,4.40,17.50,95.20,7.20,17.40
S003,1484384983,18.60,5.10,17.50,95.00,7.20,17.50
S003,1484385282,18.60,4.30,17.50,95.00,7.20,17.50
S003,1484385581,18.60,4.60,17.50,95.20,7.20,17.50
S003,1484385880,18.60,4.30,17.50,95.10,7.20,17.50
S003,1484386179,18.50,4.30,17.40,94.90,7.20,17.50
S003,1484386478,18.50,4.90,17.40,94.70,7.20,17.50
S003,1484386777,18.50,4.30,17.40,94.90,7.10,17.40
S003,1484387076,18.50,4.60,17.40,95.00,7.20,17.50
S003,1484387375,18.50,4.20,17.30,94.10,7.10,17.40
S003,1484387674,18.50,4.40,17.40,94.80,7.10,17.50
S003,1484387973,18.40,4.30,17.40,94.90,7.10,17.50
S003,1484388272,18.40,4.30,17.30,94.40,7.10,17.50
S003,1484388571,18.40,6.20,17.30,94.40,7.10,17.50
S003,1484388870,18.50,4.20,17.20,93.60,7.00,17.40
S003,1484389169,18.40,4.00,17.30,94.70,7.10,17.50
S003,1484389468,18.40,5.20,17.30,94.70,7.00,17.40
S003,1484389767,18.40,4.10,17.30,94.70,7.10,17.50
S003,1484390066,18.40,4.30,17.30,95.00,7.00,17.40
S003,1484390365,18.40,4.20,17.30,94.90,7.00,17.40
S003,1484390664,18.40,4.60,17.20,94.80,7.00,17.40
S003,1484390963,18.40,4.30,17.20,95.00,7.00,17.50
S003,1484391262,18.30,4.40,17.20,94.40,7.00,17.50
S003,1484391561,18.30,4.20,17.20,94.50,6.90,17.50
S003,1484391860,18.30,4.30,17.20,94.80,6.90,17.50
S003,1484392159,18.30,5.20,17.20,94.80,6.90,17.50
S003,1484392458,18.30,4.70,17.10,94.30,6.90,17.50
S003,1484392757,18.40,6.70,17.10,94.70,6.90,17.50
S003,1484393056,18.30,4.60,17.10,94.80,6.90,17.50
S003,1484393355,18.30,5.10,17.10,94.50,6.90,17.50
S003,1484393654,18.30,5.20,17.10,94.80,6.80,17.40
S003,1484393953,18.30,5.30,17.10,94.70,6.90,17.50
S003,1484394252,18.30,4.20,17.00,93.60,6.80,17.40
S003,1484394551,18.60,4.50,17.10,94.70,6.80,17.50
S003,1484394850,18.80,4.20,17.10,94.30,6.80,17.50
S003,1484395149,18.90,5.10,17.10,94.70,6.80,17.50
S003,1484395448,19.00,5.00,17.10,94.80,6.80,17.50
S003,1484395747,19.10,6.80,17.20,95.20,6.80,17.50
S003,1484396046,19.10,4.20,17.20,95.40,6.90,17.50
S003,1484396345,19.20,5.30,17.20,95.50,6.80,17.40
S003,1484396644,19.30,6.90,17.20,95.70,6.80,17.40
S003,1484396943,19.30,6.20,17.20,95.70,6.90,17.50
S003,1484397242,19.30,8.30,17.30,95.80,6.80,17.40
S003,1484397541,19.30,6.10,17.30,95.90,6.90,17.40
S003,1484397840,19.40,5.20,17.30,95.90,6.90,17.40
S003,1484398139,19.50,5.00,17.30,96.00,6.90,17.50
S003,1484398438,19.50,5.00,17.30,96.00,6.90,17.40
S003,1484398737,19.50,5.90,17.40,96.10,6.90,17.50
S003,1484399036,19.50,5.30,17.40,96.20,7.00,17.50
S003,1484399335,19.60,4.80,17.40,96.20,6.90,17.40
S003,1484399634,19.60,5.50,17.40,96.20,6.90,17.40
S003,1484399933,19.70,5.10,17.50,96.30,6.90,17.40
S003,1484400232,19.60,5.60,17.50,96.30,7.00,17.50
S003,1484400531,19.70,4.60,17.50,96.30,7.00,17.50
S003,1484400830,19.70,4.60,17.50,96.30,7.00,17.50
S003,1484401129,19.80,4.70,17.60,96.30,6.90,17.50
S003,1484401428,19.80,5.30,17.60,96.30,6.90,17.50
S003,1484401727,19.80,4.60,17.60,96.30,6.90,17.40
S003,1484402026,19.90,4.70,17.70,96.40,6.90,17.40
S003,1484402325,19.90,5.40,17.70,96.40,6.90,17.40
S003,1484402624,20.00,5.40,17.70,96.40,6.90,17.40
S003,1484402923,19.90,6.10,17.70,96.40,6.90,17.50
S003,1484403222,20.00,5.00,17.70,96.40,6.90,17.50
S003,1484403521,20.10,4.80,17.80,96.40,6.90,17.40
S003,1484403820,20.10,4.80,17.80,96.40,6.90,17.40
S003,1484404119,20.20,4.90,17.80,96.40,6.90,17.40
S003,1484404418,20.20,4.90,17.90,96.50,6.90,17.40
S003,1484404717,20.20,4.90,17.90,96.50,6.90,17.50
S003,1484405016,20.20,4.90,17.90,96.50,6.90,17.50
S003,1484405315,20.20,4.90,17.90,96.50,6.90,17.40
S003,1484405614,20.30,5.00,18.00,96.50,6.90,17.50
S003,1484405913,20.30,5.00,18.00,96.50,6.90,17.50
S003,1484406212,20.30,5.70,18.00,96.50,6.90,17.50
S003,1484406511,20.30,5.00,18.00,96.50,6.90,17.50
S003,1484406810,20.30,5.00,18.10,96.50,6.90,17.50
S003,1484407109,20.30,5.00,18.10,96.50,6.90,17.50
S003,1484407408,20.30,5.00,18.10,96.50,6.90,17.50
S003,1484407707,20.40,5.00,18.10,96.50,6.80,17.40
S003,1484408006,20.40,5.00,18.20,96.60,6.90,17.50
S003,1484408305,20.40,5.00,18.20,96.60,6.90,17.50
S003,1484408604,20.40,5.40,18.20,96.60,6.90,17.50
S003,1484408903,20.50,5.10,18.20,96.60,6.90,17.50
S003,1484409202,20.50,5.10,18.30,96.60,6.80,17.40
S003,1484409501,20.50,5.10,18.30,96.60,6.80,17.50
S003,1484409800,20.50,5.10,18.30,96.60,6.80,17.50
S003,1484410099,20.60,5.20,18.30,96.60,6.80,17.40
S003,1484410398,20.60,5.20,18.40,96.70,6.80,17.50
S003,1484410697,20.50,5.10,18.40,96.70,6.80,17.50
S003,1484410996,20.60,5.20,18.40,96.70,6.80,17.50
S003,1484411295,20.60,5.20,18.40,96.70,6.80,17.50
S003,1484411594,20.60,5.20,18.50,96.70,6.80,17.50
S003,1484411893,20.60,5.40,18.50,96.70,6.80,17.50
S003,1484412192,20.60,5.20,18.50,96.70,6.80,17.50
S003,1484412491,20.70,5.20,18.50,96.70,6.80,17.50
S003,1484412790,20.70,5.10,18.50,96.70,6.70,17.40
S003,1484413089,20.70,5.20,18.50,96.70,6.70,17.40
S003,1484413388,20.70,5.00,18.60,96.70,6.70,17.40
S003,1484413687,20.70,4.90,18.60,96.70,6.70,17.50
S003,1484413986,20.70,4.80,18.60,96.70,6.70,17.50
S003,1484414285,20.70,5.20,18.60,96.70,6.70,17.40
S003,1484414585,20.70,5.20,18.70,96.80,6.70,17.50
S003,1484414884,20.80,5.30,18.70,96.80,6.70,17.50
S003,1484415183,20.80,5.30,18.70,96.80,6.70,17.50
S003,1484415482,20.80,5.30,18.70,96.80,6.70,17.50
S003,1484415781,20.80,5.30,18.70,96.80,6.70,17.50
S003,1484416080,20.90,5.40,18.80,96.80,6.70,17.50
S003,1484416379,20.90,5.40,18.80,96.80,6.70,17.50
S003,1484416678,20.90,5.40,18.80,96.80,6.60,17.40
S003,1484416977,21.00,5.40,18.80,96.80,6.70,17.50
S003,1484417276,21.00,4.90,18.90,96.90,6.60,17.40
S003,1484417575,21.10,5.30,18.90,96.90,6.60,17.40
S003,1484417874,21.10,5.00,18.90,96.90,6.60,17.50
S003,1484418173,21.10,5.20,18.90,96.90,6.60,17.50
S003,1484418472,21.20,5.60,18.90,96.90,6.60,17.50
S003,1484418771,21.20,5.10,19.00,96.90,6.50,17.50
S003,1484419070,21.30,5.60,19.00,96.90,6.50,17.50
S003,1484419369,21.30,5.20,19.00,96.80,6.50,17.50
S003,1484419668,21.30,5.00,19.00,96.70,6.40,17.40
S003,1484419967,21.30,5.20,19.10,96.60,6.50,17.50
S003,1484420266,21.30,5.20,19.10,96.80,6.50,17.50
S003,1484420565,21.40,5.10,19.10,96.90,6.50,17.50
S003,1484420864,21.40,5.10,19.20,97.00,6.50,17.50
S003,1484421163,21.40,5.30,19.20,97.00,6.50,17.50
S003,1484421462,21.30,5.10,19.20,97.00,6.50,17.50
S003,1484421761,21.40,5.70,19.30,97.00,6.40,17.50
S003,1484422060,21.40,5.70,19.20,96.70,6.40,17.40
S003,1484422359,21.40,5.70,19.30,96.90,6.40,17.40
S003,1484422658,21.40,5.70,19.30,97.00,6.40,17.50
S003,1484422957,21.30,5.60,19.30,96.80,6.40,17.40
S003,1484423256,21.20,4.80,19.30,96.80,6.40,17.50
S003,1484423555,21.20,5.80,19.40,96.70,6.40,17.50
S003,1484423854,21.20,5.60,19.40,96.60,6.40,17.50
S003,1484424153,21.30,5.60,19.40,96.50,6.30,17.40
S003,1484424452,21.30,5.20,19.40,96.50,6.40,17.50
S003,1484424751,21.30,7.40,19.40,96.60,6.30,17.50
S003,1484425050,21.30,5.60,19.40,96.50,6.20,17.40
S003,1484425349,21.20,6.80,19.50,96.70,6.30,17.50
S003,1484425648,21.20,5.90,19.50,96.60,6.30,17.50
S003,1484425947,21.30,5.60,19.50,96.60,6.30,17.50
S003,1484426246,21.30,5.60,19.50,96.60,6.20,17.40
S003,1484426545,21.30,5.40,19.50,96.60,6.20,17.50
S003,1484426844,21.30,7.10,19.50,96.50,6.20,17.50
S003,1484427143,21.30,5.60,19.50,96.40,6.20,17.50
S003,1484427442,21.30,5.60,19.60,96.50,6.10,17.50
S003,1484427741,21.30,5.60,19.60,96.60,6.10,17.40
S003,1484428040,21.30,5.60,19.60,96.70,6.10,17.50
S003,1484428339,21.20,5.60,19.60,96.40,6.10,17.50
S003,1484428638,21.20,5.50,19.60,96.30,6.10,17.50
S003,1484428937,21.30,5.60,19.60,96.50,6.10,17.50
S003,1484429236,21.30,5.60,19.60,96.20,6.10,17.50
S003,1484429535,21.30,5.60,19.60,95.90,6.00,17.40
S003,1484429834,21.30,7.50,19.60,96.30,6.00,17.50
S003,1484430133,21.40,8.20,19.70,96.40,6.00,17.50
S003,1484430432,21.40,9.30,19.60,96.50,6.20,17.50
S003,1484430731,21.50,6.90,19.60,96.60,6.10,17.40
S003,1484431030,21.80,10.60,19.60,96.40,7.30,17.40
S003,1484431329,22.00,6.40,19.70,96.80,22.60,17.50
S003,1484431628,21.50,7.40,19.70,97.00,22.10,17.50
S003,1484431927,21.40,6.00,19.70,97.20,21.70,17.50
S003,1484432226,21.30,6.80,19.70,97.20,21.50,17.50
S003,1484432525,21.40,7.10,19.70,97.20,21.30,17.50
S003,1484432824,21.40,6.20,19.70,97.20,21.20,17.50
S003,1484433123,21.30,6.50,19.70,97.20,21.00,17.50
S003,1484433422,21.30,5.80,19.80,97.20,20.90,17.50
S003,1484433721,21.30,5.90,19.80,97.20,20.80,17.50
S003,1484434020,21.20,6.10,19.70,97.20,20.70,17.50
S003,1484434319,21.30,6.40,19.70,97.20,20.50,17.50
S003,1484434618,21.20,6.40,19.70,97.20,20.50,17.50
S003,1484434917,21.30,6.10,19.70,97.20,20.40,17.50
S003,1484435216,21.20,6.40,19.80,97.20,20.30,17.50
S003,1484435515,21.20,7.70,19.70,97.20,20.20,17.50
S003,1484435814,21.20,6.20,19.70,97.20,20.10,17.50
S003,1484436113,21.30,6.90,19.70,97.20,20.00,17.50
S003,1484436412,21.20,6.60,19.80,97.20,20.00,17.50
S003,1484436711,21.10,6.00,19.80,97.20,19.90,17.50
S003,1484437010,21.10,6.20,19.80,97.20,19.90,17.50
S003,1484437309,21.10,6.40,19.80,97.20,19.80,17.50
S003,1484437608,21.10,6.40,19.80,97.30,19.70,17.50
S003,1484437907,21.20,6.50,19.80,97.30,19.60,17.50
S003,1484438206,21.10,7.30,19.80,97.30,19.60,17.50
S003,1484438505,21.10,6.70,19.80,97.40,19.60,17.50
S003,1484438804,21.10,6.60,19.70,97.40,19.50,17.50
S003,1484439103,21.10,6.60,19.70,97.30,19.40,17.50
S003,1484439402,21.10,7.20,19.80,97.60,19.20,17.50
S003,1484439701,21.10,7.70,19.70,97.40,19.20,17.50
S003,1484440000,21.00,6.90,19.80,97.40,19.20,17.50
S003,1484440299,21.00,6.80,19.80,97.40,19.20,17.50
S003,1484440598,20.90,6.90,19.80,97.50,19.10,17.50
S003,1484440897,20.90,7.60,19.80,97.50,19.00,17.50
S003,1484441196,21.00,7.60,19.80,97.50,19.00,17.50
S003,1484441495,21.00,8.20,19.80,97.50,18.90,17.50
S003,1484441794,21.00,7.70,19.80,97.50,18.90,17.50
S003,1484442093,21.00,7.30,19.80,97.50,18.90,17.50
S003,1484442392,21.00,7.90,19.70,97.50,18.90,17.50
S003,1484442691,21.00,7.50,19.80,97.60,18.90,17.60
S003,1484442990,21.00,8.40,19.80,97.60,18.80,17.50
S003,1484443289,21.00,7.80,19.80,97.60,18.80,17.50
S003,1484443588,21.00,8.70,19.80,97.60,18.70,17.50
S003,1484443887,20.90,7.90,19.70,97.60,18.70,17.50
S003,1484444186,21.00,8.10,19.70,97.60,18.60,17.50
S003,1484444485,20.90,8.00,19.80,97.70,18.60,17.50
S003,1484444784,20.90,8.30,19.70,97.60,18.60,17.50
S003,1484445083,20.90,8.50,19.80,97.70,18.50,17.50
S003,1484445382,20.90,8.50,19.80,97.70,18.50,17.50
S003,1484445681,20.80,9.70,19.70,97.60,18.40,17.50
S003,1484445980,20.80,8.50,19.70,97.60,18.40,17.50
S003,1484446279,20.90,8.60,19.70,97.70,18.40,17.50
S003,1484446578,20.80,9.20,19.70,97.70,18.40,17.50
S003,1484446877,20.80,9.00,19.70,97.70,18.30,17.50
S003,1484447176,20.80,9.50,19.70,97.70,18.30,17.50
S003,1484447475,20.80,9.70,19.70,97.70,18.30,17.50
S003,1484447774,20.70,9.00,19.70,97.70,18.20,17.50
S003,1484448073,20.70,9.40,19.70,97.70,18.20,17.50
S003,1484448372,20.70,9.20,19.70,97.70,18.20,17.60
S003,1484448671,20.70,9.40,19.70,97.80,18.10,17.50
S003,1484448970,20.70,9.30,19.70,97.80,18.00,17.50
S003,1484449269,20.70,9.50,19.70,97.80,18.00,17.50
S003,1484449568,20.70,9.50,19.70,97.80,18.00,17.50
S003,1484449867,20.60,9.60,19.60,97.80,18.00,17.50
S003,1484450166,20.70,9.60,19.60,97.80,17.90,17.50
S003,1484450465,20.60,9.60,19.60,97.80,17.90,17.50
S003,1484450764,20.60,9.60,19.60,97.80,17.80,17.50
S003,1484451063,20.50,9.50,19.60,97.80,17.80,17.50
S003,1484451362,20.60,9.80,19.60,97.80,17.70,17.50
S003,1484451661,20.60,9.60,19.60,97.80,17.70,17.50
S003,1484451960,20.50,10.00,19.30,97.10,17.70,17.50
S003,1484452259,20.40,10.30,19.10,94.60,17.50,17.50
S003,1484452558,20.30,10.30,19.10,93.30,17.50,17.60
S003,1484452858,20.20,10.60,19.10,91.80,17.30,17.50
S003,1484453157,20.20,10.30,19.10,92.00,17.10,17.50
S003,1484453456,20.10,10.30,19.10,93.60,16.90,17.50
S003,1484453755,20.10,10.90,19.00,93.30,16.80,17.50
S003,1484454054,20.00,12.20,19.00,92.30,16.70,17.50
S003,1484454353,19.90,11.10,18.90,93.40,16.60,17.50
S003,1484454652,19.90,10.40,18.90,94.80,16.50,17.50
S003,1484454951,19.90,10.80,18.90,95.10,16.40,17.50
S003,1484455250,19.90,10.70,18.90,95.50,16.40,17.50
S003,1484455549,19.80,10.60,18.90,95.70,16.30,17.50
S003,1484455848,19.80,10.60,18.90,95.10,16.20,17.50
S003,1484456147,19.80,10.80,18.90,96.10,16.20,17.50
S003,1484456446,19.70,11.30,18.90,96.40,16.20,17.50
S003,1484456745,19.70,11.00,18.90,96.50,16.10,17.50
S003,1484457044,19.70,11.40,18.80,95.00,16.10,17.50
S003,1484457343,19.70,11.00,18.70,95.00,15.90,17.50
S003,1484457642,19.70,11.20,18.70,95.30,15.80,17.50
S003,1484457941,19.70,11.50,18.60,93.50,15.70,17.50
S003,1484458240,19.70,11.10,18.70,95.20,15.60,17.50
S003,1484458539,19.60,11.20,18.60,95.50,15.60,17.50
S003,1484458838,19.60,12.00,18.70,95.70,15.60,17.50
S003,1484459137,19.50,11.40,18.70,96.20,15.50,17.50
S003,1484459436,19.50,11.30,18.70,96.40,15.50,17.50
S003,1484459735,19.50,11.50,18.70,96.50,15.50,17.50
S003,1484460034,19.50,11.70,18.70,96.70,15.50,17.50
S003,1484460333,19.50,11.60,18.60,96.30,15.40,17.50
S003,1484460632,19.50,11.60,18.60,96.30,15.40,17.50
S003,1484460931,19.40,11.90,18.60,96.50,15.30,17.50
S003,1484461230,19.40,11.70,18.50,96.30,15.30,17.50
S003,1484461529,19.40,11.60,18.50,96.30,15.20,17.50
S003,1484461828,19.50,13.40,18.60,96.70,15.10,17.50
S003,1484462127,19.50,11.80,18.50,96.00,15.10,17.50
S003,1484462426,19.40,11.80,18.40,95.00,15.10,17.50
S003,1484462725,19.40,11.80,18.40,94.90,15.00,17.50
S003,1484463024,19.40,12.40,18.50,96.60,14.90,17.50
S003,1484463323,19.40,11.90,18.40,96.30,14.90,17.50
S003,1484463622,19.40,12.00,18.30,94.00,14.90,17.50
S003,1484463921,19.30,12.00,18.30,95.70,14.80,17.50
S003,1484464220,19.30,12.20,18.30,95.50,14.70,17.50
S003,1484464519,19.30,12.10,18.20,94.80,14.60,17.50
S003,1484464818,19.30,12.10,18.20,93.40,14.50,17.50
S003,1484465117,19.30,12.40,18.20,94.80,14.40,17.50
S003,1484465416,19.30,12.20,18.30,96.10,14.40,17.50
S003,1484465715,19.30,12.40,18.30,96.30,14.40,17.50
S003,1484466014,19.30,12.30,18.20,96.10,14.40,17.50
S003,1484466313,19.30,13.00,18.10,95.40,14.30,17.50
S003,1484466612,19.30,12.40,18.10,94.30,14.30,17.50
S003,1484466911,19.30,12.30,18.10,94.70,14.20,17.50
S003,1484467210,19.20,12.40,18.00,92.20,14.10,17.50
S003,1484467509,19.20,12.30,18.00,91.00,13.90,17.50
S003,1484467808,19.20,12.50,18.00,92.70,13.80,17.50
S003,1484468107,19.10,12.90,17.90,91.00,13.80,17.50
S003,1484468406,19.10,12.40,17.90,92.40,13.70,17.50
S003,1484468705,19.10,12.60,17.80,91.60,13.60,17.50
S003,1484469004,19.10,12.40,17.80,92.80,13.60,17.50
S003,1484469303,19.10,12.40,17.80,93.20,13.50,17.50
S003,1484469602,19.10,12.90,17.70,92.00,13.30,17.50
S003,1484469901,19.10,12.40,17.70,91.40,13.30,17.50
S003,1484470200,19.00,12.70,17.70,90.40,13.30,17.50
S003,1484470499,19.00,12.50,17.60,91.20,13.20,17.50
S003,1484470798,19.00,12.40,17.60,90.90,13.10,17.50
S003,1484471097,19.00,12.40,17.60,90.90,13.10,17.50
S003,1484471396,19.00,12.40,17.60,90.90,13.00,17.50
S003,1484471695,18.90,12.80,17.50,88.60,12.90,17.50
S003,1484471994,18.90,12.40,17.50,91.00,12.90,17.50
S003,1484472293,18.90,12.80,17.50,91.80,12.80,17.50
S003,1484472592,18.90,12.40,17.50,91.60,12.70,17.40
S003,1484472891,18.90,12.40,17.40,90.80,12.70,17.50
S003,1484473190,18.90,12.40,17.40,89.90,12.60,17.50
S003,1484473489,18.90,12.40,17.40,92.30,12.50,17.40
S003,1484473788,18.80,12.40,17.40,90.90,12.50,17.50
S003,1484474087,18.80,12.40,17.30,90.10,12.50,17.50
S003,1484474386,18.80,12.70,17.30,91.40,12.40,17.50
S003,1484474685,18.80,12.40,17.30,90.70,12.40,17.50
S003,1484474984,18.80,12.50,17.30,91.80,12.20,17.50
S003,1484475283,18.80,12.60,17.20,90.50,12.20,17.40
S003,1484475582,18.80,12.70,17.20,88.50,12.10,17.40
S003,1484475881,18.80,12.70,17.20,91.30,12.10,17.50
S003,1484476180,18.80,12.50,17.20,91.50,12.00,17.40
S003,1484476479,18.80,12.60,17.20,92.60,12.00,17.40
S003,1484476778,18.80,12.70,17.20,89.20,12.00,17.50
S003,1484477077,18.80,12.70,17.20,91.80,12.00,17.50
S003,1484477376,18.70,12.60,17.20,91.80,12.00,17.50
S003,1484477675,18.80,12.70,17.20,90.60,12.00,17.50
S003,1484477974,18.70,12.50,17.20,91.50,11.90,17.50
S003,1484478273,18.70,12.60,17.20,90.50,11.80,17.40
S003,1484478572,18.70,12.60,17.10,89.90,11.80,17.50
S003,1484478871,18.70,12.60,17.10,90.80,11.70,17.40
S003,1484479170,18.70,12.60,17.10,90.70,11.70,17.40
S003,1484479469,18.70,12.60,17.10,90.70,11.70,17.50
S003,1484479768,18.60,12.90,17.10,89.50,11.70,17.40
S003,1484480067,18.70,12.60,17.10,90.20,11.60,17.40
S003,1484480367,18.70,12.60,17.10,90.80,11.50,17.40
S003,1484480666,18.80,13.30,17.20,94.40,11.60,17.40
S003,1484480965,19.00,13.70,17.30,95.00,11.60,17.40
S003,1484481264,19.20,12.40,17.30,95.30,11.70,17.40
S003,1484481563,19.40,12.20,17.30,95.60,11.70,17.40
S003,1484481862,19.50,12.20,17.30,95.70,11.80,17.50
S003,1484482161,19.60,12.30,17.40,95.80,11.80,17.50
S003,1484482460,19.60,12.60,17.40,95.90,11.80,17.50
S003,1484482759,19.70,11.90,17.40,96.00,11.80,17.40
S003,1484483058,19.70,11.80,17.50,96.20,11.80,17.50
S003,1484483357,19.80,11.70,17.50,96.30,11.80,17.50
S003,1484483656,19.80,11.80,17.50,96.30,11.80,17.50
S003,1484483955,19.90,11.60,17.60,96.30,11.70,17.50
S003,1484484254,19.90,11.60,17.60,96.30,11.70,17.50
S003,1484484553,20.00,12.60,17.70,96.40,11.70,17.50
S003,1484484852,20.10,11.70,17.70,96.40,11.70,17.50
S003,1484485151,20.10,11.60,17.70,96.40,11.80,17.50
S003,1484485450,20.20,12.00,17.80,96.90,11.80,17.50
S003,1484485749,20.30,11.90,17.80,96.90,11.70,17.50
S003,1484486048,20.30,11.50,17.90,97.00,11.80,17.50
S003,1484486347,20.30,11.30,17.90,97.00,11.70,17.50
S003,1484486646,20.40,11.40,18.00,97.10,11.80,17.50
S003,1484486945,20.30,11.30,18.00,97.10,11.70,17.50
S003,1484487244,20.30,11.40,18.00,97.10,11.70,17.50
S003,1484487543,20.30,11.60,18.10,97.20,11.70,17.50
S003,1484487842,20.30,12.20,18.10,97.20,11.70,17.50
S003,1484488141,20.30,12.20,18.10,97.30,11.70,17.40
S003,1484488440,20.30,12.40,18.20,97.30,11.70,17.50
S003,1484488739,20.30,11.60,18.20,97.40,11.70,17.50
S003,1484489038,20.30,12.10,18.20,97.40,11.70,17.50
S003,1484489337,20.30,11.10,18.20,97.50,11.70,17.50
S003,1484489636,20.30,11.70,18.30,97.50,11.70,17.40
S003,1484489935,20.30,11.20,18.30,97.60,11.70,17.50
S003,1484490234,20.30,13.70,18.30,97.60,11.60,17.50
S003,1484490533,20.30,11.90,18.30,97.60,11.60,17.40
S003,1484490832,20.30,11.40,18.40,97.70,11.60,17.40
S003,1484491132,20.30,11.80,18.40,97.70,11.60,17.50
S003,1484491431,20.30,12.60,18.40,97.70,11.60,17.50
S003,1484491730,20.40,11.30,18.40,97.70,11.60,17.50
S003,1484492029,20.40,10.90,18.40,97.70,11.60,17.50
S003,1484492328,20.40,10.90,18.50,97.70,11.60,17.50
S003,1484492627,20.50,11.00,18.50,97.70,11.60,17.50
S003,1484492926,20.50,11.40,18.50,97.80,11.50,17.50
S003,1484493225,20.40,11.00,18.60,97.80,11.50,17.40
S003,1484493524,20.50,10.40,18.60,97.80,11.50,17.50
S003,1484493823,20.50,10.50,18.60,97.80,11.50,17.50
S003,1484494122,20.50,10.40,18.60,97.80,11.50,17.50
S003,1484494421,20.60,11.30,18.60,97.80,11.50,17.50
S003,1484494720,20.60,10.40,18.70,97.90,11.50,17.50
S003,1484495019,20.60,10.80,18.70,97.90,11.40,17.50
S003,1484495318,20.70,10.20,18.70,97.90,11.40,17.40
S003,1484495617,20.80,11.30,18.70,97.90,11.40,17.40
S003,1484495916,20.80,11.10,18.70,97.90,11.40,17.50
S003,1484496215,20.90,10.20,18.80,98.00,11.40,17.50
S003,1484496514,20.90,10.40,18.80,98.00,11.40,17.50
S003,1484496813,20.90,11.60,18.80,98.00,11.40,17.50
S003,1484497112,20.80,10.90,18.80,98.00,11.30,17.50
S003,1484497411,20.90,10.40,18.90,98.00,11.30,17.40
S003,1484497710,20.80,11.30,18.90,98.00,11.30,17.50
S003,1484498009,20.80,13.00,18.90,98.00,11.30,17.50
S003,1484498308,20.70,10.00,18.90,98.00,11.30,17.50
S003,1484498607,20.80,10.10,19.00,98.10,11.20,17.40
S003,1484498906,20.70,11.20,19.00,98.10,11.20,17.50
S003,1484499205,20.70,10.80,19.00,98.10,11.20,17.50
S003,1484499504,20.60,11.20,19.00,98.10,11.20,17.50
S003,1484499803,20.80,12.70,19.00,98.10,11.20,17.50
S003,1484500102,21.10,12.90,19.00,98.10,11.20,17.50
S003,1484500401,21.30,12.50,19.10,98.10,11.20,17.50
S003,1484500700,21.70,13.70,19.10,98.10,45.90,17.60
S003,1484500999,21.30,16.20,19.00,98.20,43.10,17.60
S003,1484501298,21.00,18.50,18.90,98.20,42.40,17.60
S003,1484501597,21.00,16.30,19.00,98.20,42.10,17.60
S003,1484501896,21.10,10.50,19.10,98.30,41.80,17.60
S003,1484502195,21.40,10.30,19.10,98.40,41.60,17.60
S003,1484502494,21.40,10.30,19.10,98.40,41.20,17.60
S003,1484502793,21.40,10.10,19.10,98.40,41.80,17.60
S003,1484503092,21.40,11.20,19.20,98.50,41.50,17.60
S003,1484503391,21.40,10.10,19.20,98.60,41.40,17.60
S003,1484503690,21.60,12.30,19.20,98.60,41.00,17.60
S003,1484503989,21.40,13.00,19.20,98.70,40.80,17.60
S003,1484504288,21.20,9.30,19.10,98.70,40.50,17.60
S003,1484504587,21.10,10.10,19.20,98.70,40.20,17.60
S003,1484504886,21.20,9.60,19.30,98.80,40.00,17.60
S003,1484505185,21.10,9.90,19.30,98.80,39.80,17.60
S003,1484505484,21.10,11.10,19.30,98.80,39.50,17.60
S003,1484505783,21.20,9.90,19.20,98.70,39.40,17.60
S003,1484506082,21.30,10.60,19.30,98.80,39.20,17.60
S003,1484506381,21.40,9.30,19.30,98.50,39.10,17.60
S003,1484506680,21.40,9.80,19.30,98.60,38.80,17.60
S003,1484506979,21.30,9.20,19.30,98.60,38.60,17.60
S003,1484507278,21.30,9.40,19.40,98.80,38.50,17.60
S003,1484507577,21.20,10.60,19.40,98.80,38.30,17.60
S003,1484507876,21.30,11.30,19.40,98.80,38.20,17.60
S003,1484508175,21.20,10.90,19.40,98.80,38.00,17.60
S003,1484508474,21.20,9.00,19.40,98.80,37.80,17.60
S003,1484508773,21.20,11.90,19.40,98.80,37.70,17.60
S003,1484509072,21.20,9.60,19.40,98.80,37.60,17.60
S003,1484509371,21.20,9.70,19.40,98.80,37.40,17.60
S003,1484509670,21.20,10.00,19.40,98.80,37.30,17.60
S003,1484509969,21.10,9.00,19.40,98.80,37.20,17.60
S003,1484510268,21.10,9.90,19.40,98.80,37.20,17.60
S003,1484510567,21.10,9.50,19.40,98.80,37.10,17.60
S003,1484510866,21.20,9.50,19.20,98.70,37.00,17.60
S003,1484511165,21.30,14.00,19.40,98.80,36.80,17.60
S003,1484511464,21.30,9.70,19.30,98.80,36.70,17.60
S003,1484511763,21.30,9.20,19.40,98.80,36.60,17.60
S003,1484512062,21.30,9.10,19.40,98.80,36.50,17.60
S003,1484512361,21.20,9.30,19.50,98.90,36.30,17.60
S003,1484512660,21.20,10.00,19.50,98.90,36.20,17.60
S003,1484512959,21.20,10.00,19.50,98.90,36.10,17.60
S003,1484513258,21.20,9.30,19.50,98.90,36.10,17.60
S003,1484513557,21.10,9.90,19.50,98.90,36.00,17.60
S003,1484513856,21.10,9.20,19.60,98.90,35.90,17.60
S003,1484514155,21.10,9.30,19.50,98.90,35.80,17.60
S003,1484514454,21.10,9.50,19.50,98.90,35.70,17.60
S003,1484514753,21.10,9.30,19.60,99.00,35.70,17.60
S003,1484515052,21.30,9.30,19.60,99.10,35.50,17.60
S003,1484515351,21.30,10.80,19.40,99.10,35.50,17.60
S003,1484515650,21.30,12.70,19.50,99.10,35.30,17.60
S003,1484515949,21.30,10.00,19.50,99.10,35.30,17.60
S003,1484516248,21.30,10.80,19.50,99.10,35.30,17.60
S003,1484516547,21.30,12.50,19.50,99.10,35.20,17.60
S003,1484516846,21.30,11.10,19.60,99.20,35.20,17.60
S003,1484517145,21.40,11.10,19.60,99.20,35.20,17.60
S003,1484517444,21.40,9.70,19.50,99.20,35.10,17.60
S003,1484517743,21.30,9.20,19.60,99.20,35.00,17.60
S003,1484518042,21.20,9.10,19.60,99.20,35.00,17.60
S003,1484518341,21.10,8.80,19.60,99.30,34.90,17.60
S003,1484518640,21.10,9.20,19.60,99.30,34.80,17.60
S003,1484518939,21.10,9.00,19.60,99.30,34.70,17.60
S003,1484519238,21.20,8.80,19.60,99.30,34.30,17.60
S003,1484519537,21.10,9.10,19.60,99.30,34.20,17.60
S003,1484519836,21.10,8.70,19.60,99.30,34.20,17.60
S003,1484520135,21.10,8.90,19.60,99.40,34.10,17.60
S003,1484520434,21.10,9.90,19.60,99.40,34.10,17.60
S003,1484520733,21.10,9.10,19.60,99.40,34.10,17.60
S003,1484521032,21.10,9.00,19.60,99.40,34.00,17.60
S003,1484521331,21.10,9.90,19.60,99.50,34.00,17.60
S003,1484521630,21.10,9.40,19.60,99.50,33.90,17.60
S003,1484521929,21.10,10.80,19.60,99.60,33.90,17.60
S003,1484522228,21.10,9.10,19.60,99.60,33.80,17.60
S003,1484522527,21.00,9.80,19.60,99.50,33.80,17.60
S003,1484522826,20.90,9.00,19.60,99.50,33.80,17.60
S003,1484523125,20.90,8.80,19.60,99.60,33.80,17.60
S003,1484523424,20.90,8.90,19.50,99.60,33.70,17.60
S003,1484523723,20.90,9.10,19.50,99.60,33.70,17.60
S003,1484524022,20.90,8.70,19.50,99.90,33.80,17.60
S003,1484524321,20.90,9.20,19.40,99.70,33.60,17.60
S003,1484524620,20.80,8.60,19.50,99.70,33.50,17.60
S003,1484524919,20.80,8.50,19.50,99.70,33.50,17.60
S003,1484525218,20.80,8.20,19.50,99.70,33.50,17.60
S003,1484525517,20.80,9.10,19.50,99.70,33.50,17.60
S003,1484525816,20.80,9.00,19.50,99.70,33.50,17.60
S003,1484526115,20.80,8.20,19.40,99.70,33.40,17.60
S003,1484526414,20.80,9.00,19.40,99.70,33.40,17.60
S003,1484526713,20.70,9.00,19.40,99.70,33.30,17.60
S003,1484527012,20.70,8.50,19.40,99.70,33.30,17.60
S003,1484527311,20.60,8.10,19.40,99.70,33.30,17.60
S003,1484527610,20.60,9.30,19.40,99.80,33.20,17.60
S003,1484527909,20.50,9.50,19.40,99.80,33.20,17.60
S003,1484528208,20.50,8.00,19.40,99.80,33.20,17.60
S003,1484528507,20.50,8.40,19.40,99.80,33.10,17.60
S003,1484528806,20.50,8.60,19.40,99.80,33.10,17.60
S003,1484529105,20.50,8.00,19.30,99.80,33.10,17.60
S003,1484529405,20.50,8.50,19.30,99.80,33.10,17.60
S003,1484529704,20.50,8.70,19.30,99.80,33.00,17.60
S003,1484530003,20.40,8.20,19.30,99.80,33.00,17.60
S003,1484530302,20.50,8.40,19.30,99.80,33.00,17.60
S003,1484530601,20.40,8.20,19.30,99.80,33.00,17.60
S003,1484530900,20.40,8.10,19.30,99.80,33.00,17.60
S003,1484531199,20.40,8.50,19.30,99.80,32.90,17.60
S003,1484531498,20.40,8.90,19.30,99.80,32.90,17.60
S003,1484531797,20.40,8.50,19.30,99.80,32.90,17.60
S003,1484532096,20.40,9.40,19.20,99.80,32.90,17.60
S003,1484532395,20.40,8.00,19.20,99.80,32.90,17.60
S003,1484532694,20.40,9.10,19.30,99.90,32.80,17.60
S003,1484532993,20.40,9.00,19.20,99.90,32.80,17.60
S003,1484533292,20.40,8.50,19.20,99.90,32.80,17.60
S003,1484533591,20.30,7.80,19.20,99.90,32.70,17.60
S003,1484533890,20.30,9.40,19.20,99.90,32.70,17.60
S003,1484534189,20.30,8.90,19.20,99.90,32.70,17.60
S003,1484534488,20.30,9.80,19.20,99.90,32.70,17.60
S003,1484534787,20.30,8.90,19.20,99.90,32.60,17.60
S003,1484535086,20.30,8.00,19.10,99.90,32.70,17.60
S003,1484535385,20.30,8.60,19.10,99.90,32.60,17.60
S003,1484535684,20.30,8.30,19.10,99.90,32.60,17.60
S003,1484535983,20.30,7.80,19.10,99.90,32.60,17.60
S003,1484536282,20.30,9.40,19.10,99.90,32.60,17.60
S003,1484536581,20.20,8.20,19.10,99.90,32.40,17.60
S003,1484536880,20.30,8.00,19.00,99.90,32.50,17.60
S003,1484537179,20.30,8.80,19.00,99.90,32.50,17.60
S003,1484537478,20.20,10.30,19.00,99.90,32.40,17.60
S003,1484537777,20.30,8.80,19.00,99.90,32.40,17.60
S003,1484538076,20.20,7.70,19.00,99.90,32.40,17.60
S003,1484538375,20.20,8.70,18.30,99.50,32.40,17.60
S003,1484538674,20.00,8.20,18.00,99.00,32.30,17.60
S003,1484538973,19.90,9.10,18.40,99.50,32.10,17.60
S003,1484539272,19.90,9.00,18.50,99.60,32.10,17.60
S003,1484539571,19.80,8.90,18.60,99.70,31.90,17.60
S003,1484539870,19.70,8.70,18.50,99.70,31.90,17.60
S003,1484540169,19.70,9.00,18.70,99.80,31.80,17.60
S003,1484540468,19.60,7.90,18.60,99.80,31.70,17.60
S003,1484540767,19.60,7.70,18.70,99.80,31.70,17.60
S003,1484541066,19.60,8.70,18.60,99.80,31.60,17.60
S003,1484541365,19.60,7.80,18.50,99.80,31.60,17.60
S003,1484541664,19.50,9.10,18.50,99.80,31.50,17.60
S003,1484541963,19.50,8.30,18.50,99.80,31.40,17.60
S003,1484542262,19.50,7.80,18.40,99.60,31.40,17.60
S003,1484542561,19.50,8.00,18.40,99.90,31.20,17.60
S003,1484542860,19.40,7.80,18.40,99.90,31.20,17.50
S003,1484543159,19.40,7.90,18.40,99.90,31.10,17.60
S003,1484543458,19.40,10.80,18.40,99.90,31.10,17.60
S003,1484543757,19.40,7.80,18.40,99.90,31.00,17.50
S003,1484544056,19.40,9.10,18.30,99.80,30.90,17.60
S003,1484544355,19.30,7.80,18.30,99.90,30.90,17.50
S003,1484544654,19.30,7.70,18.30,99.90,30.80,17.50
S003,1484544953,19.30,8.10,18.20,99.80,30.70,17.50
S003,1484545252,19.30,7.60,18.10,99.80,30.70,17.50
S003,1484545551,19.30,7.70,18.10,99.70,30.50,17.50
S003,1484545850,19.30,7.70,18.00,99.40,30.40,17.50
S003,1484546149,19.30,7.70,18.00,99.30,30.20,17.50
S003,1484546448,19.30,7.70,18.00,99.10,30.20,17.50
S003,1484546747,19.30,7.80,17.90,99.00,30.10,17.50
S003,1484547046,19.30,7.80,18.00,99.60,29.90,17.50
S003,1484547345,19.20,8.60,18.00,99.40,29.80,17.50
S003,1484547644,19.20,7.80,18.00,99.30,29.80,17.50
S003,1484547943,19.20,7.80,17.90,99.40,29.60,17.50
S003,1484548242,19.20,8.20,18.00,99.40,29.60,17.50
S003,1484548541,19.20,7.80,17.80,98.90,29.30,17.50
S003,1484548840,19.10,8.20,17.70,98.30,29.10,17.50
S003,1484549139,19.10,7.70,17.70,98.70,29.10,17.50
S003,1484549438,19.10,7.80,17.70,98.60,29.00,17.50
S003,1484549737,19.10,7.70,17.70,98.50,28.90,17.50
S003,1484550036,19.10,7.90,17.70,98.70,28.80,17.50
S003,1484550335,19.10,7.80,17.70,98.80,28.80,17.50
S003,1484550634,19.10,7.80,17.70,98.70,28.60,17.50
S003,1484550933,19.10,8.10,17.60,98.50,28.60,17.50
S003,1484551232,19.00,8.10,17.60,98.30,28.50,17.50
S003,1484551531,19.00,8.50,17.60,98.40,28.40,17.50
S003,1484551830,19.00,8.00,17.60,98.50,28.30,17.50
S003,1484552129,19.00,8.30,17.50,98.00,28.30,17.50
S003,1484552428,19.00,8.30,17.60,98.20,28.20,17.50
S003,1484552727,19.00,8.40,17.60,98.60,28.20,17.50
S003,1484553026,18.90,8.20,17.50,98.10,28.20,17.50
S003,1484553325,18.90,8.40,17.50,98.40,28.10,17.50
S003,1484553624,18.90,8.40,17.50,98.40,28.10,17.50
S003,1484553923,18.80,8.40,17.50,98.50,28.10,17.50
S003,1484554222,18.80,8.40,17.50,98.40,28.10,17.50
S003,1484554521,18.80,8.40,17.50,98.00,28.10,17.50
S003,1484554820,18.80,8.40,17.50,98.30,28.00,17.50
S003,1484555119,18.70,8.30,17.50,98.30,28.00,17.50
S003,1484555418,18.70,8.40,17.40,97.90,28.00,17.50
S003,1484555717,18.70,8.70,17.40,98.00,28.00,17.50
S003,1484556016,18.70,11.00,17.40,98.00,28.00,17.50
S003,1484556315,18.60,8.60,17.40,98.20,28.30,17.50
S003,1484556614,18.70,9.80,17.40,98.00,28.00,17.50
S003,1484556913,18.60,9.60,17.40,98.00,28.00,17.50
S003,1484557212,18.70,8.80,17.40,98.10,28.00,17.50
S003,1484557511,18.60,8.70,17.40,98.00,27.90,17.50
S003,1484557810,18.60,8.70,17.40,98.00,27.90,17.50
S003,1484558109,18.60,9.00,17.40,98.30,27.90,17.50
S003,1484558408,18.60,8.90,17.50,98.40,28.00,17.50
S003,1484558707,18.60,8.80,17.30,98.10,27.90,17.50
S003,1484559006,18.60,9.30,17.40,98.10,28.00,17.50
S003,1484559305,18.60,9.60,17.40,98.20,27.90,17.50
S003,1484559604,18.60,12.10,17.40,98.20,27.90,17.50
S003,1484559903,18.60,9.00,17.40,98.30,28.00,17.50
S003,1484560202,18.60,9.30,17.40,98.30,28.00,17.50
S003,1484560501,18.50,9.10,17.30,98.10,27.90,17.50
S003,1484560800,18.50,9.50,17.30,98.00,27.80,17.50
S003,1484561099,18.50,10.70,17.40,98.30,27.80,17.50
S003,1484561398,18.50,9.90,17.30,98.20,27.90,17.50
S003,1484561697,18.50,9.60,17.30,98.00,27.90,17.50
S003,1484561996,18.40,10.10,17.30,98.20,27.90,17.50
S003,1484562295,18.40,9.40,17.30,98.00,27.80,17.50
S003,1484562594,18.40,9.40,17.30,98.20,27.90,17.50
S003,1484562893,18.40,9.40,17.30,98.20,27.90,17.50
S003,1484563192,18.40,9.40,17.30,98.30,27.90,17.50
S003,1484563491,18.40,10.30,17.30,98.30,27.80,17.50
S003,1484563790,18.40,10.20,17.30,98.30,27.90,17.50
S003,1484564089,18.40,9.60,17.30,98.30,27.80,17.50
S003,1484564388,18.30,10.10,17.30,98.30,27.80,17.50
S003,1484564687,18.30,9.60,17.30,98.40,27.80,17.50
S003,1484564986,18.30,9.90,17.20,98.20,27.80,17.50
S003,1484565285,18.30,9.70,17.20,98.20,27.80,17.50
S003,1484565584,18.30,11.30,17.20,98.10,27.90,17.50
S003,1484565883,18.30,9.90,17.10,97.90,27.70,17.50
S003,1484566182,18.30,10.00,17.20,98.10,27.80,17.50
S003,1484566481,18.30,9.90,17.20,98.20,27.70,17.50
S003,1484566780,18.30,11.50,17.20,98.10,27.60,17.50
S003,1484567079,18.60,12.60,17.20,98.20,27.70,17.50
S003,1484567378,18.80,12.60,17.20,98.30,27.80,17.50
S003,1484567678,19.00,9.80,17.20,98.30,27.80,17.50
S003,1484567977,19.10,9.90,17.20,98.40,27.80,17.50
S003,1484568276,19.20,11.60,17.30,98.40,27.90,17.50
S003,1484568575,19.30,11.30,17.30,98.50,27.90,17.50
S003,1484568874,19.30,10.50,17.30,98.50,27.90,17.50
S003,1484569173,19.40,9.90,17.30,98.50,27.90,17.50
S003,1484569472,19.50,9.90,17.30,98.50,27.80,17.50
S003,1484569771,19.50,9.60,17.40,98.60,27.70,17.50
S003,1484570070,19.60,9.60,17.40,98.60,27.80,17.50
S003,1484570369,19.70,9.60,17.40,98.60,27.80,17.50
S003,1484570668,19.70,9.70,17.40,98.60,27.80,17.50
S003,1484570967,19.70,9.50,17.50,98.70,27.90,17.50
S003,1484571266,19.70,9.40,17.50,98.70,27.90,17.50
S003,1484571565,19.80,10.00,17.50,98.70,27.90,17.50
S003,1484571864,19.80,9.60,17.60,98.70,27.90,17.50
S003,1484572163,19.90,9.80,17.60,98.70,28.00,17.50
S003,1484572462,19.90,10.20,17.60,98.70,27.80,17.50
S003,1484572761,20.00,9.60,17.60,98.70,27.80,17.50
S003,1484573060,20.00,9.60,17.70,98.80,27.90,17.50
S003,1484573359,20.10,9.50,17.70,98.80,28.00,17.50
S003,1484573658,20.10,9.20,17.70,99.00,28.20,17.50
S003,1484573957,20.10,10.40,17.80,98.80,27.90,17.50
S003,1484574256,20.10,9.20,17.80,98.90,27.90,17.50
S003,1484574555,20.20,9.30,17.80,98.90,27.90,17.50
S003,1484574854,20.20,9.30,17.80,98.90,28.00,17.50
S003,1484575153,20.20,9.30,17.90,98.90,28.00,17.50
S003,1484575452,20.30,9.40,17.90,98.90,27.80,17.50
S003,1484575751,20.30,9.90,17.90,98.90,27.90,17.50
S003,1484576050,20.30,12.70,17.90,98.90,28.00,17.50
S003,1484576349,20.30,10.50,18.00,99.00,28.00,17.50
S003,1484576648,20.40,11.60,18.00,99.00,28.10,17.50
S003,1484576947,20.50,10.70,18.00,99.00,28.00,17.50
S003,1484577246,20.50,9.30,18.00,99.00,28.10,17.50
S003,1484577545,20.60,10.60,18.10,99.00,28.10,17.50
S003,1484577844,20.60,10.00,18.10,99.00,28.20,17.50
S003,1484578143,20.70,10.40,18.10,99.00,28.10,17.50
S003,1484578442,20.70,9.60,18.20,99.10,28.00,17.50
S003,1484578741,20.80,11.50,18.20,99.00,28.10,17.50
S003,1484579040,20.90,10.80,18.20,99.00,28.10,17.50
S003,1484579339,21.00,11.90,18.30,99.10,28.20,17.50
S003,1484579638,21.00,10.40,18.30,99.10,28.30,17.50
S003,1484579937,21.00,11.60,18.40,99.10,28.30,17.50
S003,1484580236,21.10,9.90,18.40,99.10,28.40,17.50
S003,1484580535,21.10,9.90,18.40,99.10,28.50,17.50
S003,1484580834,21.20,10.00,18.50,99.10,28.50,17.50
S003,1484581133,21.30,10.00,18.50,99.10,28.60,17.50
S003,1484581432,21.30,10.90,18.60,99.20,28.50,17.50
S003,1484581731,21.40,10.10,18.60,99.20,28.60,17.50
S003,1484582030,21.50,10.50,18.70,99.50,28.90,17.50
S003,1484582329,21.70,10.30,18.70,99.20,28.60,17.50
S003,1484582628,21.70,10.30,18.70,99.20,28.50,17.50
S003,1484582927,21.50,10.20,18.80,99.30,28.60,17.50
S003,1484583226,21.30,11.40,18.80,99.30,28.70,17.50
S003,1484583525,21.20,9.70,18.80,99.30,28.70,17.50
S003,1484583824,21.20,10.40,18.90,99.30,28.80,17.50
S003,1484584123,21.10,9.50,18.90,99.30,28.80,17.50
S003,1484584422,21.10,9.70,18.90,99.30,28.60,17.50
S003,1484584721,21.10,10.80,19.00,99.40,28.70,17.50
S003,1484585020,21.10,10.40,19.00,99.40,28.70,17.50
S003,1484585319,21.10,12.30,19.00,99.40,28.70,17.50
S003,1484585618,21.30,11.70,19.00,99.60,29.10,17.50
S003,1484585917,21.30,10.00,19.10,99.40,28.70,17.50
S003,1484586216,21.30,10.20,19.00,99.60,29.10,17.60
S003,1484586515,21.30,10.00,19.10,99.50,28.80,17.60
S003,1484586814,21.30,10.00,19.10,99.40,28.80,17.50
S003,1484587113,21.40,10.40,19.20,99.50,28.90,17.50
S003,1484587412,21.50,10.80,19.20,99.50,28.80,17.50
S003,1484587711,21.50,11.30,19.20,99.50,28.80,17.50
S003,1484588010,21.50,13.10,19.20,99.50,28.90,17.50
S003,1484588309,21.50,10.40,19.20,99.50,28.90,17.50
S003,1484588608,21.50,11.50,19.30,99.60,28.90,17.50
S003,1484588907,21.60,10.80,19.30,99.60,28.90,17.50
S003,1484589206,21.60,11.70,19.30,99.60,29.00,17.50
S003,1484589505,21.70,11.60,19.30,99.60,29.00,17.50
S003,1484589804,21.70,10.40,19.40,99.60,29.00,17.50
S003,1484590103,21.70,10.30,19.40,99.60,29.00,17.50
S003,1484590402,21.70,11.30,19.40,99.60,29.00,17.60
S003,1484590701,21.60,11.50,19.40,99.60,29.00,17.50
S003,1484591000,21.60,11.40,19.40,99.60,29.00,17.50
S003,1484591299,21.60,10.20,19.50,99.70,29.00,17.50
S003,1484591598,21.60,10.20,19.50,99.70,29.00,17.50
S003,1484591897,21.60,10.70,19.50,99.70,29.10,17.60
S003,1484592196,21.60,13.80,19.50,99.70,29.10,17.50
S003,1484592495,21.70,10.30,19.60,99.70,29.10,17.50
S003,1484592794,21.70,11.10,19.60,99.90,29.20,17.50
S003,1484593093,21.60,12.30,19.60,99.70,29.10,17.50
S003,1484593392,21.60,11.70,19.60,99.70,29.00,17.50
S003,1484593691,21.50,11.40,19.60,99.70,29.10,17.50
S003,1484593990,21.50,10.20,19.60,99.70,29.10,17.50
S003,1484594289,21.60,10.20,19.70,99.70,29.10,17.50
S003,1484594588,21.60,11.60,19.70,99.70,29.10,17.50
S003,1484594887,21.60,11.90,19.70,99.70,29.20,17.50
S003,1484595186,21.70,11.20,19.70,99.70,27.40,17.50
S003,1484595485,21.60,10.20,19.70,99.70,27.40,17.50
S003,1484595784,21.80,9.90,19.70,99.70,27.40,17.50
S003,1484596083,21.70,10.30,19.70,99.70,27.40,17.50
S003,1484596382,21.70,11.30,19.70,99.70,27.30,17.50
S003,1484596681,21.60,13.00,19.70,99.70,27.30,17.50
S003,1484596980,21.70,14.00,19.80,99.70,27.30,17.50
S003,1484597279,21.70,10.30,19.80,99.70,27.30,17.50
S003,1484597578,21.70,10.30,19.80,99.70,27.30,17.50
S003,1484597877,21.70,12.00,19.80,99.70,27.30,17.50
S003,1484598176,21.70,11.30,19.80,99.70,27.30,17.50
S003,1484598475,21.60,11.20,19.80,99.70,27.30,17.50
S003,1484598774,21.60,10.50,19.80,99.70,27.30,17.50
S003,1484599073,21.60,12.00,19.80,99.70,27.30,17.50
S003,1484599372,21.60,11.20,19.90,99.70,27.10,17.50
S003,1484599671,21.60,11.50,19.90,99.70,27.20,17.50
S003,1484599970,21.50,10.30,19.80,99.60,27.10,17.50
S003,1484600269,21.60,11.50,19.80,99.60,27.20,17.50
S003,1484600568,21.70,10.30,19.90,99.70,27.10,17.50
S003,1484600867,21.60,10.50,19.90,99.70,27.00,17.50
S003,1484601166,21.70,11.20,19.90,99.70,27.00,17.50
S003,1484601465,21.70,10.60,19.90,99.70,27.00,17.50
S003,1484601764,21.80,12.50,19.90,99.70,27.10,17.50
S003,1484602063,21.70,12.50,19.90,99.70,27.10,17.50
S003,1484602362,21.70,10.90,20.00,99.70,27.00,17.50
S003,1484602661,21.60,12.40,20.00,99.70,27.00,17.50
S003,1484602960,21.60,11.20,20.00,99.70,27.00,17.50
S003,1484603259,21.70,15.50,19.90,99.70,27.00,17.50
S003,1484603558,21.70,12.10,19.90,99.70,27.00,17.50
S003,1484603857,21.70,14.00,20.00,99.70,26.90,17.50
S003,1484604156,21.60,10.50,20.00,99.70,27.00,17.50
S003,1484604455,21.60,11.30,19.90,99.70,26.90,17.50
S003,1484604754,21.60,11.20,19.90,99.70,26.90,17.50
S003,1484605053,21.60,11.50,19.90,99.60,27.00,17.50
S003,1484605352,21.50,10.20,20.00,99.70,27.00,17.50
S003,1484605651,21.50,12.60,20.00,99.70,26.80,17.50
S003,1484605951,21.50,11.60,20.00,99.70,26.80,17.50
S003,1484606250,21.50,12.50,19.90,99.60,26.80,17.50
S003,1484606549,21.60,10.70,19.90,99.60,26.80,17.50
S003,1484606848,21.60,9.70,19.90,99.50,26.90,17.50
S003,1484607147,21.60,10.60,19.90,99.50,26.90,17.50
S003,1484607446,21.50,10.30,19.90,99.50,26.90,17.50
S003,1484607745,21.40,11.20,19.90,99.50,26.90,17.50
S003,1484608044,21.40,10.50,19.90,99.30,26.90,17.50
S003,1484608343,21.40,10.10,19.80,99.10,26.80,17.50
S003,1484608642,21.40,9.30,19.90,99.60,26.80,17.50
S003,1484608941,21.30,9.30,19.80,99.00,26.60,17.50
S003,1484609240,21.30,9.30,19.70,98.80,26.60,17.50
S003,1484609539,21.30,9.50,19.70,98.60,26.60,17.50
S003,1484609838,21.30,9.40,19.70,98.70,26.60,17.50
S003,1484610137,21.20,9.30,19.70,98.40,26.60,17.50
S003,1484610436,21.20,9.40,19.60,98.10,26.50,17.50
S003,1484610735,21.20,9.50,19.60,97.70,26.50,17.50
S003,1484611034,21.20,9.40,19.60,98.20,26.60,17.50
