Device,Time,DHT1-OUT Temp,DHT1-OUT Hum,DHT2-IN Temp,DHT2-IN Hum,Soil,Infrared
S101,1486911899,22.00,9.10,22.00,11.00,0.20,17.60
S101,1486912198,22.00,10.00,22.10,11.20,0.20,17.60
S101,1486912497,22.00,9.20,22.10,11.10,0.20,17.60
S101,1486912796,22.00,9.50,22.10,11.30,0.20,17.60
S101,1486913095,21.90,9.20,22.00,11.20,0.20,17.60
S101,1486913394,21.90,9.00,22.00,10.90,0.20,17.60
S101,1486913693,21.90,9.20,22.00,11.10,0.20,17.60
S101,1486913992,21.80,9.30,21.90,11.50,0.20,17.60
S101,1486914291,21.80,9.40,22.00,11.40,0.20,17.60
S101,1486914590,21.80,9.60,22.00,11.50,0.20,17.60
S101,1486914889,21.80,9.30,22.00,11.10,0.20,17.60
S101,1486915188,21.80,9.40,22.00,11.30,0.20,17.60
S101,1486915487,21.80,9.30,21.90,11.20,0.20,17.60
S101,1486915786,21.70,9.30,21.90,11.10,0.20,17.60
S101,1486916085,21.70,9.00,21.80,11.00,0.20,17.60
S101,1486916385,21.70,9.10,21.80,11.00,0.20,17.60
S101,1486916684,21.70,8.90,21.70,10.80,0.20,17.60
S101,1486916983,21.60,8.90,21.70,11.10,0.20,17.60
S101,1486917282,21.60,9.00,21.60,11.20,0.20,17.60
S101,1486917581,21.60,9.30,21.70,11.20,0.20,17.60
S101,1486917880,21.60,9.30,21.70,11.30,0.20,17.60
S101,1486918180,21.50,8.80,21.60,10.90,0.20,17.60
S101,1486918479,21.50,8.80,21.60,10.90,0.20,17.60
S101,1486918778,21.50,8.70,21.50,10.80,0.20,17.60
S101,1486919078,21.50,8.80,21.50,10.80,0.20,17.60
S101,1486919377,21.40,9.00,21.60,11.00,0.20,17.60
S101,1486919676,21.40,9.00,21.60,11.00,0.20,17.60
S101,1486919976,21.50,9.00,21.60,10.90,0.20,17.60
S101,1486920275,21.50,8.80,21.60,10.90,0.20,17.60
S101,1486921087,21.50,8.50,21.60,10.60,0.20,17.60
S101,1486921174,21.50,8.70,21.60,10.90,0.20,17.60
S101,1486921473,21.50,8.50,21.50,10.60,0.20,17.60
S101,1486921772,21.40,8.60,21.60,10.70,0.20,17.60
S101,1486922071,21.40,8.80,21.60,10.90,0.20,17.60
S101,1486922371,21.40,9.00,21.60,11.00,0.20,17.60
S101,1486922670,21.40,9.00,21.60,11.00,0.20,17.60
S101,1486922970,21.40,8.80,21.60,10.90,0.20,17.60
S101,1486923269,21.40,8.50,21.50,10.50,0.20,17.60
S101,1486923568,21.40,8.40,21.50,10.60,0.20,17.60
S101,1486923868,21.40,8.60,21.50,10.80,0.20,17.60
S101,1486924167,21.40,8.90,21.50,10.90,0.20,17.60
S101,1486924466,21.40,8.90,21.50,10.90,0.20,17.60
S101,1486924766,21.40,8.90,21.50,11.00,0.20,17.60
S101,1486925065,21.40,9.00,21.50,11.10,0.20,17.60
S101,1486925364,21.40,8.60,21.50,10.60,0.20,17.60
S101,1486925663,21.40,8.50,21.40,10.40,0.20,17.60
S101,1486925963,21.40,8.80,21.40,10.80,0.20,17.60
S101,1486926262,21.30,8.80,21.40,11.30,0.20,17.60
S101,1486926561,21.30,8.90,21.50,10.90,0.20,17.60
S101,1486926860,21.30,9.00,21.50,10.90,0.20,17.60
S101,1486927159,21.40,8.80,21.50,10.70,0.20,17.60
S101,1486927458,21.30,8.40,21.40,10.40,0.20,17.60
S101,1486927757,21.30,8.50,21.40,10.50,0.20,17.60
S101,1486928056,21.30,8.70,21.40,10.80,0.20,17.60
S101,1486928356,21.30,8.70,21.50,10.80,0.20,17.60
S101,1486928655,21.30,8.90,21.50,10.90,0.20,17.60
S101,1486928954,21.30,8.70,21.50,10.90,0.20,17.60
S101,1486929253,21.30,8.40,21.50,10.60,0.20,17.60
S101,1486929552,21.30,8.40,21.40,10.30,0.20,17.60
S101,1486929851,21.30,8.50,21.40,10.70,0.20,17.60
S101,1486930150,21.30,8.70,21.40,10.60,0.20,17.60
S101,1486930449,21.30,8.60,21.50,10.60,0.20,17.60
S101,1486930748,21.30,8.70,21.50,10.80,0.20,17.60
S101,1486931047,21.30,8.90,21.50,10.90,0.20,17.60
S101,1486931346,21.30,8.50,21.50,10.60,0.20,17.60
S101,1486931645,21.30,8.30,21.40,10.40,0.20,17.60
S101,1486931944,21.30,8.50,21.40,10.60,0.20,17.60
S101,1486932243,21.30,8.70,21.40,10.60,0.20,17.60
S101,1486932542,21.30,8.70,21.40,10.70,0.20,17.60
S101,1486932841,21.30,8.70,21.50,10.90,0.20,17.60
S101,1486933140,21.30,8.90,21.50,10.90,0.20,17.60
S101,1486933439,21.30,8.80,21.40,10.80,0.20,17.60
S101,1486933738,21.30,8.40,21.40,10.40,0.20,17.60
S101,1486934037,21.30,8.40,21.40,10.60,0.20,17.60
S101,1486934336,21.30,8.60,21.30,10.70,0.20,17.60
S101,1486934635,21.30,8.70,21.30,10.80,0.20,17.60
S101,1486934934,21.20,8.70,21.30,10.90,0.20,17.60
S101,1486935233,21.20,8.60,21.20,10.80,0.20,17.60
S101,1486935532,21.20,8.40,21.10,10.60,0.20,17.60
S101,1486935831,21.10,8.40,20.90,10.70,0.20,17.60
S101,1486936130,21.10,8.30,20.80,10.70,0.20,17.60
S101,1486936429,21.00,8.40,20.80,10.70,0.20,17.60
S101,1486936728,21.00,8.50,20.70,10.90,0.20,17.60
S101,1486937027,20.90,8.50,20.60,10.90,0.20,17.60
S101,1486937326,20.90,8.70,20.50,10.90,0.20,17.60
S101,1486937625,20.80,8.70,20.50,11.10,0.20,17.60
S101,1486937924,20.70,8.70,20.40,11.10,0.20,17.60
S101,1486938223,20.70,8.80,20.40,11.30,0.20,17.60
S101,1486938522,20.60,9.10,20.40,11.40,0.20,17.60
S101,1486938821,20.60,9.40,20.40,11.60,0.20,17.60
S101,1486939120,20.60,9.50,20.40,11.70,0.20,17.60
S101,1486939419,20.50,9.60,20.40,11.70,0.20,17.60
S101,1486939718,20.50,9.60,20.40,11.80,0.20,17.60
S101,1486940017,20.50,9.60,20.40,11.80,0.20,17.60
S101,1486940316,20.50,9.60,20.30,11.90,0.20,17.60
S101,1486940615,20.50,9.60,20.30,11.90,0.20,17.60
S101,1486940914,20.50,9.60,20.30,12.00,0.20,17.60
S101,1486941213,20.40,9.60,20.30,12.00,0.20,17.60
S101,1486941512,20.40,9.50,20.30,12.10,0.20,17.60
S101,1486941811,20.40,9.50,20.20,12.10,0.20,17.60
S101,1486942110,20.40,9.70,20.20,12.20,0.20,17.60
S101,1486942409,20.30,9.90,20.20,12.40,0.20,17.60
S101,1486942708,20.30,10.00,20.10,12.40,0.20,17.60
S101,1486943007,20.30,10.00,20.10,12.50,0.20,17.60
S101,1486943306,20.30,10.10,20.10,12.50,0.20,17.60
S101,1486943605,20.20,10.00,20.10,12.50,0.20,17.60
S101,1486943904,20.20,10.10,20.00,12.50,0.20,17.60
S101,1486944203,20.20,10.10,20.00,12.60,0.20,17.60
S101,1486944502,20.10,10.10,19.90,12.50,0.20,17.60
S101,1486944801,20.10,10.20,19.90,12.60,0.20,17.60
S101,1486945100,20.10,10.10,19.90,12.70,0.20,17.60
S101,1486945399,20.10,10.30,19.80,12.70,0.20,17.60
S101,1486945698,20.00,10.30,19.70,12.80,0.20,17.60
S101,1486945997,20.00,10.30,19.60,12.80,0.20,17.60
S101,1486946296,19.90,10.30,19.60,12.90,0.20,17.60
S101,1486946595,19.90,10.30,19.50,12.90,0.20,17.60
S101,1486946894,19.80,10.30,19.50,13.00,0.20,17.60
S101,1486947193,19.80,10.50,19.40,13.10,0.20,17.60
S101,1486947492,19.80,10.60,19.40,13.20,0.20,17.60
S101,1486947791,19.70,10.50,19.40,13.20,0.20,17.60
S101,1486948090,19.70,10.60,19.30,13.10,0.20,17.60
S101,1486948389,19.60,10.60,19.30,13.30,0.20,17.60
S101,1486948688,19.60,10.50,19.30,13.20,0.20,17.60
S101,1486948987,19.60,10.60,19.20,13.20,0.20,17.60
S101,1486949286,19.50,10.60,19.20,13.30,0.20,17.60
S101,1486949585,19.50,10.60,19.20,13.30,0.20,17.60
S101,1486949884,19.50,10.60,19.20,13.20,0.20,17.60
S101,1486950184,19.40,10.60,19.20,13.20,0.20,17.60
S101,1486950483,19.40,10.60,19.10,13.30,0.20,17.60
S101,1486950782,19.40,10.70,19.10,13.50,0.20,17.60
S101,1486951081,19.30,10.60,19.10,13.60,0.20,17.60
S101,1486951380,19.30,10.60,19.10,13.60,0.20,17.60
S101,1486951679,19.30,10.70,19.00,13.50,0.20,17.60
S101,1486951978,19.30,10.90,19.00,13.50,0.20,17.60
S101,1486952277,19.30,11.00,19.00,13.50,0.20,17.60
S101,1486952576,19.20,11.00,19.00,13.50,0.20,17.60
S101,1486952875,19.20,11.10,19.00,13.50,0.20,17.60
S101,1486953174,19.20,11.20,18.90,13.40,0.20,17.60
S101,1486953473,19.20,11.10,18.90,13.40,0.20,17.60
S101,1486953772,19.10,11.00,18.90,13.40,0.20,17.60
S101,1486954071,19.10,11.00,18.90,13.40,0.20,17.60
S101,1486954370,19.10,11.00,18.80,13.40,0.20,17.60
S101,1486954669,19.10,11.10,18.80,13.40,0.20,17.60
S101,1486954968,19.10,11.10,18.80,13.40,0.20,17.60
S101,1486955267,19.00,11.00,18.80,13.40,0.20,17.60
S101,1486955566,19.00,11.00,18.80,13.40,0.20,17.60
S101,1486955865,19.00,10.80,18.70,13.30,0.20,17.60
S101,1486956164,18.90,10.90,18.70,13.30,0.20,17.60
S101,1486956463,19.00,11.10,18.70,13.30,0.20,17.60
S101,1486956762,18.90,11.10,18.70,13.30,0.20,17.60
S101,1486957061,18.90,11.10,18.70,13.30,0.20,17.60
S101,1486957360,18.90,11.20,18.60,13.20,0.20,17.60
S101,1486957659,18.90,11.00,18.60,13.20,0.20,17.60
S101,1486957958,18.90,11.10,18.60,13.20,0.20,17.60
S101,1486958257,18.80,11.00,18.60,13.20,0.20,17.60
S101,1486958556,18.80,10.90,18.60,13.20,0.20,17.60
S101,1486959368,18.80,10.90,18.50,13.20,0.20,17.60
S101,1486959455,18.80,11.00,18.50,13.20,0.20,17.60
S101,1486959754,18.80,11.00,18.50,13.20,0.20,17.60
S101,1486960053,18.70,11.00,18.50,13.20,0.20,17.60
S101,1486960352,18.70,11.00,18.60,13.20,0.20,17.60
S101,1486960651,18.80,11.20,18.60,13.20,0.20,17.60
S101,1486960950,18.80,11.20,18.70,13.30,0.20,17.60
S101,1486961249,18.80,11.20,18.70,13.30,0.20,17.60
S101,1486961548,18.80,11.20,18.70,13.30,0.20,17.60
S101,1486961847,18.80,11.00,18.70,13.30,0.20,17.60
S101,1486962146,18.80,11.00,18.70,13.30,0.20,17.60
S101,1486962445,18.80,10.80,18.70,13.30,0.20,17.60
S101,1486962744,18.80,10.60,18.70,13.30,0.20,17.60
S101,1486963043,18.80,10.60,18.60,13.20,0.20,17.60
S101,1486963342,18.80,10.70,18.60,13.20,0.20,17.60
S101,1486963641,18.80,10.60,18.50,13.20,0.20,17.60
S101,1486963940,18.70,10.50,18.50,13.20,0.20,17.60
S101,1486964239,18.70,10.50,18.50,13.20,0.20,17.60
S101,1486964538,18.70,10.80,18.50,13.20,0.20,17.60
S101,1486964837,18.70,11.00,18.60,13.20,0.20,17.60
S101,1486965136,18.70,11.10,18.70,13.30,0.20,17.60
S101,1486965435,18.70,11.20,18.80,13.40,0.20,17.60
S101,1486965734,18.70,11.20,18.80,13.40,0.20,17.60
S101,1486966033,18.80,11.30,18.90,13.40,0.20,17.60
S101,1486966332,18.80,11.30,19.00,13.50,0.20,17.60
S101,1486966631,18.90,11.30,19.00,13.50,0.20,17.60
S101,1486966930,18.90,11.20,19.10,13.60,0.20,17.60
S101,1486967229,18.90,11.30,19.10,13.60,0.20,17.60
S101,1486967528,19.00,11.30,19.20,13.60,0.20,17.60
S101,1486967827,19.00,11.30,19.20,13.60,0.20,17.60
S101,1486968126,19.10,11.30,19.20,13.60,0.20,17.60
S101,1486968425,19.10,11.20,19.30,13.70,0.20,17.60
S101,1486968724,19.10,11.20,19.30,13.50,0.20,17.60
S101,1486969023,19.20,11.30,19.40,13.50,0.20,17.60
S101,1486969322,19.20,11.20,19.40,13.30,0.20,17.60
S101,1486969621,19.30,11.10,19.40,13.30,0.20,17.60
S101,1486969920,19.30,11.20,19.50,13.40,0.20,17.60
S101,1486970219,19.30,11.10,19.50,13.20,0.20,17.60
S101,1486970518,19.40,11.10,19.60,13.30,0.20,17.60
S101,1486970817,19.40,11.20,19.60,13.20,0.20,17.60
S101,1486971116,19.40,11.10,19.60,13.20,0.20,17.60
S101,1486971415,19.50,11.00,19.60,13.00,0.20,17.60
S101,1486971714,19.50,11.10,19.70,13.20,0.20,17.60
S101,1486972013,19.50,11.00,19.70,13.20,0.20,17.60
S101,1486972312,19.50,10.80,19.70,13.00,0.20,17.60
S101,1486972611,19.60,10.80,19.80,12.90,0.20,17.60
S101,1486972910,19.60,10.70,19.80,12.90,0.20,17.60
S101,1486973209,19.70,10.60,19.80,12.90,0.20,17.60
S101,1486973508,19.60,10.60,19.80,13.40,0.20,17.60
S101,1486973807,19.70,10.80,19.80,12.90,0.20,17.60
S101,1486974106,19.70,10.80,19.90,12.70,0.20,17.60
S101,1486974405,19.70,10.60,19.90,12.70,0.20,17.60
S101,1486974704,19.70,10.60,19.90,12.70,0.20,17.60
S101,1486975003,19.70,10.50,19.90,12.60,0.20,17.60
S101,1486975302,19.80,10.60,20.00,12.60,0.20,17.60
S101,1486975601,19.80,10.50,20.00,12.60,0.20,17.60
S101,1486975900,19.90,10.50,20.00,12.60,0.20,17.60
S101,1486976199,19.90,10.50,20.00,12.50,0.20,17.60
S101,1486976498,19.90,10.50,20.10,12.70,0.20,17.60
S101,1486976797,19.90,10.60,20.10,12.60,0.20,17.60
S101,1486977096,19.90,10.50,20.10,12.60,0.20,17.60
S101,1486977395,19.90,10.40,20.20,12.60,0.20,17.60
S101,1486977694,20.00,10.70,20.30,12.70,0.20,17.60
S101,1486977993,20.00,10.60,20.40,12.70,0.20,17.60
S101,1486978292,20.10,10.50,20.50,12.60,0.20,17.60
S101,1486978591,20.10,10.50,20.50,12.60,0.20,17.60
S101,1486978890,20.20,10.70,20.60,12.60,0.20,17.60
S101,1486979189,20.20,10.40,20.60,12.40,0.20,17.60
S101,1486979488,20.30,10.30,20.60,12.50,0.20,17.60
S101,1486979787,20.30,10.20,20.60,12.50,0.20,17.60
S101,1486980086,20.40,10.20,20.60,12.30,0.20,17.60
S101,1486980385,20.40,10.20,20.70,12.40,0.20,17.60
S101,1486980684,20.40,10.20,20.70,12.40,0.20,17.60
S101,1486980983,20.40,10.20,20.70,12.40,0.20,17.60
S101,1486981282,20.40,10.20,20.70,12.40,0.20,17.60
S101,1486981581,20.50,10.20,20.70,12.20,0.20,17.60
S101,1486981880,20.50,10.10,20.80,12.30,0.20,17.60
S101,1486982179,20.50,10.00,20.80,12.30,0.20,17.60
S101,1486982478,20.60,10.10,20.80,12.20,0.20,17.60
S101,1486982777,20.60,10.10,20.90,12.30,0.20,17.60
S101,1486983076,20.60,10.10,20.90,12.20,0.20,17.60
S101,1486983375,20.60,10.00,20.90,12.20,0.20,17.60
S101,1486983674,20.70,10.20,21.00,12.40,0.20,17.60
S101,1486983973,20.70,10.30,21.00,12.40,0.20,17.60
S101,1486984272,20.70,10.30,21.10,12.40,0.20,17.60
S101,1486984571,20.80,10.00,21.10,12.20,0.20,17.60
S101,1486984870,20.80,10.10,21.10,12.30,0.20,17.60
S101,1486985169,20.80,9.80,21.10,12.20,0.20,17.60
S101,1486985468,20.90,9.90,21.10,12.20,0.20,17.60
S101,1486985767,21.00,10.20,21.20,12.20,0.20,17.60
S101,1486986066,21.00,9.90,21.20,12.10,0.20,17.60
S101,1486986365,21.00,9.90,21.20,12.10,0.20,17.60
S101,1486986664,21.00,9.90,21.30,12.00,0.20,17.60
S101,1486986963,21.00,9.90,21.30,12.00,0.20,17.60
S101,1486987262,21.00,9.90,21.30,12.00,0.20,17.60
S101,1486987561,21.00,9.90,21.20,12.00,0.20,17.60
S101,1486987860,21.10,10.00,21.20,12.00,0.20,17.60
S101,1486988159,21.00,9.90,21.20,11.90,0.20,17.60
S101,1486988459,21.10,9.80,21.20,11.90,0.20,17.60
S101,1486988758,21.00,9.90,21.20,11.80,0.20,17.60
S101,1486989057,21.00,9.90,21.20,11.70,0.20,17.60
S101,1486989356,21.00,9.50,21.20,11.60,0.20,17.60
S101,1486989655,21.10,10.00,21.30,11.70,0.20,17.60
S101,1486989954,21.10,10.00,21.20,11.60,0.20,17.60
S101,1486990253,21.10,10.00,21.30,11.70,0.20,17.60
S101,1486990552,21.10,9.80,21.30,11.80,0.20,17.60
S101,1486990851,21.10,10.00,21.30,12.00,0.20,17.60
S101,1486991150,21.10,10.00,21.30,12.00,0.20,17.60
S101,1486991449,21.10,10.00,21.30,12.00,0.20,17.60
S101,1486991748,21.10,10.00,21.30,12.10,0.20,17.60
S101,1486992047,21.20,10.00,21.30,11.90,0.20,17.60
S101,1486992346,21.20,9.60,21.30,11.60,0.20,17.60
S101,1486992645,21.10,9.10,21.20,11.00,0.20,17.60
S101,1486992944,21.20,9.20,21.20,11.00,0.20,17.60
S101,1486993243,21.10,9.30,21.20,11.40,0.20,17.60
S101,1486993542,21.10,9.40,21.20,11.40,0.20,17.60
S101,1486993841,21.10,9.40,21.30,11.40,0.20,17.60
S101,1486994140,21.10,9.50,21.30,11.30,0.20,17.60
S101,1486994439,21.10,9.30,21.40,11.30,0.20,17.60
S101,1486994738,21.20,9.50,21.40,11.30,0.20,17.60
S101,1486995037,21.20,9.30,21.40,11.10,0.20,17.60
S101,1486995336,21.20,8.70,21.30,10.80,0.20,17.60
S101,1486995635,21.20,8.80,21.30,11.10,0.20,17.60
S101,1486995934,21.20,9.00,21.30,11.20,0.20,17.60
S101,1486996233,21.20,9.30,21.30,11.30,0.20,17.60
S101,1486996532,21.20,9.20,21.30,11.30,0.20,17.60
S101,1486996831,21.20,9.10,21.30,11.30,0.20,17.60
S101,1486997130,21.20,9.00,21.30,11.10,0.20,17.60
S101,1486997429,21.20,9.00,21.30,11.10,0.20,17.60
S101,1486997728,21.20,9.00,21.30,11.20,0.20,17.60
S101,1486998027,21.20,9.00,21.30,11.10,0.20,17.60
S101,1486998326,21.20,9.00,21.30,11.00,0.20,17.60
S101,1486998625,21.20,8.70,21.40,10.60,0.20,17.60
S101,1486998924,21.20,8.60,21.40,10.70,0.20,17.60
S101,1486999223,21.20,8.50,21.40,10.40,0.20,17.60
S101,1486999522,21.20,8.70,21.40,10.70,0.20,17.60
S101,1486999821,21.30,8.60,21.40,10.50,0.20,17.60
S101,1487000120,21.30,8.50,21.40,10.50,0.20,17.60
S101,1487000419,21.30,8.30,21.40,10.40,0.20,17.60
S101,1487000718,21.30,8.50,21.40,10.50,0.20,17.60
S101,1487001017,21.20,8.50,21.40,10.60,0.20,17.60
S101,1487001316,21.30,8.40,21.40,10.40,0.20,17.60
S101,1487001615,21.20,8.40,21.30,10.40,0.20,17.60
S101,1487001914,21.20,8.10,21.30,10.20,0.20,17.60
S101,1487002213,21.30,8.30,21.30,10.30,0.20,17.60
S101,1487002512,21.20,8.30,21.30,10.40,0.20,17.60
S101,1487002811,21.20,8.20,21.40,10.50,0.20,17.60
S101,1487003110,21.20,8.40,21.40,10.60,0.20,17.60
S101,1487003409,21.20,8.30,21.40,10.50,0.20,17.60
S101,1487003708,21.20,8.30,21.30,10.30,0.20,17.60
S101,1487004007,21.20,8.30,21.30,10.70,0.20,17.60
S101,1487004306,21.20,7.90,21.20,10.40,0.20,17.60
S101,1487004605,21.20,8.10,21.20,10.30,0.20,17.60
S101,1487004904,21.20,8.30,21.20,10.50,0.20,17.60
S101,1487005203,21.20,8.40,21.30,10.60,0.20,17.60
S101,1487005502,21.20,8.40,21.40,10.70,0.20,17.60
S101,1487005801,21.20,8.60,21.40,10.70,0.20,17.60
S101,1487006100,21.20,8.30,21.40,10.80,0.20,17.60
S101,1487006399,21.20,8.30,21.40,10.60,0.20,17.60
S101,1487006698,21.20,8.30,21.40,10.40,0.20,17.60
S101,1487006997,21.20,8.30,21.30,10.30,0.20,17.60
S101,1487007296,21.20,8.30,21.30,10.50,0.20,17.60
S101,1487007595,21.20,8.30,21.30,10.40,0.20,17.60
S101,1487007894,21.20,8.40,21.40,10.90,0.20,17.60
S101,1487008193,21.20,8.30,21.40,10.60,0.20,17.60
S101,1487008492,21.20,8.30,21.30,10.60,0.20,17.60
S101,1487008791,21.30,8.40,21.30,10.50,0.20,17.60
S101,1487009090,21.20,8.40,21.30,10.60,0.20,17.60
S101,1487009389,21.20,8.60,21.30,10.60,0.20,17.60
S101,1487009688,21.20,8.50,21.30,10.70,0.20,17.60
S101,1487009987,21.20,8.60,21.30,10.90,0.20,17.60
S101,1487010286,21.20,8.60,21.30,10.80,0.20,17.60
S101,1487010585,21.20,8.40,21.30,10.60,0.20,17.60
S101,1487010884,21.20,8.40,21.20,10.50,0.20,17.60
S101,1487011183,21.20,8.60,21.20,10.70,0.20,17.60
S101,1487011482,21.20,8.50,21.30,10.70,0.20,17.60
S101,1487011781,21.20,8.60,21.30,10.60,0.20,17.60
S101,1487012080,21.20,8.60,21.30,10.70,0.20,17.60
S101,1487012379,21.20,8.40,21.20,10.40,0.20,17.60
S101,1487012678,21.10,8.30,21.10,10.40,0.20,17.60
S101,1487012977,21.10,8.40,21.20,10.50,0.20,17.60
S101,1487013276,21.10,8.40,21.30,10.80,0.20,17.60
S101,1487013575,21.20,8.40,21.30,10.50,0.20,17.60
S101,1487013874,21.20,8.40,21.30,10.40,0.20,17.60
S101,1487014173,21.10,8.20,21.20,10.30,0.20,17.60
S101,1487014472,21.10,8.30,21.10,10.40,0.20,17.60
S101,1487014771,21.10,8.30,21.20,10.60,0.20,17.60
S101,1487015070,21.10,8.60,21.30,10.80,0.20,17.60
S101,1487015369,21.10,8.30,21.30,10.60,0.20,17.60
S101,1487015668,21.10,8.40,21.40,10.70,0.20,17.60
S101,1487015967,21.10,8.30,21.40,10.40,0.20,17.60
S101,1487016266,21.20,8.30,21.40,10.20,0.20,17.60
S101,1487016565,21.20,8.10,21.30,10.20,0.20,17.60
S101,1487016864,21.20,8.10,21.40,10.30,0.20,17.60
S101,1487017163,21.20,8.10,21.40,10.30,0.20,17.60
S101,1487017462,21.20,8.20,21.40,10.40,0.20,17.60
S101,1487017761,21.20,8.20,21.40,10.20,0.20,17.60
S101,1487018060,21.20,8.20,21.40,10.20,0.20,17.60
S101,1487018359,21.20,8.30,21.40,10.30,0.20,17.60
S101,1487018658,21.20,8.20,21.40,10.10,0.20,17.60
S101,1487018957,21.30,8.30,21.40,10.30,0.20,17.60
S101,1487019256,21.20,8.10,21.40,10.40,0.20,17.60
S101,1487019555,21.20,8.20,21.40,10.40,0.20,17.60
S101,1487019854,21.20,8.30,21.40,10.40,0.20,17.60
S101,1487020153,21.30,8.10,21.40,10.20,0.20,17.60
S101,1487020452,21.20,7.90,21.30,10.20,0.20,17.60
S101,1487020751,21.20,8.00,21.20,10.10,0.20,17.60
S101,1487021050,21.20,8.10,21.30,10.30,0.20,17.60
S101,1487021349,21.20,8.10,21.30,10.10,0.20,17.60
S101,1487021648,21.20,8.00,21.30,10.20,0.20,17.60
S101,1487021947,21.20,7.80,21.20,9.80,0.20,17.60
S101,1487022246,21.20,7.70,21.00,9.80,0.20,17.60
S101,1487022545,21.10,7.60,20.80,9.80,0.20,17.60
S101,1487022844,21.10,7.60,20.60,9.80,0.20,17.60
S101,1487023143,21.00,7.50,20.60,9.90,0.20,17.60
S101,1487023442,21.00,7.50,20.50,9.90,0.20,17.60
S101,1487023741,20.90,7.70,20.30,9.90,0.20,17.60
S101,1487024040,20.80,7.80,20.20,10.00,0.20,17.60
S101,1487024339,20.70,7.70,20.00,10.00,0.20,17.60
S101,1487024638,20.70,7.80,20.00,10.00,0.20,17.60
S101,1487024937,20.60,7.80,19.90,10.00,0.20,17.60
S101,1487025236,20.50,7.70,19.80,10.10,0.20,17.60
S101,1487025535,20.50,7.70,19.80,10.10,0.20,17.60
S101,1487025834,20.40,7.90,19.70,10.10,0.20,17.60
S101,1487026133,20.30,7.90,19.60,10.30,0.20,17.60
S101,1487026432,20.20,8.00,19.60,10.40,0.20,17.60
S101,1487026732,20.20,8.20,19.50,10.60,0.20,17.60
S101,1487027031,20.10,8.30,19.40,10.60,0.20,17.60
S101,1487027330,20.10,8.40,19.40,10.80,0.20,17.60
S101,1487027629,20.00,8.50,19.40,10.90,0.20,17.60
S101,1487027928,19.90,8.50,19.40,11.00,0.20,17.60
S101,1487028227,19.90,8.70,19.30,11.00,0.20,17.60
S101,1487028526,19.90,8.90,19.30,11.10,0.20,17.60
S101,1487028825,19.80,8.70,19.30,11.20,0.20,17.60
S101,1487029124,19.80,9.10,19.20,11.20,0.20,17.60
S101,1487029423,19.80,9.10,19.20,11.30,0.20,17.60
S101,1487029722,19.70,9.00,19.20,11.40,0.20,17.60
S101,1487030021,19.70,9.00,19.20,11.40,0.20,17.60
S101,1487030320,19.60,8.90,19.10,11.40,0.20,17.60
S101,1487030619,19.60,8.90,19.10,11.50,0.20,17.60
S101,1487030918,19.50,8.90,19.10,11.50,0.20,17.60
S101,1487031217,19.50,8.90,19.00,11.50,0.20,17.60
S101,1487031516,19.50,9.10,19.00,11.60,0.20,17.60
S101,1487031815,19.40,9.10,19.00,11.60,0.20,17.60
S101,1487032114,19.40,9.20,19.10,11.70,0.20,17.60
S101,1487032413,19.40,9.20,19.10,11.70,0.20,17.60
S101,1487032712,19.40,9.20,19.10,11.70,0.20,17.60
S101,1487033011,19.40,9.20,19.10,11.60,0.20,17.60
S101,1487033310,19.40,9.30,19.00,11.60,0.20,17.60
S101,1487033609,19.40,9.30,19.00,11.60,0.20,17.60
S101,1487033908,19.40,9.20,19.10,11.70,0.20,17.60
S101,1487034207,19.40,9.30,19.00,11.60,0.20,17.60
S101,1487034506,19.30,9.20,19.00,11.70,0.20,17.60
S101,1487034805,19.30,9.30,18.90,11.70,0.20,17.60
S101,1487035104,19.30,9.20,18.80,11.70,0.20,17.60
S101,1487035403,19.20,9.30,18.70,11.70,0.20,17.60
S101,1487035702,19.20,9.30,18.70,11.80,0.20,17.60
S101,1487036001,19.10,9.40,18.60,11.80,0.20,17.60
S101,1487036300,19.10,9.30,18.60,11.90,0.20,17.60
S101,1487036599,19.10,9.40,18.60,11.90,0.20,17.60
S101,1487036898,19.00,9.30,18.60,11.90,0.20,17.60
S101,1487037197,19.00,9.40,18.60,12.00,0.20,17.60
S101,1487037496,18.90,9.30,18.50,12.00,0.20,17.60
S101,1487037795,18.90,9.50,18.50,12.00,0.20,17.60
S101,1487038094,18.90,9.60,18.50,12.10,0.20,17.60
S101,1487038393,18.90,9.70,18.50,12.10,0.20,17.60
S101,1487038692,18.80,9.50,18.40,12.10,0.20,17.60
S101,1487038991,18.80,9.70,18.40,12.10,0.20,17.60
S101,1487039290,18.80,9.60,18.40,12.20,0.20,17.60
S101,1487039589,18.80,9.70,18.40,12.20,0.20,17.60
S101,1487039888,18.70,9.70,18.40,12.20,0.20,17.60
S101,1487040187,18.70,9.70,18.30,12.20,0.20,17.60
S101,1487040486,18.70,9.70,18.40,12.30,0.20,17.60
S101,1487040785,18.70,9.70,18.30,12.20,0.20,17.60
S101,1487041084,18.60,9.60,18.30,12.30,0.20,17.60
S101,1487041383,18.60,9.70,18.30,12.40,0.20,17.60
S101,1487041682,18.60,9.90,18.30,12.40,0.20,17.60
S101,1487041981,18.60,9.90,18.30,12.50,0.20,17.60
S101,1487042280,18.60,9.90,18.20,12.50,0.20,17.60
S101,1487042579,18.50,9.90,18.20,12.50,0.20,17.60
S101,1487042878,18.50,10.00,18.20,12.60,0.20,17.60
S101,1487043177,18.50,9.90,18.20,12.70,0.20,17.60
S101,1487043476,18.50,9.90,18.10,12.80,0.20,17.60
S101,1487043775,18.50,10.00,18.10,12.90,0.20,17.60
S101,1487044074,18.50,10.10,18.10,12.90,0.20,17.60
S101,1487044373,18.40,10.10,18.10,12.90,0.20,17.60
S101,1487044672,18.40,10.10,18.10,12.90,0.20,17.60
S101,1487044971,18.40,10.20,18.10,12.90,0.20,17.60
S101,1487045270,18.40,10.20,18.10,12.90,0.20,17.60
S101,1487045569,18.40,10.20,18.10,13.40,0.20,17.60
S101,1487045868,18.30,10.10,18.10,12.90,0.20,17.60
S101,1487046167,18.30,10.10,18.10,12.90,0.20,17.50
S101,1487046466,18.30,10.30,18.10,12.90,0.20,17.60
S101,1487046765,18.30,10.30,18.00,12.80,0.20,17.60
S101,1487047064,18.30,10.30,18.00,12.80,0.20,17.60
S101,1487047363,18.30,10.40,18.00,12.80,0.20,17.60
S101,1487047662,18.30,10.40,18.00,12.80,0.20,17.60
S101,1487047961,18.30,10.40,18.00,12.80,0.20,17.60
S101,1487048260,18.30,10.40,17.90,12.80,0.20,17.60
S101,1487048559,18.20,10.40,18.00,12.80,0.20,17.60
S101,1487048858,18.20,10.40,18.00,12.80,0.20,17.60
S101,1487049157,18.20,10.40,17.90,12.80,0.20,17.60
S101,1487049456,18.20,10.40,17.90,12.80,0.20,17.60
S101,1487049755,18.20,10.40,17.90,12.80,0.20,17.60
S101,1487050055,18.20,10.50,17.90,12.80,0.20,17.60
S101,1487050354,18.20,10.50,17.90,12.80,0.20,17.60
S101,1487050653,18.20,10.60,18.00,12.80,0.20,17.50
S101,1487050952,18.20,10.70,18.10,12.90,0.20,17.60
S101,1487051251,18.20,10.70,18.30,13.00,0.20,17.60
S101,1487051550,18.20,10.80,18.40,13.10,0.20,17.60
S101,1487051849,18.30,10.90,18.40,13.10,0.20,17.60
S101,1487052148,18.30,10.90,18.50,13.20,0.20,17.60
S101,1487052447,18.30,10.90,18.60,13.20,0.20,17.60
S101,1487052746,18.40,11.00,18.60,13.20,0.20,17.60
S101,1487053045,18.50,11.10,18.70,13.30,0.20,17.60
S101,1487053344,18.50,11.00,18.70,13.30,0.20,17.60
S101,1487053643,18.60,11.10,18.80,13.40,0.20,17.60
S101,1487053942,18.60,11.10,18.90,13.40,0.20,17.60
S101,1487054241,18.60,11.00,18.90,13.40,0.20,17.60
S101,1487054540,18.70,11.10,18.90,13.40,0.20,17.60
S101,1487054839,18.70,11.10,19.00,13.50,0.20,17.60
S101,1487055138,18.80,11.10,19.00,13.50,0.20,17.60
S101,1487055437,18.80,11.10,19.00,13.50,0.20,17.60
S101,1487055736,18.90,11.20,19.10,13.30,0.20,17.60
S101,1487056035,18.90,11.10,19.10,13.20,0.20,17.60
S101,1487056334,18.90,11.10,19.20,13.30,0.20,17.60
S101,1487056633,19.00,11.20,19.20,13.30,0.20,17.60
S101,1487056932,19.00,11.10,19.20,13.20,0.20,17.60
S101,1487057231,19.00,11.10,19.30,13.20,0.20,17.60
S101,1487057530,19.10,11.20,19.30,13.20,0.20,17.60
S101,1487057829,19.10,11.10,19.30,13.20,0.20,17.60
S101,1487058128,19.20,11.10,19.40,13.20,0.20,17.60
S101,1487058427,19.20,11.20,19.40,13.40,0.20,17.60
S101,1487058726,19.20,11.20,19.50,13.40,0.20,17.60
S101,1487059025,19.30,11.20,19.50,13.40,0.20,17.60
S101,1487059324,19.30,11.20,19.50,13.20,0.20,17.60
S101,1487059623,19.30,11.20,19.60,13.20,0.20,17.60
S101,1487059922,19.40,11.30,19.60,13.20,0.20,17.60
S101,1487060221,19.40,11.20,19.60,13.30,0.20,17.60
S101,1487060520,19.40,11.20,19.70,13.40,0.20,17.60
S101,1487060819,19.50,11.20,19.70,13.30,0.20,17.60
S101,1487061118,19.50,11.20,19.70,13.30,0.20,17.60
S101,1487061417,19.50,11.20,19.80,13.30,0.20,17.60
S101,1487061716,19.50,11.20,19.80,13.30,0.20,17.60
S101,1487062015,19.60,11.20,19.80,13.40,0.20,17.60
S101,1487062314,19.60,11.30,19.90,13.30,0.20,17.60
S101,1487062613,19.60,11.30,19.90,13.30,0.20,17.60
S101,1487062912,19.70,11.30,19.90,13.30,0.20,17.60
S101,1487063211,19.70,11.30,19.90,13.20,0.20,17.60
S101,1487063510,19.70,11.30,20.00,13.30,0.20,17.60
S101,1487063809,19.80,11.30,20.10,13.30,0.20,17.60
S101,1487064108,19.80,11.30,20.20,13.30,0.20,17.60
S101,1487064407,19.90,11.30,20.20,13.10,0.20,17.60
S101,1487064706,19.90,11.30,20.30,13.10,0.20,17.60
S101,1487065006,20.00,11.30,20.40,13.20,0.20,17.60
S101,1487065305,20.00,11.20,20.40,13.00,0.20,17.60
S101,1487065604,20.10,11.10,20.50,12.90,0.20,17.60
S101,1487065903,20.10,11.10,20.50,13.00,0.20,17.60
S101,1487066202,20.20,11.00,20.60,12.80,0.20,17.60
S101,1487066501,20.20,10.90,20.60,12.70,0.20,17.60
S101,1487066800,20.20,10.80,20.60,12.70,0.20,17.60
S101,1487067099,20.30,10.60,20.60,12.60,0.20,17.60
S101,1487067398,20.30,10.40,20.50,12.40,0.20,17.60
S101,1487067697,20.30,10.50,20.50,12.40,0.20,17.60
S101,1487067996,20.30,10.50,20.60,12.40,0.20,17.60
S101,1487068295,20.40,10.50,20.60,12.30,0.20,17.60
S101,1487068594,20.40,10.50,20.70,12.30,0.20,17.60
S101,1487068893,20.40,10.30,20.70,12.10,0.20,17.60
S101,1487069192,20.50,10.20,20.80,12.10,0.20,17.60
S101,1487069491,20.50,10.20,20.80,12.00,0.20,17.60
S101,1487069790,20.50,10.20,20.90,12.00,0.20,17.60
S101,1487070089,20.60,10.20,20.90,12.10,0.20,17.60
S101,1487070388,20.60,10.10,20.80,12.00,0.20,17.60
S101,1487070687,20.60,10.00,20.80,12.00,0.20,17.60
S101,1487070986,20.60,10.00,20.80,12.00,0.20,17.60
S101,1487071285,20.60,10.00,20.80,12.00,0.20,17.60
S101,1487071584,20.60,9.90,20.80,11.90,0.20,17.60
S101,1487071883,20.60,9.70,20.70,11.70,0.20,17.60
S101,1487072182,20.60,9.70,20.70,11.70,0.20,17.60
S101,1487072481,20.60,9.60,20.70,11.80,0.20,17.60
S101,1487072780,20.60,9.60,20.70,11.60,0.20,17.60
S101,1487073079,20.60,9.60,20.70,11.60,0.20,17.60
S101,1487073378,20.60,9.60,20.70,11.70,0.20,17.60
S101,1487073677,20.60,9.60,20.70,11.50,0.20,17.60
S101,1487073976,20.60,9.60,20.70,11.60,0.20,17.60
S101,1487074275,20.60,9.60,20.70,11.40,0.20,17.60
S101,1487074574,20.60,9.60,20.70,11.40,0.20,17.60
S101,1487074873,20.60,9.60,20.70,11.30,0.20,17.60
S101,1487075172,20.60,9.60,20.70,11.30,0.20,17.60
S101,1487075471,20.60,9.60,20.70,11.30,0.20,17.60
S101,1487075770,20.60,9.60,20.70,11.20,0.20,17.60
S101,1487076069,20.60,9.30,20.70,11.00,0.20,17.60
S101,1487076368,20.60,9.60,20.70,11.10,0.20,17.60
S101,1487076667,20.70,9.30,20.70,11.10,0.20,17.60
S101,1487076966,20.60,9.20,20.70,11.00,0.20,17.60
S101,1487077265,20.60,9.00,20.70,10.90,0.20,17.60
S101,1487077564,20.60,9.20,20.70,10.90,0.20,17.60
S101,1487077863,20.60,9.10,20.70,11.50,0.20,17.60
S101,1487078162,20.60,9.30,20.80,11.10,0.20,17.60
S101,1487078461,20.70,9.60,20.90,11.30,0.20,17.60
S101,1487078760,20.70,9.30,21.00,11.00,0.20,17.60
S101,1487079059,20.70,9.70,21.00,11.00,0.20,17.60
S101,1487079358,20.70,9.50,21.10,11.10,0.20,17.60
S101,1487079657,20.80,9.50,21.10,11.10,0.20,17.60
S101,1487079956,20.80,9.70,21.10,11.10,0.20,17.60
S101,1487080255,20.80,9.50,21.10,11.10,0.20,17.60
S101,1487080554,20.90,9.60,21.20,11.30,0.20,17.60
S101,1487080853,20.90,9.70,21.20,11.20,0.20,17.60
S101,1487081152,20.90,9.30,21.30,11.30,0.20,17.60
S101,1487081451,20.90,9.10,21.30,10.90,0.20,17.60
S101,1487081750,21.00,8.80,21.20,10.70,0.20,17.60
S101,1487082049,21.00,8.80,21.20,10.70,0.20,17.60
S101,1487082348,21.00,8.60,21.20,10.60,0.20,17.60
S101,1487082647,21.00,8.50,21.30,10.50,0.20,17.60
S101,1487082946,21.00,8.40,21.20,10.70,0.20,17.60
S101,1487083245,21.00,8.60,21.20,10.80,0.20,17.60
S101,1487083544,21.00,8.70,21.30,10.80,0.20,17.60
S101,1487083843,21.00,8.60,21.30,10.80,0.20,17.60
S101,1487084142,21.10,9.00,21.40,11.10,0.20,17.60
S101,1487084441,21.10,9.10,21.40,11.10,0.20,17.60
S101,1487084740,21.10,9.00,21.40,11.20,0.20,17.60
S101,1487085039,21.10,8.60,21.40,10.70,0.20,17.60
S101,1487085338,21.10,8.50,21.30,10.50,0.20,17.60
S101,1487085637,21.10,8.20,21.20,10.40,0.20,17.60
S101,1487085936,21.10,8.40,21.30,10.50,0.20,17.60
S101,1487086235,21.20,8.60,21.40,10.80,0.20,17.60
S101,1487086534,21.20,8.90,21.40,10.80,0.20,17.60
S101,1487086833,21.20,8.70,21.50,11.00,0.20,17.60
S101,1487087132,21.20,9.00,21.50,11.20,0.20,17.60
S101,1487087431,21.30,9.40,21.50,11.00,0.20,17.60
S101,1487087730,21.30,8.30,21.40,10.00,0.20,17.60
S101,1487088029,21.20,8.20,21.40,10.60,0.20,17.60
S101,1487088328,21.20,8.00,21.30,10.20,0.20,17.60
S101,1487088627,21.20,8.00,21.20,10.10,0.20,17.60
S101,1487088926,21.20,8.10,21.20,10.20,0.20,17.60
S101,1487089225,21.10,7.90,21.30,10.20,0.20,17.60
S101,1487089524,21.10,8.00,21.30,10.40,0.20,17.60
S101,1487089823,21.10,8.00,21.30,10.20,0.20,17.60
S101,1487090122,21.10,8.00,21.30,10.20,0.20,17.60
S101,1487090421,21.10,8.30,21.30,10.60,0.20,17.60
S101,1487090720,21.10,8.20,21.30,10.40,0.20,17.60
S101,1487091019,21.10,8.30,21.30,10.40,0.20,17.60
S101,1487091318,21.10,8.50,21.40,10.60,0.20,17.60
S101,1487091617,21.10,8.30,21.40,10.70,0.20,17.60
S101,1487091916,21.10,8.50,21.40,10.60,0.20,17.60
S101,1487092215,21.10,8.20,21.30,10.20,0.20,17.60
S101,1487092514,21.10,7.90,21.30,10.00,0.20,17.60
S101,1487092813,21.10,7.90,21.30,10.20,0.20,17.60
S101,1487093112,21.10,7.70,21.30,10.10,0.20,17.60
S101,1487093411,21.10,7.70,21.40,10.10,0.20,17.60
S101,1487093710,21.10,7.90,21.30,10.20,0.20,17.60
S101,1487094009,21.10,7.90,21.30,10.10,0.20,17.60
S101,1487094308,21.10,7.70,21.20,9.80,0.20,17.60
S101,1487094607,21.10,7.60,21.20,9.80,0.20,17.60
S101,1487094906,21.10,7.70,21.10,9.90,0.20,17.60
S101,1487095205,21.10,7.70,21.20,10.10,0.20,17.60
S101,1487095504,21.10,7.80,21.20,10.10,0.20,17.60
S101,1487095803,21.00,7.70,21.20,9.90,0.20,17.60
S101,1487096102,21.10,7.90,21.20,10.10,0.20,17.60
S101,1487096401,21.10,7.90,21.20,10.10,0.20,17.60
S101,1487096700,21.10,7.80,21.30,10.20,0.20,17.60
S101,1487096999,21.10,7.90,21.20,10.10,0.20,17.60
S101,1487097298,21.10,7.90,21.30,10.20,0.20,17.60
S101,1487097597,21.10,7.90,21.30,10.20,0.20,17.60
S101,1487097896,21.10,7.80,21.30,10.10,0.20,17.60
S101,1487098195,21.10,7.90,21.30,10.20,0.20,17.60
S101,1487098494,21.10,7.80,21.30,9.90,0.20,17.60
S101,1487098793,21.10,7.60,21.30,9.70,0.20,17.60
S101,1487099092,21.10,7.50,21.30,9.50,0.20,17.60
S101,1487099391,21.10,7.40,21.30,9.50,0.20,17.60
S101,1487099690,21.10,7.70,21.30,9.80,0.20,17.60
S101,1487099989,21.10,7.70,21.30,9.90,0.20,17.60
S101,1487100288,21.10,8.00,21.30,9.90,0.20,17.60
S101,1487100587,21.10,7.70,21.30,10.00,0.20,17.60
S101,1487100886,21.10,7.60,21.30,9.80,0.20,17.60
S101,1487101185,21.10,7.30,21.30,9.60,0.20,17.60
S101,1487101484,21.10,7.10,21.20,9.30,0.20,17.60
S101,1487101783,21.10,6.80,21.20,9.10,0.20,17.60
S101,1487102082,21.10,7.20,21.20,9.50,0.20,17.60
S101,1487102381,21.00,7.10,21.20,9.40,0.20,17.60
S101,1487102680,21.00,7.10,21.20,9.60,0.20,17.60
S101,1487102979,21.00,7.00,21.10,9.40,0.20,17.60
S101,1487103279,21.00,7.10,21.10,9.50,0.20,17.60
S101,1487103578,21.00,7.10,21.10,9.50,0.20,17.60
S101,1487103877,20.90,7.00,21.00,9.50,0.20,17.60
S101,1487104176,20.90,7.00,20.90,9.50,0.20,17.60
S101,1487104475,20.90,7.00,20.90,9.50,0.20,17.60
S101,1487104774,20.80,6.90,20.90,9.50,0.20,17.60
S101,1487105073,20.80,7.00,20.80,9.60,0.20,17.60
S101,1487105372,20.80,7.00,20.80,9.50,0.20,17.60
S101,1487105671,20.70,7.00,20.80,9.60,0.20,17.60
S101,1487105970,20.70,6.90,20.70,9.50,0.20,17.60
S101,1487106269,20.70,6.90,20.70,9.50,0.20,17.60
S101,1487106568,20.70,7.00,20.70,9.40,0.20,17.60
S101,1487106867,20.70,7.00,20.70,9.40,0.20,17.60
S101,1487107166,20.60,6.90,20.70,9.50,0.20,17.60
S101,1487107465,20.60,7.00,20.60,9.50,0.20,17.60
S101,1487107764,20.60,7.00,20.60,9.40,0.20,17.60
S101,1487108063,20.60,7.10,20.50,9.30,0.20,17.60
S101,1487108362,20.60,6.90,20.30,9.30,0.20,17.60
S101,1487108661,20.50,6.90,20.20,9.20,0.20,17.60
S101,1487108960,20.40,6.80,20.00,9.20,0.20,17.60
S101,1487109259,20.40,6.90,19.90,9.10,0.20,17.60
S101,1487109558,20.30,6.80,19.80,9.10,0.20,17.60
S101,1487109857,20.20,6.70,19.70,9.20,0.20,17.60
S101,1487110156,20.20,6.80,19.70,9.20,0.20,17.60
S101,1487110455,20.10,6.70,19.60,9.10,0.20,17.60
S101,1487110754,20.00,6.70,19.50,9.20,0.20,17.60
S101,1487111053,20.00,7.40,19.50,9.20,0.20,17.60
S101,1487111352,19.90,7.00,19.40,9.30,0.20,17.60
S101,1487111651,19.90,7.00,19.40,9.30,0.20,17.60
S101,1487111950,19.80,7.00,19.40,9.40,0.20,17.60
S101,1487112249,19.80,7.10,19.30,9.40,0.20,17.60
S101,1487112548,19.70,7.00,19.30,9.40,0.20,17.60
S101,1487112847,19.70,7.00,19.20,9.40,0.20,17.60
S101,1487113146,19.60,7.00,19.20,9.50,0.20,17.60
S101,1487113445,19.60,7.20,19.10,9.50,0.20,17.60
S101,1487113744,19.50,7.30,19.10,9.60,0.20,17.60
S101,1487114043,19.50,7.40,19.20,9.70,0.20,17.60
S101,1487114342,19.50,7.50,19.20,9.70,0.20,17.60
S101,1487114641,19.50,7.40,19.20,9.70,0.20,17.60
S101,1487114940,19.50,7.40,19.30,9.80,0.20,17.60
S101,1487115239,19.50,7.40,19.20,9.60,0.20,17.60
S101,1487115538,19.40,7.30,19.20,9.60,0.20,17.60
S101,1487115837,19.40,7.30,19.20,9.60,0.20,17.60
S101,1487116136,19.40,7.30,19.20,9.60,0.20,17.60
S101,1487116435,19.40,8.30,19.20,10.70,0.20,17.60
S101,1487116734,19.40,8.30,19.20,10.60,0.20,17.60
S101,1487117033,19.40,8.00,19.20,10.30,0.20,17.60
S101,1487117332,19.40,7.70,19.10,9.90,0.20,17.60
S101,1487117631,19.30,7.50,19.10,9.70,0.20,17.60
S101,1487117930,19.30,7.20,19.10,9.60,0.20,17.60
S101,1487118229,19.30,7.20,19.10,9.40,0.20,17.60
S101,1487118528,19.30,7.00,19.10,9.20,0.20,17.60
S101,1487118827,19.30,6.80,19.00,9.10,0.20,17.60
S101,1487119126,19.30,6.80,19.00,9.10,0.20,17.60
S101,1487119425,19.20,6.50,18.90,9.00,0.20,17.60
S101,1487119724,19.20,6.50,18.90,8.90,0.20,17.60
S101,1487120023,19.10,6.60,18.80,8.90,0.20,17.60
S101,1487120322,19.10,6.50,18.70,8.80,0.20,17.60
S101,1487120621,19.10,6.40,18.70,8.80,0.20,17.60
S101,1487120920,19.00,6.40,18.70,8.80,0.20,17.60
S101,1487121219,19.00,6.40,18.60,8.70,0.20,17.60
S101,1487121518,18.90,6.40,18.60,8.70,0.20,17.60
S101,1487121817,18.90,6.50,18.60,8.80,0.20,17.60
S101,1487122116,18.90,6.40,18.50,8.80,0.20,17.60
S101,1487122415,18.90,6.60,18.50,8.90,0.20,17.60
S101,1487122714,18.80,6.30,18.50,8.80,0.20,17.60
S101,1487123013,18.80,6.50,18.50,8.90,0.20,17.60
S101,1487123312,18.80,6.40,18.40,8.90,0.20,17.60
S101,1487123611,18.70,6.60,18.40,8.90,0.20,17.60
S101,1487123910,18.70,6.40,18.30,8.90,0.20,17.60
S101,1487124209,18.70,6.50,18.30,8.90,0.20,17.60
S101,1487124508,18.60,6.50,18.30,8.90,0.20,17.50
S101,1487124807,18.60,6.70,18.30,9.10,0.20,17.60
S101,1487125106,18.60,6.70,18.20,9.10,0.20,17.60
S101,1487125405,18.60,6.90,18.20,9.10,0.20,17.50
S101,1487125704,18.50,6.70,18.20,9.20,0.20,17.50
S101,1487126003,18.50,6.70,18.20,9.20,0.20,17.60
S101,1487126302,18.50,6.70,18.20,9.10,0.20,17.60
S101,1487126601,18.50,6.80,18.10,9.10,0.20,17.60
S101,1487126900,18.40,6.80,18.10,9.20,0.20,17.60
S101,1487127199,18.40,6.80,18.10,9.20,0.20,17.60
S101,1487127498,18.40,6.70,18.10,9.20,0.20,17.60
S101,1487127797,18.40,6.80,18.10,9.20,0.20,17.60
S101,1487128096,18.30,6.70,18.00,9.00,0.20,17.60
S101,1487128395,18.40,6.70,18.00,9.00,0.20,17.60
S101,1487128694,18.30,6.60,18.00,8.90,0.20,17.60
S101,1487128993,18.30,6.60,18.00,9.00,0.20,17.60
S101,1487129292,18.30,6.60,18.00,8.90,0.20,17.60
S101,1487129591,18.30,6.50,17.90,8.90,0.20,17.50
S101,1487129890,18.20,6.50,17.90,9.00,0.20,17.50
S101,1487130189,18.20,6.50,17.90,8.90,0.20,17.60
S101,1487130488,18.20,6.50,17.90,9.00,0.20,17.50
S101,1487130787,18.20,6.60,17.90,9.00,0.20,17.60
S101,1487131086,18.20,6.60,17.90,9.00,0.20,17.60
S101,1487131385,18.10,6.50,17.90,9.10,0.20,17.60
S101,1487131684,18.10,6.70,17.80,9.10,0.20,17.50
S101,1487131983,18.10,6.70,17.80,9.10,0.20,17.60
S101,1487132282,18.10,6.70,17.80,9.20,0.20,17.50
S101,1487132581,18.10,6.90,17.80,9.30,0.20,17.50
S101,1487132881,18.00,6.90,17.70,9.30,0.20,17.60
S101,1487133180,18.00,6.90,17.70,9.30,0.20,17.50
S101,1487133479,18.00,7.00,17.70,9.50,0.20,17.50
S101,1487133778,18.00,7.00,17.70,9.40,0.20,17.60
S101,1487134077,18.00,7.10,17.70,9.50,0.20,17.50
S101,1487134376,18.00,7.10,17.70,9.60,0.20,17.50
S101,1487134675,18.00,7.30,17.70,9.60,0.20,17.50
S101,1487134974,18.00,7.40,17.80,9.70,0.20,17.60
S101,1487135273,18.00,7.30,17.80,9.50,0.20,17.60
S101,1487135572,18.00,7.30,17.80,9.60,0.20,17.60
S101,1487135871,18.00,7.40,17.90,9.60,0.20,17.50
S101,1487136170,18.00,7.30,17.90,9.60,0.20,17.50
S101,1487136469,18.00,7.40,17.90,9.50,0.20,17.60
S101,1487136768,18.00,7.60,18.00,9.70,0.20,17.60
S101,1487137067,18.10,7.80,18.10,9.80,0.20,17.60
S101,1487137366,18.10,7.90,18.20,9.90,0.20,17.60
S101,1487137665,18.10,7.90,18.30,10.00,0.20,17.60
S101,1487137964,18.20,8.00,18.30,10.00,0.20,17.60
S101,1487138263,18.20,8.00,18.40,10.10,0.20,17.60
S101,1487138562,18.30,8.00,18.40,9.90,0.20,17.60
S101,1487138861,18.30,8.00,18.50,10.10,0.20,17.60
S101,1487139160,18.30,7.90,18.50,10.00,0.20,17.60
S101,1487139459,18.40,8.00,18.60,10.00,0.20,17.60
S101,1487139758,18.40,8.00,18.60,10.10,0.20,17.60
S101,1487140057,18.40,7.90,18.60,10.00,0.20,17.60
S101,1487140356,18.50,7.90,18.70,9.90,0.20,17.60
S101,1487140655,18.50,7.60,18.70,9.90,0.20,17.60
S101,1487140954,18.50,7.60,18.70,9.80,0.20,17.60
S101,1487141253,18.60,7.50,18.80,9.70,0.20,17.60
S101,1487141553,18.60,7.50,18.80,9.70,0.20,17.60
S101,1487141852,18.70,7.40,18.80,9.60,0.20,17.60
S101,1487142151,18.70,7.40,18.90,9.80,0.20,17.60
S101,1487142450,18.70,7.20,18.90,9.70,0.20,17.60
S101,1487142749,18.80,7.40,18.90,9.50,0.20,17.60
S101,1487143048,18.80,7.30,19.00,9.60,0.20,17.60
S101,1487143347,18.80,7.30,19.00,9.60,0.20,17.60
S101,1487143646,18.80,7.40,19.00,9.60,0.20,17.60
S101,1487143945,18.90,7.20,19.10,9.60,0.20,17.60
S101,1487144244,18.90,7.30,19.10,9.60,0.20,17.60
S101,1487144543,18.90,7.20,19.10,9.40,0.20,17.60
S101,1487144842,19.00,7.20,19.10,9.40,0.20,17.60
S101,1487145141,19.00,7.20,19.20,9.50,0.20,17.60
S101,1487145440,19.00,7.00,19.20,9.40,0.20,17.60
S101,1487145739,19.10,7.00,19.20,9.30,0.20,17.60
S101,1487146038,19.10,7.20,19.30,9.30,0.20,17.60
S101,1487146337,19.10,6.90,19.30,9.40,0.20,17.60
S101,1487146636,19.10,6.90,19.30,9.20,0.20,17.60
S101,1487146935,19.10,6.80,19.30,9.10,0.20,17.60
S101,1487147234,19.20,6.80,19.40,9.10,0.20,17.60
S101,1487147533,19.20,6.70,19.40,9.00,0.20,17.60
S101,1487147832,19.20,6.70,19.40,8.80,0.20,17.60
S101,1487148131,19.20,6.70,19.40,8.80,0.20,17.60
S101,1487148430,19.30,6.80,19.30,8.90,0.20,17.60
S101,1487148729,19.30,7.10,19.30,8.90,0.20,17.60
S101,1487149028,19.30,7.20,19.20,9.20,0.20,17.60
S101,1487149327,19.30,7.40,19.30,9.40,0.20,17.60
S101,1487149626,19.30,7.40,19.30,9.50,0.20,17.60
S101,1487149925,19.30,7.40,19.30,9.10,0.20,17.60
S101,1487150224,19.30,7.30,19.30,9.40,0.20,17.60
S101,1487150523,19.30,7.50,19.30,9.40,0.20,17.60
S101,1487150822,19.30,7.80,19.20,9.80,0.20,17.60
S101,1487151121,19.20,7.60,19.20,9.60,0.20,17.60
S101,1487151420,19.20,7.50,19.20,9.80,0.20,17.60
S101,1487151719,19.20,7.60,19.10,9.60,0.20,17.60
S101,1487152018,19.20,7.50,19.10,9.50,0.20,17.60
S101,1487152317,19.20,7.90,19.20,10.10,0.20,17.60
S101,1487152616,19.20,8.50,19.20,10.40,0.20,17.60
S101,1487152915,19.20,8.50,19.20,10.10,0.20,17.60
S101,1487153214,19.30,8.00,19.40,10.40,0.20,17.60
S101,1487153513,19.30,7.90,19.50,10.20,0.20,17.60
S101,1487153812,19.30,7.80,19.60,10.10,0.20,17.60
S101,1487154111,19.40,7.90,19.70,10.10,0.20,17.60
S101,1487154410,19.40,8.30,19.80,10.30,0.20,17.60
S101,1487154709,19.50,7.80,19.80,10.10,0.20,17.60
S101,1487155008,19.50,7.90,19.90,10.00,0.20,17.60
S101,1487155307,19.60,7.60,19.90,9.80,0.20,17.60
S101,1487155606,19.60,7.60,20.00,9.80,0.20,17.60
S101,1487155905,19.70,7.90,20.10,10.10,0.20,17.60
S101,1487156204,19.80,7.70,20.10,9.80,0.20,17.60
S101,1487156503,19.80,7.50,20.10,9.70,0.20,17.60
S101,1487156802,19.80,7.30,20.10,9.60,0.20,17.60
S101,1487157101,19.80,7.00,20.10,9.30,0.20,17.60
S101,1487157400,19.90,7.00,20.10,9.10,0.20,17.60
