Device,Time,DHT1-OUT Temp,DHT1-OUT Hum,DHT2-IN Temp,DHT2-IN Hum,Soil,Infrared
S103,1486911899,21.80,8.10,22.00,5.70,0.10,17.50
S103,1486912198,21.80,8.70,22.00,5.40,0.10,17.50
S103,1486912497,21.80,8.80,22.10,5.70,0.10,17.50
S103,1486912796,21.80,8.90,22.00,5.50,0.10,17.50
S103,1486913095,21.80,8.80,22.00,5.60,0.10,17.50
S103,1486913394,21.70,8.90,22.00,5.30,0.10,17.50
S103,1486913693,21.70,8.40,21.90,5.50,0.10,17.50
S103,1486913992,21.70,8.40,21.90,5.80,0.10,17.50
S103,1486914291,21.70,9.00,22.00,5.80,0.10,17.50
S103,1486914590,21.70,8.70,22.00,5.80,0.10,17.40
S103,1486914889,21.70,8.80,22.00,5.40,0.10,17.50
S103,1486915188,21.70,8.60,22.00,5.60,0.10,17.50
S103,1486915487,21.70,9.10,21.90,5.40,0.10,17.50
S103,1486915786,21.70,8.90,21.90,5.40,0.10,17.50
S103,1486916085,21.70,9.10,21.80,5.30,0.10,17.50
S103,1486916384,21.70,8.90,21.80,5.40,0.10,17.50
S103,1486916683,21.70,8.80,21.70,5.20,0.10,17.50
S103,1486916982,21.70,8.70,21.70,5.30,0.10,17.50
S103,1486917281,21.60,8.80,21.70,5.60,0.10,17.40
S103,1486917580,21.60,8.70,21.70,5.60,0.10,17.40
S103,1486917879,21.60,8.90,21.70,5.70,0.10,17.50
S103,1486918178,21.60,9.00,21.60,5.80,0.10,17.50
S103,1486918477,21.60,8.80,21.60,5.20,0.10,17.50
S103,1486918776,21.60,8.90,21.50,5.20,0.10,17.40
S103,1486919075,21.60,8.70,21.50,5.20,0.10,17.40
S103,1486919374,21.60,9.00,21.50,5.40,0.10,17.50
S103,1486919673,21.50,8.90,21.60,5.40,0.10,17.50
S103,1486919973,21.50,9.00,21.70,5.30,0.10,17.40
S103,1486920272,21.50,8.70,21.60,5.20,0.10,17.50
S103,1486920571,21.50,8.50,21.50,4.90,0.10,17.50
S103,1486920870,21.50,8.70,21.50,4.90,0.10,17.50
S103,1486921170,21.50,8.80,21.50,5.10,0.10,17.50
S103,1486921469,21.50,8.60,21.50,5.20,0.10,17.50
S103,1486921768,21.50,8.90,21.60,5.40,0.10,17.50
S103,1486922067,21.50,8.90,21.60,5.50,0.10,17.50
S103,1486922367,21.50,9.10,21.60,5.50,0.10,17.50
S103,1486922666,21.50,9.00,21.50,5.00,0.10,17.40
S103,1486922966,21.50,8.80,21.50,4.90,0.10,17.40
S103,1486923265,21.50,8.70,21.40,5.20,0.10,17.50
S103,1486923564,21.50,8.90,21.40,5.20,0.10,17.50
S103,1486923863,21.50,9.00,21.50,5.30,0.10,17.40
S103,1486924162,21.50,9.00,21.50,5.40,0.10,17.50
S103,1486924461,21.50,9.10,21.50,5.30,0.10,17.50
S103,1486924761,21.50,9.00,21.50,5.20,0.10,17.50
S103,1486925060,21.50,8.80,21.40,4.80,0.10,17.40
S103,1486925359,21.40,8.80,21.40,5.20,0.10,17.50
S103,1486925658,21.40,8.90,21.40,5.20,0.10,17.50
S103,1486925958,21.40,8.90,21.40,5.20,0.10,17.40
S103,1486926257,21.40,8.90,21.50,5.40,0.10,17.50
S103,1486926556,21.40,9.00,21.50,5.20,0.10,17.50
S103,1486926855,21.40,8.90,21.50,4.90,0.10,17.50
S103,1486927154,21.40,8.70,21.40,4.90,0.10,17.50
S103,1486927453,21.40,8.80,21.40,5.20,0.10,17.50
S103,1486927752,21.40,8.80,21.40,5.10,0.10,17.50
S103,1486928051,21.40,8.90,21.50,5.20,0.10,17.40
S103,1486928350,21.40,8.80,21.50,5.20,0.10,17.50
S103,1486928649,21.40,8.80,21.50,5.20,0.10,17.50
S103,1486928948,21.40,8.70,21.40,4.70,0.10,17.50
S103,1486929247,21.40,8.70,21.40,5.10,0.10,17.50
S103,1486929546,21.40,8.80,21.40,5.70,0.10,17.40
S103,1486932837,21.40,9.00,21.50,5.10,0.10,17.50
S103,1486933136,21.40,8.70,21.40,4.80,0.10,17.40
S103,1486933435,21.40,8.70,21.30,4.90,0.10,17.50
S103,1486933734,21.40,8.80,21.30,5.10,0.10,17.40
S103,1486934033,21.40,8.90,21.30,5.20,0.10,17.50
S103,1486934332,21.40,8.90,21.30,5.30,0.10,17.40
S103,1486934631,21.30,8.70,21.30,5.40,0.10,17.50
S103,1486934930,21.30,8.60,21.10,4.90,0.10,17.40
S103,1486935229,21.30,8.40,20.90,4.90,0.10,17.40
S103,1486935528,21.30,8.40,20.90,5.00,0.10,17.40
S103,1486935827,21.20,8.40,20.70,5.10,0.10,17.40
S103,1486936127,21.10,8.40,20.60,5.00,0.10,17.40
S103,1486936426,21.10,8.50,20.60,5.10,0.10,17.40
S103,1486936725,21.10,8.40,20.50,5.20,0.10,17.40
S103,1486937024,21.00,8.40,20.40,5.40,0.10,17.40
S103,1486937323,21.00,8.60,20.40,5.50,0.10,17.40
S103,1486937622,20.90,8.40,20.40,5.60,0.10,17.40
S103,1486937921,20.90,8.00,20.30,5.70,0.10,17.40
S103,1486938220,20.80,8.00,20.40,6.10,0.10,17.40
S103,1486938519,20.80,7.90,20.40,6.10,0.10,17.40
S103,1486938818,20.70,8.60,20.40,6.20,0.10,17.40
S103,1486939117,20.70,8.70,20.40,6.20,0.10,17.40
S103,1486939416,20.70,8.60,20.30,6.30,0.10,17.40
S103,1486939715,20.70,8.70,20.30,6.30,0.10,17.40
S103,1486940014,20.60,8.50,20.30,6.40,0.10,17.40
S103,1486940313,20.60,8.10,20.30,6.50,0.10,17.40
S103,1486940612,20.60,8.40,20.20,7.00,0.10,17.40
S103,1486940911,20.60,8.90,20.20,6.60,0.10,17.40
S103,1486941210,20.60,8.90,20.20,6.80,0.10,17.40
S103,1486941509,20.60,8.90,20.10,6.70,0.10,17.40
S103,1486941808,20.50,8.80,20.10,6.70,0.10,17.40
S103,1486942107,20.50,8.90,20.10,6.70,0.10,17.40
S103,1486942406,20.50,9.20,20.10,6.70,0.10,17.40
S103,1486942705,20.40,9.20,20.00,6.60,0.10,17.40
S103,1486943004,20.40,8.70,20.00,6.60,0.10,17.40
S103,1486943303,20.40,9.20,20.00,6.60,0.10,17.40
S103,1486943602,20.40,9.30,19.90,6.60,0.10,17.40
S103,1486943901,20.40,9.40,19.90,6.60,0.10,17.40
S103,1486944200,20.30,9.20,19.90,6.60,0.10,17.40
S103,1486944499,20.30,9.40,19.90,6.60,0.10,17.40
S103,1486944798,20.30,9.30,19.80,6.70,0.10,17.40
S103,1486945097,20.20,9.20,19.70,6.80,0.10,17.40
S103,1486945396,20.20,9.20,19.70,6.90,0.10,17.40
S103,1486945695,20.20,8.90,19.70,7.00,0.10,17.40
S103,1486945994,20.10,8.90,19.60,7.10,0.10,17.40
S103,1486946293,20.10,9.20,19.60,7.20,0.10,17.40
S103,1486946592,20.00,9.60,19.50,7.20,0.10,17.40
S103,1486946891,20.00,9.20,19.50,7.40,0.10,17.40
S103,1486947190,20.00,9.50,19.40,7.30,0.10,17.40
S103,1486947489,19.90,9.40,19.40,7.30,0.10,17.40
S103,1486947788,19.90,9.20,19.40,7.30,0.10,17.40
S103,1486948087,19.80,9.20,19.30,7.20,0.10,17.40
S103,1486948386,19.80,9.40,19.30,7.20,0.10,17.40
S103,1486948685,19.80,9.10,19.30,7.30,0.10,17.40
S103,1486948984,19.70,9.30,19.20,7.30,0.10,17.40
S103,1486949283,19.70,9.70,19.20,7.30,0.10,17.40
S103,1486949582,19.70,9.80,19.20,7.30,0.10,17.40
S103,1486949881,19.60,9.50,19.20,7.30,0.10,17.40
S103,1486950181,19.60,9.70,19.10,7.30,0.10,17.40
S103,1486950480,19.60,9.30,19.10,7.30,0.10,17.40
S103,1486950779,19.60,9.10,19.10,7.40,0.10,17.40
S103,1486951078,19.50,9.40,19.10,7.50,0.10,17.40
S103,1486951377,19.50,9.50,19.10,7.70,0.10,17.40
S103,1486951676,19.50,9.60,19.10,7.80,0.10,17.40
S103,1486951975,19.40,9.50,19.00,7.80,0.10,17.40
S103,1486952274,19.40,9.60,19.00,7.90,0.10,17.40
S103,1486952573,19.40,9.60,19.00,7.90,0.10,17.40
S103,1486952872,19.40,9.40,19.00,7.90,0.10,17.40
S103,1486953171,19.30,9.50,18.90,7.80,0.10,17.40
S103,1486953470,19.30,9.50,18.90,7.70,0.10,17.40
S103,1486953769,19.30,9.50,18.90,7.80,0.10,17.40
S103,1486954068,19.30,9.50,18.90,7.90,0.10,17.40
S103,1486954367,19.30,9.50,18.90,7.90,0.10,17.40
S103,1486954666,19.20,9.40,18.80,7.80,0.10,17.40
S103,1486954965,19.20,9.40,18.80,7.70,0.10,17.40
S103,1486955264,19.20,9.30,18.80,7.70,0.10,17.40
S103,1486955563,19.10,9.40,18.80,7.70,0.10,17.40
S103,1486955862,19.10,9.40,18.70,7.70,0.10,17.40
S103,1486956161,19.10,9.40,18.70,7.80,0.10,17.40
S103,1486956460,19.10,9.40,18.70,7.80,0.10,17.40
S103,1486956759,19.10,9.40,18.70,7.90,0.10,17.40
S103,1486957058,19.10,9.40,18.70,7.80,0.10,17.40
S103,1486957357,19.00,9.30,18.60,7.70,0.10,17.40
S103,1486957656,19.00,9.30,18.60,7.70,0.10,17.40
S103,1486957955,19.00,9.30,18.60,7.70,0.10,17.40
S103,1486958254,19.00,9.30,18.60,7.70,0.10,17.40
S103,1486958553,18.90,9.20,18.60,7.70,0.10,17.40
S103,1486958852,18.90,9.30,18.60,7.80,0.10,17.40
S103,1486959151,18.90,9.50,18.60,7.80,0.10,17.40
S103,1486959450,18.90,9.30,18.60,7.80,0.10,17.40
S103,1486959749,18.90,9.70,18.60,7.80,0.10,17.40
S103,1486960048,18.90,9.70,18.60,7.70,0.10,17.40
S103,1486960347,18.90,9.50,18.70,7.70,0.10,17.40
S103,1486960646,18.90,9.70,18.70,7.60,0.10,17.40
S103,1486960945,18.90,9.20,18.70,7.50,0.10,17.40
S103,1486961244,18.90,9.50,18.70,7.40,0.10,17.40
S103,1486961543,18.90,9.20,18.70,7.30,0.10,17.40
S103,1486961842,18.90,9.20,18.70,7.40,0.10,17.40
S103,1486962141,18.90,9.20,18.60,7.30,0.10,17.40
S103,1486962440,18.90,9.20,18.60,7.30,0.10,17.40
S103,1486962739,18.90,9.20,18.50,7.30,0.10,17.40
S103,1486963038,18.80,9.20,18.50,7.20,0.10,17.40
S103,1486963337,18.80,9.20,18.50,7.30,0.10,17.40
S103,1486963636,18.80,9.60,18.60,7.50,0.10,17.40
S103,1486963935,18.80,9.70,18.60,7.60,0.10,17.40
S103,1486964234,18.80,9.80,18.70,7.70,0.10,17.40
S103,1486964533,18.80,9.90,18.80,7.80,0.10,17.40
S103,1486964832,18.80,9.90,18.90,7.70,0.10,17.40
S103,1486965131,18.80,10.00,18.90,7.70,0.10,17.40
S103,1486965430,18.90,10.10,19.00,7.70,0.10,17.40
S103,1486965729,18.90,10.10,19.00,7.70,0.10,17.40
S103,1486966028,18.90,10.20,19.10,7.70,0.10,17.40
S103,1486966327,18.90,10.10,19.10,7.70,0.10,17.40
S103,1486966626,19.00,10.10,19.20,7.80,0.10,17.40
S103,1486966925,19.00,10.10,19.20,7.70,0.10,17.40
S103,1486967224,19.10,10.10,19.20,7.70,0.10,17.40
S103,1486967523,19.10,10.30,19.30,7.70,0.10,17.40
S103,1486967822,19.10,10.20,19.30,7.70,0.10,17.40
S103,1486968121,19.10,10.10,19.40,7.60,0.10,17.40
S103,1486968420,19.20,10.20,19.40,7.60,0.10,17.40
S103,1486968719,19.20,10.10,19.40,7.50,0.10,17.40
S103,1486969018,19.20,10.20,19.50,7.60,0.10,17.40
S103,1486969317,19.30,10.20,19.50,7.60,0.10,17.40
S103,1486969616,19.30,10.10,19.50,7.50,0.10,17.40
S103,1486969915,19.30,10.20,19.60,7.60,0.10,17.40
S103,1486970214,19.30,10.10,19.60,7.60,0.10,17.40
S103,1486970513,19.40,10.20,19.60,7.50,0.10,17.40
S103,1486970812,19.40,10.00,19.70,7.60,0.10,17.40
S103,1486971111,19.40,10.20,19.70,7.40,0.10,17.40
S103,1486971410,19.50,10.10,19.70,7.50,0.10,17.40
S103,1486971709,19.50,10.10,19.70,7.20,0.10,17.40
S103,1486972008,19.50,9.60,19.70,7.20,0.10,17.40
S103,1486972307,19.50,9.80,19.80,7.20,0.10,17.40
S103,1486972606,19.60,10.00,19.70,7.10,0.10,17.40
S103,1486972905,19.60,10.00,19.80,7.20,0.10,17.40
S103,1486973204,19.60,10.00,19.80,7.00,0.10,17.40
S103,1486973503,19.60,10.00,19.90,7.10,0.10,17.40
S103,1486973802,19.60,10.00,19.90,7.00,0.10,17.40
S103,1486974101,19.70,10.10,19.90,6.90,0.10,17.40
S103,1486974400,19.70,10.00,19.90,6.80,0.10,17.40
S103,1486974699,19.70,10.00,20.00,6.80,0.10,17.40
S103,1486974998,19.70,9.90,20.00,6.60,0.10,17.40
S103,1486975297,19.80,10.00,20.00,6.80,0.10,17.40
S103,1486975596,19.80,10.00,20.00,6.70,0.10,17.40
S103,1486975895,19.80,10.00,20.00,6.70,0.10,17.40
S103,1486976194,19.80,9.90,20.10,6.70,0.10,17.40
S103,1486976493,19.90,10.00,20.10,6.70,0.10,17.40
S103,1486976792,19.90,10.00,20.20,6.80,0.10,17.40
S103,1486977091,20.00,10.00,20.30,6.80,0.10,17.40
S103,1486977390,20.00,10.00,20.40,6.90,0.10,17.40
S103,1486980679,20.40,10.30,20.70,7.10,0.10,17.40
S103,1486980978,20.40,10.30,20.70,7.10,0.10,17.40
S103,1486981277,20.40,10.30,20.70,7.10,0.10,17.40
S103,1486981576,20.50,10.30,20.80,7.00,0.10,17.40
S103,1486981875,20.50,10.30,20.80,6.90,0.10,17.40
S103,1486982174,20.60,10.20,20.80,6.80,0.10,17.40
S103,1486982473,20.50,10.00,20.90,6.90,0.10,17.40
S103,1486982772,20.60,9.50,20.90,7.00,0.10,17.40
S103,1486983071,20.60,9.80,21.00,6.80,0.10,17.40
S103,1486983370,20.70,9.80,21.00,6.90,0.10,17.40
S103,1486983669,20.70,10.10,21.00,6.90,0.10,17.40
S103,1486983968,20.70,10.00,21.00,6.70,0.10,17.40
S103,1486984267,20.70,9.60,21.00,6.60,0.10,17.50
S103,1486984566,20.80,9.10,21.10,6.90,0.10,17.40
S103,1486984865,20.80,9.80,21.10,6.80,0.10,17.40
S103,1486985164,20.80,9.70,21.10,6.60,0.10,17.40
S103,1486985463,20.90,9.50,21.10,6.70,0.10,17.40
S103,1486985762,20.90,9.30,21.20,6.50,0.10,17.40
S103,1486986061,20.90,9.70,21.20,6.70,0.10,17.40
S103,1486986360,20.90,9.90,21.20,6.70,0.10,17.50
S103,1486986659,20.90,9.90,21.20,6.60,0.10,17.40
S103,1486986958,21.00,9.90,21.20,6.50,0.10,17.40
S103,1486987257,21.00,9.80,21.20,6.40,0.10,17.40
S103,1486987556,21.00,9.80,21.20,6.40,0.10,17.40
S103,1486987855,21.00,8.60,21.20,6.00,0.10,17.40
S103,1486988154,21.00,9.70,21.20,6.30,0.10,17.50
S103,1486988454,21.00,9.60,21.20,6.30,0.10,17.40
S103,1486988753,21.00,9.70,21.20,6.30,0.10,17.40
S103,1486989052,21.00,9.60,21.20,6.30,0.10,17.50
S103,1486989351,21.00,9.50,21.20,6.20,0.10,17.40
S103,1486989650,21.00,9.30,21.20,6.60,0.10,17.40
S103,1486989949,21.00,9.80,21.20,6.70,0.10,17.50
S103,1486990248,21.10,9.50,21.30,6.50,0.10,17.40
S103,1486990547,21.10,9.80,21.30,6.60,0.10,17.50
S103,1486990846,21.10,9.60,21.30,6.70,0.10,17.50
S103,1486991145,21.10,9.80,21.30,6.40,0.10,17.40
S103,1486991444,21.10,9.10,21.20,5.80,0.10,17.40
S103,1486991743,21.10,8.80,21.20,5.60,0.10,17.50
S103,1486992042,21.10,9.00,21.20,5.70,0.10,17.50
S103,1486992341,21.10,9.10,21.20,6.00,0.10,17.40
S103,1486992640,21.10,8.60,21.20,5.70,0.10,17.50
S103,1486992939,21.10,8.30,21.30,5.80,0.10,17.50
S103,1486993238,21.10,8.90,21.30,6.10,0.10,17.50
S103,1486993537,21.20,9.20,21.30,5.90,0.10,17.50
S103,1486993836,21.20,9.30,21.30,5.70,0.10,17.50
S103,1486994135,21.20,9.00,21.30,5.50,0.10,17.40
S103,1486994434,21.20,8.60,21.30,5.60,0.10,17.40
S103,1486994733,21.20,8.70,21.30,5.40,0.10,17.40
S103,1486995032,21.20,8.80,21.30,5.60,0.10,17.40
S103,1486995331,21.20,9.00,21.30,5.80,0.10,17.50
S103,1486995630,21.20,9.20,21.30,5.70,0.10,17.40
S103,1486995929,21.20,9.00,21.30,5.70,0.10,17.50
S103,1486996228,21.20,9.20,21.30,5.70,0.10,17.40
S103,1486996527,21.20,9.00,21.30,5.70,0.10,17.50
S103,1486996826,21.20,9.20,21.30,5.50,0.10,17.50
S103,1486997125,21.20,9.00,21.30,5.50,0.10,17.40
S103,1486997424,21.20,9.00,21.30,6.10,0.10,17.40
S103,1486997723,21.20,8.90,21.30,5.20,0.10,17.50
S103,1486998022,21.20,8.80,21.30,5.10,0.10,17.40
S103,1486998321,21.20,8.70,21.40,5.00,0.10,17.50
S103,1487001610,21.30,8.30,21.30,4.90,0.10,17.40
S103,1487001909,21.30,8.70,21.30,5.00,0.10,17.40
S103,1487002208,21.30,8.80,21.30,5.00,0.10,17.50
S103,1487002507,21.30,8.80,21.40,4.90,0.10,17.40
S103,1487002806,21.30,8.60,21.30,4.90,0.10,17.40
S103,1487003105,21.30,8.40,21.30,4.70,0.10,17.40
S103,1487003404,21.30,8.30,21.30,4.70,0.10,17.40
S103,1487003703,21.30,8.40,21.20,5.10,0.10,17.40
S103,1487004002,21.30,8.40,21.30,6.70,0.10,17.40
S103,1487004301,21.30,8.40,21.30,5.30,0.10,17.40
S103,1487004600,21.30,8.80,21.30,5.20,0.10,17.50
S103,1487004899,21.30,8.80,21.40,5.10,0.10,17.40
S103,1487005198,21.30,8.80,21.40,5.10,0.10,17.40
S103,1487005497,21.30,8.80,21.40,6.30,0.10,17.40
S103,1487005796,21.30,8.30,21.40,5.10,0.10,17.40
S103,1487006095,21.30,8.50,21.30,4.80,0.10,17.40
S103,1487006394,21.30,8.50,21.30,5.20,0.10,17.50
S103,1487006693,21.30,8.60,21.30,5.50,0.10,17.40
S103,1487006992,21.30,8.70,21.40,5.20,0.10,17.50
S103,1487007291,21.30,8.80,21.40,6.50,0.10,17.40
S103,1487007590,21.30,8.60,21.30,4.80,0.10,17.40
S103,1487007889,21.30,8.40,21.30,5.00,0.10,17.50
S103,1487008188,21.30,8.40,21.30,5.00,0.10,17.40
S103,1487008487,21.30,8.70,21.30,5.40,0.10,17.40
S103,1487008786,21.30,8.70,21.30,5.20,0.10,17.40
S103,1487009085,21.30,8.80,21.30,5.20,0.10,17.40
S103,1487009384,21.30,8.50,21.30,5.10,0.10,17.40
S103,1487009683,21.30,8.60,21.30,5.00,0.10,17.50
S103,1487009982,21.30,8.40,21.30,5.10,0.10,17.50
S103,1487010281,21.30,8.60,21.30,5.70,0.10,17.50
S103,1487010580,21.30,8.80,21.30,5.20,0.10,17.50
S103,1487010879,21.30,8.70,21.30,5.20,0.10,17.40
S103,1487011178,21.30,8.70,21.30,5.00,0.10,17.40
S103,1487011477,21.30,8.60,21.20,5.00,0.10,17.50
S103,1487011776,21.30,8.60,21.20,5.30,0.10,17.40
S103,1487012075,21.30,8.70,21.30,5.20,0.10,17.40
S103,1487012374,21.30,8.60,21.30,5.10,0.10,17.40
S103,1487012673,21.30,8.70,21.30,5.50,0.10,17.40
S103,1487012972,21.20,8.30,21.30,4.80,0.10,17.50
S103,1487013271,21.20,8.40,21.20,4.80,0.10,17.40
S103,1487013570,21.20,8.40,21.20,5.00,0.10,17.50
S103,1487013869,21.20,8.30,21.20,5.00,0.10,17.50
S103,1487014168,21.20,8.70,21.30,5.10,0.10,17.40
S103,1487014467,21.20,8.60,21.30,5.20,0.10,17.40
S103,1487014766,21.30,8.60,21.40,4.80,0.10,17.50
S103,1487015065,21.20,8.60,21.40,4.80,0.10,17.40
S103,1487015364,21.30,8.10,21.40,4.60,0.10,17.40
S103,1487015663,21.30,8.30,21.40,4.90,0.10,17.40
S103,1487015962,21.30,8.50,21.40,4.80,0.10,17.40
S103,1487016261,21.30,8.60,21.40,4.80,0.10,17.40
S103,1487016560,21.30,8.00,21.40,4.90,0.10,17.40
S103,1487016859,21.30,8.40,21.40,4.80,0.10,17.40
S103,1487017158,21.30,8.40,21.40,4.70,0.10,17.40
S103,1487017457,21.30,8.10,21.50,4.80,0.10,17.40
S103,1487017756,21.30,8.20,21.40,4.80,0.10,17.40
S103,1487018055,21.30,8.20,21.50,5.10,0.10,17.40
S103,1487018354,21.30,8.60,21.40,4.80,0.10,17.40
S103,1487018653,21.30,8.60,21.40,4.90,0.10,17.40
S103,1487018952,21.30,8.60,21.40,4.70,0.10,17.40
S103,1487019251,21.40,8.50,21.40,4.60,0.10,17.40
S103,1487022540,21.10,7.60,20.60,4.20,0.10,17.40
S103,1487022839,21.10,7.60,20.50,4.30,0.10,17.40
S103,1487023138,21.00,7.50,20.30,4.30,0.10,17.40
S103,1487023437,21.00,7.60,20.30,4.40,0.10,17.40
S103,1487023736,20.90,7.40,20.10,4.40,0.10,17.40
S103,1487024035,20.80,7.40,20.10,4.50,0.10,17.40
S103,1487024334,20.80,7.40,20.00,4.50,0.10,17.40
S103,1487024633,20.70,7.50,20.00,4.60,0.10,17.40
S103,1487024932,20.70,7.60,19.90,4.50,0.10,17.40
S103,1487025231,20.60,7.70,19.90,4.80,0.10,17.40
S103,1487025530,20.50,7.60,19.80,4.90,0.10,17.40
S103,1487025829,20.50,7.50,19.70,5.00,0.10,17.40
S103,1487026128,20.40,7.50,19.70,5.10,0.10,17.40
S103,1487026427,20.40,7.50,19.70,5.20,0.10,17.40
S103,1487026727,20.30,7.60,19.60,5.30,0.10,17.40
S103,1487027026,20.30,7.70,19.60,5.50,0.10,17.40
S103,1487027325,20.20,7.80,19.50,5.50,0.10,17.40
S103,1487027624,20.20,8.10,19.50,5.50,0.10,17.40
S103,1487027923,20.10,7.90,19.50,5.60,0.10,17.40
S103,1487028222,20.10,8.30,19.40,5.60,0.10,17.40
S103,1487028521,20.10,8.10,19.40,5.80,0.10,17.40
S103,1487028820,20.00,8.00,19.40,5.90,0.10,17.40
S103,1487029119,20.00,8.10,19.30,6.00,0.10,17.40
S103,1487029418,19.90,8.20,19.30,6.10,0.10,17.40
S103,1487029717,19.90,8.20,19.30,6.10,0.10,17.40
S103,1487030016,19.90,8.40,19.20,6.10,0.10,17.40
S103,1487030315,19.80,8.20,19.20,6.10,0.10,17.40
S103,1487030614,19.80,8.30,19.20,6.10,0.10,17.40
S103,1487030913,19.80,8.50,19.20,6.10,0.10,17.40
S103,1487031212,19.70,8.40,19.20,6.10,0.10,17.40
S103,1487031511,19.70,8.40,19.20,6.10,0.10,17.40
S103,1487031810,19.70,8.30,19.20,6.10,0.10,17.40
S103,1487032109,19.70,8.50,19.20,6.10,0.10,17.40
S103,1487032408,19.60,8.30,19.20,6.10,0.10,17.40
S103,1487032707,19.60,8.50,19.20,6.10,0.10,17.40
S103,1487033006,19.60,8.50,19.20,6.10,0.10,17.40
S103,1487033305,19.60,8.50,19.20,6.10,0.10,17.40
S103,1487033604,19.60,8.50,19.10,6.00,0.10,17.40
S103,1487033903,19.50,8.40,19.10,6.00,0.10,17.40
S103,1487034202,19.50,8.50,19.00,5.90,0.10,17.40
S103,1487034501,19.50,8.40,18.90,5.90,0.10,17.40
S103,1487034800,19.50,8.60,18.90,5.90,0.10,17.40
S103,1487035099,19.40,8.40,18.90,5.90,0.10,17.40
S103,1487035398,19.40,8.70,18.80,5.80,0.10,17.40
S103,1487035697,19.30,8.50,18.80,5.90,0.10,17.40
S103,1487035996,19.30,8.20,18.80,6.10,0.10,17.40
S103,1487036295,19.30,8.40,18.80,6.10,0.10,17.40
S103,1487036594,19.20,8.70,18.70,6.10,0.10,17.40
S103,1487036893,19.20,8.60,18.70,6.20,0.10,17.40
S103,1487037192,19.20,8.80,18.70,6.30,0.10,17.40
S103,1487037491,19.10,8.70,18.70,6.30,0.10,17.40
S103,1487037790,19.10,8.70,18.60,6.30,0.10,17.40
S103,1487038089,19.10,8.70,18.60,6.30,0.10,17.40
S103,1487038388,19.10,8.90,18.60,6.40,0.10,17.40
S103,1487038687,19.00,8.70,18.60,6.40,0.10,17.40
S103,1487038986,19.00,8.50,18.60,6.50,0.10,17.40
S103,1487039285,19.00,8.80,18.60,6.50,0.10,17.40
S103,1487039584,18.90,8.90,18.50,6.40,0.10,17.40
S103,1487039883,18.90,8.30,18.50,6.50,0.10,17.40
S103,1487040182,18.90,8.50,18.50,6.50,0.10,17.40
S103,1487040481,18.90,8.40,18.50,6.60,0.10,17.40
S103,1487040780,18.90,8.60,18.40,6.60,0.10,17.40
S103,1487041079,18.80,8.60,18.40,6.50,0.10,17.40
S103,1487041378,18.80,9.00,18.40,6.60,0.10,17.40
S103,1487041677,18.80,8.80,18.40,6.70,0.10,17.40
S103,1487041976,18.80,8.80,18.40,6.70,0.10,17.40
S103,1487042275,18.70,9.00,18.40,6.80,0.10,17.40
S103,1487042574,18.70,8.90,18.30,6.70,0.10,17.40
S103,1487042873,18.70,8.80,18.30,6.80,0.10,17.40
S103,1487043172,18.70,9.00,18.30,6.80,0.10,17.40
S103,1487043471,18.70,9.10,18.30,6.80,0.10,17.40
S103,1487043770,18.60,9.00,18.30,6.90,0.10,17.40
S103,1487044069,18.60,8.80,18.20,6.80,0.10,17.40
S103,1487044368,18.60,8.90,18.30,7.00,0.10,17.40
S103,1487044667,18.60,9.00,18.20,7.00,0.10,17.40
S103,1487044966,18.60,9.00,18.20,7.00,0.10,17.40
S103,1487045265,18.60,9.00,18.20,7.00,0.10,17.40
S103,1487045564,18.50,8.90,18.20,7.10,0.10,17.40
S103,1487045863,18.50,8.90,18.20,7.10,0.10,17.40
S103,1487046162,18.50,8.90,18.20,7.20,0.10,17.40
S103,1487046461,18.50,8.90,18.20,7.20,0.10,17.40
S103,1487046760,18.50,8.90,18.20,7.20,0.10,17.40
S103,1487047059,18.50,8.90,18.10,7.20,0.10,17.40
S103,1487047358,18.50,8.90,18.20,7.30,0.10,17.40
S103,1487047657,18.40,8.90,18.10,7.20,0.10,17.40
S103,1487047956,18.40,8.90,18.10,7.20,0.10,17.40
S103,1487048255,18.40,8.90,18.10,7.30,0.10,17.40
S103,1487048554,18.40,8.90,18.10,7.30,0.10,17.40
S103,1487048853,18.40,8.90,18.00,7.20,0.10,17.40
S103,1487049152,18.40,8.90,18.00,7.20,0.10,17.40
S103,1487049451,18.30,8.90,18.10,7.30,0.10,17.40
S103,1487049750,18.30,9.30,18.10,7.30,0.10,17.40
S103,1487050049,18.30,9.40,18.20,7.40,0.10,17.40
S103,1487050348,18.30,9.30,18.30,7.50,0.10,17.40
S103,1487050647,18.40,9.60,18.40,8.00,0.10,17.40
S103,1487050946,18.40,9.50,18.50,7.60,0.10,17.40
S103,1487051245,18.40,9.60,18.50,7.50,0.10,17.40
S103,1487051544,18.40,9.70,18.60,7.60,0.10,17.40
S103,1487051843,18.50,9.70,18.60,7.50,0.10,17.40
S103,1487052142,18.50,9.70,18.70,7.60,0.10,17.40
S103,1487052441,18.50,9.70,18.70,7.50,0.10,17.40
S103,1487052740,18.60,9.80,18.80,7.60,0.10,17.40
S103,1487053039,18.60,9.80,18.80,7.60,0.10,17.40
S103,1487053338,18.60,9.70,18.80,7.60,0.10,17.40
S103,1487053637,18.70,9.90,18.80,7.60,0.10,17.40
S103,1487053936,18.70,9.90,18.90,7.50,0.10,17.40
S103,1487054235,18.70,9.90,19.00,7.60,0.10,17.40
S103,1487054534,18.80,9.90,19.00,7.60,0.10,17.40
S103,1487054833,18.80,9.90,19.00,7.50,0.10,17.40
S103,1487055132,18.80,10.00,19.10,7.60,0.10,17.40
S103,1487055431,18.90,10.00,19.10,7.60,0.10,17.40
S103,1487055730,18.90,10.00,19.10,7.50,0.10,17.40
S103,1487056029,18.90,10.00,19.20,7.60,0.10,17.40
S103,1487056328,18.90,10.00,19.20,7.50,0.10,17.40
S103,1487056627,19.00,10.00,19.30,7.60,0.10,17.40
S103,1487056926,19.00,10.10,19.30,7.60,0.10,17.40
S103,1487057225,19.10,10.10,19.30,7.60,0.10,17.40
S103,1487057524,19.10,10.10,19.30,7.60,0.10,17.40
S103,1487057823,19.10,10.10,19.40,7.60,0.10,17.40
S103,1487058122,19.10,10.10,19.40,7.60,0.10,17.40
S103,1487058421,19.20,10.20,19.40,7.60,0.10,17.40
S103,1487058720,19.20,10.10,19.50,7.70,0.10,17.40
S103,1487059019,19.20,10.10,19.50,7.60,0.10,17.40
S103,1487059318,19.20,10.20,19.50,7.50,0.10,17.40
S103,1487059617,19.30,10.20,19.60,7.60,0.10,17.40
S103,1487059916,19.30,10.20,19.60,7.60,0.10,17.40
S103,1487060215,19.30,10.20,19.60,7.60,0.10,17.40
S103,1487060514,19.40,10.20,19.70,7.60,0.10,17.40
S103,1487060813,19.40,10.20,19.70,7.60,0.10,17.40
S103,1487061112,19.40,10.30,19.70,7.60,0.10,17.40
S103,1487061411,19.40,10.20,19.80,7.60,0.10,17.40
S103,1487061710,19.50,10.20,19.80,7.70,0.10,17.40
S103,1487062009,19.50,10.30,19.80,7.60,0.10,17.40
S103,1487062308,19.50,10.30,19.90,8.10,0.10,17.40
S103,1487062607,19.60,10.30,19.90,7.60,0.10,17.40
S103,1487062906,19.60,10.20,20.00,7.70,0.10,17.40
S103,1487063205,19.70,10.20,20.10,7.70,0.10,17.40
S103,1487063504,19.70,10.30,20.10,7.40,0.10,17.40
S103,1487063803,19.70,10.20,20.20,8.00,0.10,17.40
S103,1487064102,19.80,10.20,20.30,7.50,0.10,17.40
S103,1487064401,19.80,10.30,20.30,7.40,0.10,17.40
S103,1487064700,19.90,10.30,20.40,7.30,0.10,17.40
S103,1487065000,19.90,10.00,20.40,7.20,0.10,17.40
S103,1487065299,20.00,10.20,20.40,7.00,0.10,17.40
S103,1487065598,20.00,10.10,20.40,6.90,0.10,17.40
S103,1487065897,20.10,10.00,20.50,7.00,0.10,17.40
S103,1487066196,20.10,10.00,20.50,7.00,0.10,17.40
S103,1487066495,20.10,10.00,20.50,7.00,0.10,17.40
S103,1487066794,20.20,10.10,20.50,7.50,0.10,17.40
S103,1487067093,20.20,10.10,20.50,7.00,0.10,17.40
S103,1487067392,20.20,10.10,20.50,7.00,0.10,17.40
S103,1487067691,20.20,10.10,20.60,7.00,0.10,17.40
S103,1487067990,20.30,10.20,20.60,7.00,0.10,17.40
S103,1487068289,20.30,10.20,20.70,6.90,0.10,17.40
S103,1487068588,20.30,10.20,20.70,6.80,0.10,17.40
S103,1487068887,20.40,10.10,20.70,6.80,0.10,17.40
S103,1487069186,20.40,10.10,20.70,6.70,0.10,17.40
S103,1487069485,20.40,10.10,20.70,6.50,0.10,17.40
S103,1487069784,20.40,10.00,20.70,6.70,0.10,17.40
S103,1487070083,20.50,9.90,20.70,6.80,0.10,17.40
S103,1487070382,20.50,9.90,20.70,6.60,0.10,17.40
S103,1487070681,20.50,10.00,20.70,6.50,0.10,17.40
S103,1487070980,20.50,9.90,20.60,6.40,0.10,17.40
S103,1487071279,20.50,9.90,20.70,6.40,0.10,17.40
S103,1487071578,20.50,9.80,20.60,6.50,0.10,17.40
S103,1487071877,20.50,9.80,20.60,6.40,0.10,17.40
S103,1487072176,20.50,9.80,20.60,6.30,0.10,17.40
S103,1487072475,20.50,9.80,20.60,6.20,0.10,17.40
S103,1487072774,20.50,9.70,20.60,6.40,0.10,17.40
S103,1487073073,20.50,9.70,20.60,6.10,0.10,17.40
S103,1487073372,20.50,9.70,20.70,6.10,0.10,17.40
S103,1487073671,20.50,9.70,20.60,6.10,0.10,17.40
S103,1487073970,20.50,9.60,20.60,5.90,0.10,17.40
S103,1487074269,20.60,9.60,20.70,6.00,0.10,17.40
S103,1487074568,20.60,9.60,20.70,5.90,0.10,17.40
S103,1487074867,20.60,9.60,20.70,5.80,0.10,17.40
S103,1487075166,20.60,9.60,20.70,5.70,0.10,17.40
S103,1487075465,20.60,9.50,20.70,5.70,0.10,17.40
S103,1487075764,20.60,9.40,20.70,5.80,0.10,17.40
S103,1487076063,20.60,9.50,20.70,5.70,0.10,17.40
S103,1487076362,20.60,9.40,20.60,5.60,0.10,17.40
S103,1487076661,20.60,9.40,20.70,5.60,0.10,17.40
S103,1487076960,20.60,8.90,20.70,5.70,0.10,17.40
S103,1487077259,20.60,9.30,20.80,5.70,0.10,17.40
S103,1487077558,20.60,9.30,20.80,5.80,0.10,17.40
S103,1487077857,20.60,9.40,20.80,5.80,0.10,17.40
S103,1487078156,20.70,9.40,20.90,5.90,0.10,17.50
S103,1487078455,20.70,9.40,21.00,5.80,0.10,17.40
S103,1487078754,20.70,9.40,21.00,5.80,0.10,17.40
S103,1487079053,20.70,9.40,21.00,5.80,0.10,17.40
S103,1487079352,20.80,9.50,21.00,5.90,0.10,17.40
S103,1487079651,20.80,9.50,21.00,5.70,0.10,17.40
S103,1487079950,20.80,9.50,21.10,5.70,0.10,17.40
S103,1487080249,20.80,9.40,21.10,5.80,0.10,17.40
S103,1487080548,20.90,9.10,21.10,5.40,0.10,17.40
S103,1487080847,20.90,8.60,21.10,5.20,0.10,17.40
S103,1487081146,20.90,8.60,21.10,5.00,0.10,17.40
S103,1487081445,20.90,8.70,21.20,5.10,0.10,17.40
S103,1487081744,20.90,8.40,21.10,5.80,0.10,17.40
S103,1487082043,21.00,8.40,21.20,5.20,0.10,17.40
S103,1487082342,21.00,8.60,21.20,5.40,0.10,17.40
S103,1487082641,21.00,8.40,21.30,5.50,0.10,17.40
S103,1487082940,21.00,8.20,21.30,5.50,0.10,17.40
S103,1487083239,21.00,8.70,21.30,5.50,0.10,17.40
S103,1487083538,21.00,8.20,21.30,5.50,0.10,17.40
S103,1487083837,21.00,8.30,21.30,5.20,0.10,17.40
S103,1487084136,21.10,8.10,21.30,5.00,0.10,17.40
S103,1487084435,21.00,8.10,21.30,5.00,0.10,17.50
S103,1487084734,21.10,8.30,21.30,4.90,0.10,17.40
S103,1487085033,21.00,8.00,21.30,5.20,0.10,17.40
S103,1487085332,21.10,8.40,21.30,5.20,0.10,17.50
S103,1487085631,21.10,8.20,21.30,5.30,0.10,17.40
S103,1487085930,21.10,8.70,21.30,5.40,0.10,17.40
S103,1487086229,21.10,8.70,21.40,5.40,0.10,17.40
S103,1487086528,21.20,8.60,21.40,5.20,0.10,17.40
S103,1487086827,21.20,8.10,21.40,4.70,0.10,17.50
S103,1487087126,21.20,8.00,21.30,4.50,0.10,17.50
S103,1487087425,21.20,7.70,21.30,4.60,0.10,17.40
S103,1487087724,21.20,7.90,21.30,6.30,0.10,17.40
S103,1487088023,21.20,8.20,21.30,4.80,0.10,17.40
S103,1487088322,21.20,8.10,21.30,4.80,0.10,17.40
S103,1487088621,21.20,8.20,21.30,4.70,0.10,17.40
S103,1487088920,21.20,8.00,21.30,4.80,0.10,17.40
S103,1487089219,21.20,7.70,21.30,4.80,0.10,17.40
S103,1487089518,21.20,7.90,21.40,4.90,0.10,17.50
S103,1487089817,21.20,7.90,21.40,5.00,0.10,17.40
S103,1487090116,21.20,8.00,21.40,5.00,0.10,17.40
S103,1487090415,21.20,8.20,21.40,5.20,0.10,17.50
S103,1487090714,21.20,8.10,21.40,4.80,0.10,17.40
S103,1487091013,21.20,8.30,21.40,4.70,0.10,17.40
S103,1487091312,21.20,8.10,21.40,4.50,0.10,17.40
S103,1487091611,21.20,7.30,21.30,4.60,0.10,17.40
S103,1487091910,21.20,7.50,21.30,5.10,0.10,17.50
S103,1487092209,21.20,7.90,21.30,4.60,0.10,17.40
S103,1487092508,21.20,7.70,21.30,4.60,0.10,17.40
S103,1487092807,21.20,7.80,21.40,4.60,0.10,17.40
S103,1487093106,21.20,8.00,21.30,4.90,0.10,17.40
S103,1487093405,21.20,7.90,21.30,4.30,0.10,17.50
S103,1487093704,21.20,7.80,21.20,4.40,0.10,17.40
S103,1487094003,21.20,8.00,21.20,4.50,0.10,17.40
S103,1487094302,21.20,8.00,21.20,4.40,0.10,17.50
S103,1487094601,21.20,8.10,21.20,4.40,0.10,17.40
S103,1487094900,21.20,8.00,21.20,4.40,0.10,17.40
S103,1487095199,21.20,7.90,21.20,4.40,0.10,17.40
S103,1487095498,21.20,8.00,21.30,4.60,0.10,17.40
S103,1487095797,21.20,8.20,21.30,4.60,0.10,17.40
S103,1487096096,21.20,8.30,21.30,4.60,0.10,17.40
S103,1487096395,21.10,8.00,21.30,4.60,0.10,17.40
S103,1487096694,21.20,7.90,21.30,4.60,0.10,17.40
S103,1487096993,21.20,7.60,21.30,4.60,0.10,17.40
S103,1487097292,21.20,7.90,21.30,4.60,0.10,17.50
S103,1487097591,21.20,7.70,21.30,4.40,0.10,17.40
S103,1487097890,21.20,7.90,21.30,3.90,0.10,17.40
S103,1487098189,21.20,7.40,21.30,4.00,0.10,17.40
S103,1487098488,21.20,7.70,21.30,4.00,0.10,17.40
S103,1487098787,21.20,7.80,21.30,4.30,0.10,17.40
S103,1487099086,21.20,7.60,21.30,4.20,0.10,17.40
S103,1487099385,21.20,7.40,21.30,4.30,0.10,17.50
S103,1487099684,21.20,7.30,21.30,4.30,0.10,17.50
S103,1487099983,21.20,7.60,21.30,4.20,0.10,17.40
S103,1487100282,21.20,7.80,21.20,3.70,0.10,17.40
S103,1487100581,21.20,7.80,21.20,3.50,0.10,17.40
S103,1487100880,21.20,7.70,21.20,3.90,0.10,17.40
S103,1487101179,21.20,7.70,21.20,3.90,0.10,17.40
S103,1487101478,21.20,7.80,21.20,4.40,0.10,17.40
S103,1487101777,21.10,7.70,21.20,3.90,0.10,17.50
S103,1487102076,21.10,7.60,21.20,3.90,0.10,17.40
S103,1487102375,21.10,7.70,21.20,3.90,0.10,17.40
S103,1487102674,21.10,7.60,21.10,3.80,0.10,17.40
S103,1487102973,21.10,7.80,21.00,3.80,0.10,17.50
S103,1487103273,21.10,7.70,21.00,3.90,0.10,17.40
S103,1487103572,21.10,7.80,21.00,3.80,0.10,17.40
S103,1487103871,21.00,7.70,20.90,3.90,0.10,17.40
S103,1487104170,21.00,7.70,20.90,3.90,0.10,17.40
S103,1487104469,21.00,7.70,20.90,4.00,0.10,17.40
S103,1487104768,21.00,7.70,20.80,3.90,0.10,17.40
S103,1487105067,20.90,7.70,20.80,3.90,0.10,17.40
S103,1487105366,20.90,7.60,20.80,3.90,0.10,17.40
S103,1487105665,20.90,7.50,20.80,3.90,0.10,17.40
S103,1487105964,20.90,7.70,20.70,3.80,0.10,17.40
S103,1487106263,20.80,7.60,20.70,3.80,0.10,17.40
S103,1487106562,20.80,7.70,20.70,3.80,0.10,17.40
S103,1487106861,20.80,7.70,20.70,3.90,0.10,17.40
S103,1487107160,20.70,7.40,20.60,3.70,0.10,17.40
S103,1487107459,20.70,7.10,20.50,3.70,0.10,17.40
S103,1487107758,20.70,7.10,20.30,3.60,0.10,17.40
S103,1487108057,20.70,6.70,20.20,3.50,0.10,17.40
S103,1487108356,20.60,7.10,20.10,3.60,0.10,17.40
S103,1487108655,20.60,6.90,20.00,3.50,0.10,17.40
S103,1487108954,20.50,6.90,20.00,3.60,0.10,17.40
S103,1487109253,20.50,6.90,19.90,3.60,0.10,17.40
S103,1487109552,20.40,6.60,19.80,3.50,0.10,17.40
S103,1487109851,20.30,6.60,19.80,3.60,0.10,17.40
S103,1487110150,20.30,6.90,19.70,3.70,0.10,17.40
S103,1487110449,20.20,6.70,19.70,3.70,0.10,17.40
S103,1487110748,20.20,6.70,19.60,3.70,0.10,17.40
S103,1487111047,20.10,7.00,19.60,3.80,0.10,17.40
S103,1487111346,20.10,6.60,19.50,3.70,0.10,17.40
S103,1487111645,20.10,7.00,19.50,3.80,0.10,17.40
S103,1487111944,20.00,6.70,19.50,3.80,0.10,17.40
S103,1487112243,20.00,6.70,19.50,4.00,0.10,17.40
S103,1487112542,19.90,6.70,19.40,3.90,0.10,17.40
S103,1487112841,19.90,7.00,19.40,4.20,0.10,17.40
S103,1487113140,19.80,6.80,19.40,4.20,0.10,17.40
S103,1487113439,19.80,6.90,19.40,4.20,0.10,17.40
S103,1487113738,19.80,6.70,19.40,4.10,0.10,17.40
S103,1487114037,19.70,6.70,19.40,4.00,0.10,17.40
S103,1487114336,19.70,6.90,19.40,4.00,0.10,17.40
S103,1487114635,19.70,6.90,19.40,4.00,0.10,17.40
S103,1487114934,19.70,6.70,19.40,4.10,0.10,17.40
S103,1487115233,19.70,6.40,19.40,4.20,0.10,17.40
S103,1487115532,19.70,7.40,19.40,5.20,0.10,17.40
S103,1487115831,19.60,7.10,19.30,4.80,0.10,17.40
S103,1487116130,19.60,7.30,19.30,4.60,0.10,17.40
S103,1487116429,19.60,7.30,19.30,4.30,0.10,17.40
S103,1487116728,19.60,7.00,19.30,4.10,0.10,17.40
S103,1487117027,19.60,6.40,19.30,4.00,0.10,17.40
S103,1487117326,19.60,6.90,19.30,3.80,0.10,17.40
S103,1487117625,19.50,6.90,19.20,3.60,0.10,17.40
S103,1487117924,19.50,5.90,19.20,3.50,0.10,17.40
S103,1487118223,19.50,6.60,19.10,3.40,0.10,17.40
S103,1487118522,19.40,6.40,19.10,3.40,0.10,17.40
S103,1487118821,19.40,5.80,19.00,3.40,0.10,17.40
S103,1487119120,19.40,6.20,19.00,3.30,0.10,17.40
S103,1487119419,19.30,6.20,19.00,3.40,0.10,17.40
S103,1487119718,19.30,6.10,18.90,3.30,0.10,17.40
S103,1487120017,19.30,5.60,18.90,3.30,0.10,17.40
S103,1487120316,19.20,5.90,18.90,3.40,0.10,17.40
S103,1487120615,19.20,6.30,18.80,3.30,0.10,17.40
S103,1487120914,19.20,6.40,18.80,3.30,0.10,17.40
S103,1487124203,18.80,6.00,18.40,3.50,0.10,17.40
S103,1487124502,18.80,6.10,18.50,3.70,0.10,17.40
S103,1487124801,18.80,5.90,18.50,3.70,0.10,17.40
S103,1487125100,18.70,5.80,18.40,3.70,0.10,17.40
S103,1487125399,18.70,6.10,18.40,3.70,0.10,17.40
S103,1487125698,18.70,5.80,18.40,3.70,0.10,17.40
S103,1487125997,18.70,6.20,18.30,3.60,0.10,17.40
S103,1487126296,18.60,6.30,18.30,3.60,0.10,17.40
S103,1487126595,18.60,6.10,18.30,3.70,0.10,17.40
S103,1487126894,18.60,6.00,18.30,3.60,0.10,17.40
S103,1487127193,18.60,5.80,18.20,3.60,0.10,17.40
S103,1487127492,18.50,6.00,18.30,3.50,0.10,17.40
S103,1487127791,18.50,6.00,18.20,3.60,0.10,17.40
S103,1487128090,18.50,5.60,18.20,3.60,0.10,17.40
S103,1487128389,18.50,5.70,18.20,3.60,0.10,17.40
S103,1487128688,18.50,5.70,18.20,3.60,0.10,17.40
S103,1487128987,18.40,5.80,18.20,3.60,0.10,17.40
S103,1487129286,18.40,5.80,18.10,3.60,0.10,17.40
S103,1487129585,18.40,6.30,18.10,3.50,0.10,17.40
S103,1487129884,18.40,6.20,18.10,3.50,0.10,17.40
S103,1487130183,18.40,5.90,18.10,3.50,0.10,17.40
S103,1487130482,18.30,5.80,18.00,3.50,0.10,17.40
S103,1487130781,18.30,5.90,18.00,3.70,0.10,17.40
S103,1487131080,18.30,6.00,18.00,3.70,0.10,17.40
S103,1487131379,18.20,6.20,18.00,3.80,0.10,17.40
S103,1487131678,18.20,5.90,18.00,3.80,0.10,17.40
S103,1487131977,18.20,6.20,18.00,3.90,0.10,17.40
S103,1487132276,18.20,6.30,17.90,3.90,0.10,17.40
S103,1487132575,18.20,6.50,17.90,4.00,0.10,17.40
S103,1487132874,18.20,6.50,17.90,4.10,0.10,17.40
S103,1487133173,18.10,6.10,17.90,4.10,0.10,17.40
S103,1487133472,18.10,6.30,17.90,4.20,0.10,17.40
S103,1487133771,18.10,6.50,17.90,4.10,0.10,17.40
S103,1487134070,18.10,6.30,17.90,4.10,0.10,17.40
S103,1487134369,18.10,6.70,18.00,4.20,0.10,17.40
S103,1487134668,18.10,6.60,18.00,4.20,0.10,17.40
S103,1487134967,18.10,6.60,18.00,4.10,0.10,17.40
S103,1487135266,18.10,6.60,18.00,4.10,0.10,17.40
S103,1487135565,18.10,6.90,18.00,4.10,0.10,17.40
S103,1487135864,18.10,7.10,18.10,4.30,0.10,17.40
S103,1487136163,18.10,7.10,18.20,4.40,0.10,17.40
S103,1487136462,18.20,7.30,18.20,4.50,0.10,17.40
S103,1487136761,18.20,7.30,18.30,4.50,0.10,17.40
S103,1487137060,18.20,7.40,18.40,4.60,0.10,17.40
S103,1487137359,18.20,7.40,18.40,4.70,0.10,17.40
S103,1487137658,18.30,7.40,18.40,4.70,0.10,17.40
S103,1487137957,18.30,7.40,18.50,4.70,0.10,17.40
S103,1487138256,18.30,7.40,18.50,4.60,0.10,17.40
S103,1487138555,18.40,7.60,18.60,4.70,0.10,17.40
S103,1487138854,18.40,7.50,18.60,4.60,0.10,17.40
S103,1487139153,18.40,7.50,18.60,4.60,0.10,17.40
S103,1487139452,18.50,7.60,18.70,4.60,0.10,17.40
S103,1487139751,18.50,7.50,18.70,4.40,0.10,17.40
S103,1487140050,18.50,7.40,18.70,4.40,0.10,17.40
S103,1487140349,18.50,7.40,18.80,4.30,0.10,17.40
S103,1487140648,18.50,7.40,18.80,4.30,0.10,17.40
S103,1487140947,18.60,7.30,18.80,4.30,0.10,17.40
S103,1487141246,18.60,7.40,18.80,4.20,0.10,17.40
S103,1487141546,18.60,7.40,18.90,4.40,0.10,17.40
S103,1487141845,18.70,7.50,18.90,4.30,0.10,17.40
S103,1487142144,18.70,7.50,18.90,4.20,0.10,17.40
S103,1487142443,18.70,7.50,18.90,4.20,0.10,17.40
S103,1487142742,18.70,7.40,19.00,4.30,0.10,17.40
S103,1487143041,18.70,7.50,19.00,4.10,0.10,17.40
S103,1487143340,18.80,7.40,19.00,4.00,0.10,17.40
S103,1487143639,18.80,7.40,19.10,4.10,0.10,17.40
S103,1487143938,18.80,7.40,19.10,4.20,0.10,17.40
S103,1487144237,18.90,7.50,19.10,4.10,0.10,17.40
S103,1487144536,18.90,7.30,19.10,4.00,0.10,17.40
S103,1487144835,18.90,7.30,19.20,4.00,0.10,17.40
S103,1487145134,19.00,7.40,19.20,3.90,0.10,17.40
S103,1487145433,19.00,7.40,19.20,3.90,0.10,17.40
S103,1487145732,19.00,7.20,19.30,3.80,0.10,17.40
S103,1487146031,19.00,7.00,19.30,3.70,0.10,17.40
S103,1487146330,19.00,6.80,19.30,3.50,0.10,17.40
S103,1487146629,19.10,6.70,19.30,3.40,0.10,17.40
S103,1487146928,19.10,6.70,19.30,3.40,0.10,17.40
S103,1487147227,19.10,7.00,19.30,3.50,0.10,17.40
S103,1487147526,19.20,6.90,19.30,3.50,0.10,17.40
S103,1487147825,19.20,6.90,19.30,3.70,0.10,17.40
S103,1487148124,19.20,6.80,19.30,4.20,0.10,17.40
S103,1487148423,19.20,6.90,19.40,4.00,0.10,17.40
S103,1487148722,19.20,7.00,19.40,4.10,0.10,17.40
S103,1487149021,19.20,7.00,19.30,3.90,0.10,17.40
S103,1487149320,19.20,6.70,19.30,3.80,0.10,17.40
S103,1487149619,19.20,6.60,19.30,4.70,0.10,17.40
S103,1487149918,19.30,6.70,19.30,4.30,0.10,17.40
S103,1487150217,19.20,6.70,19.30,4.20,0.10,17.40
S103,1487150516,19.30,6.70,19.30,4.10,0.10,17.40
S103,1487150815,19.30,7.10,19.30,3.90,0.10,17.40
S103,1487151114,19.30,7.00,19.30,4.20,0.10,17.40
S103,1487151413,19.20,6.80,19.30,4.70,0.10,17.40
S103,1487151712,19.30,7.30,19.30,4.90,0.10,17.40
S103,1487152011,19.30,7.10,19.30,4.70,0.10,17.40
S103,1487152310,19.30,7.20,19.40,4.70,0.10,17.40
S103,1487152609,19.30,7.30,19.50,5.10,0.10,17.40
S103,1487152908,19.30,7.40,19.50,4.60,0.10,17.40
S103,1487153207,19.30,7.50,19.60,4.50,0.10,17.40
S103,1487153506,19.40,7.50,19.70,4.60,0.10,17.40
S103,1487153805,19.40,7.40,19.80,4.70,0.10,17.40
S103,1487154104,19.50,7.30,19.80,4.40,0.10,17.40
S103,1487154403,19.50,7.30,19.80,4.40,0.10,17.40
S103,1487154702,19.50,6.70,19.80,4.10,0.10,17.40
S103,1487155001,19.60,7.20,19.90,4.60,0.10,17.40
S103,1487155300,19.60,7.30,20.00,4.40,0.10,17.40
S103,1487155599,19.70,7.40,20.00,4.30,0.10,17.40
S103,1487155898,19.70,7.30,20.00,4.00,0.10,17.40
S103,1487156197,19.70,7.20,20.00,3.80,0.10,17.40
S103,1487156496,19.70,7.10,20.00,3.70,0.10,17.40
S103,1487156795,19.80,7.10,20.00,3.80,0.10,17.40
S103,1487157094,19.80,6.90,20.10,3.70,0.10,17.40
S103,1487157393,19.90,7.10,20.10,3.70,0.10,17.40
S103,1487157692,19.90,6.90,20.20,3.50,0.10,17.40
S103,1487157991,19.90,6.50,20.40,5.10,0.10,17.40
S103,1487158290,19.90,6.90,20.40,3.50,0.10,17.40
S103,1487158589,20.00,7.10,20.40,3.50,0.10,17.40
S103,1487158888,20.00,6.50,20.50,3.30,0.10,17.40
S103,1487159187,20.00,6.90,20.50,3.40,0.10,17.40
S103,1487159486,20.10,6.50,20.50,3.30,0.10,17.40
S103,1487159785,20.10,6.90,20.50,3.10,0.10,17.40
