Device,Time,DHT1-OUT Temp,DHT1-OUT Hum,DHT2-IN Temp,DHT2-IN Hum,Soil,Infrared
S121,1486911899,21.40,8.00,21.50,6.10,0.20,17.60
S121,1486912198,21.40,8.10,21.40,6.20,0.20,17.60
S121,1486912497,21.40,8.20,21.40,6.10,0.20,17.60
S121,1486912796,21.40,13.50,21.40,6.30,0.20,17.60
S121,1486913095,21.40,8.90,21.40,6.10,0.20,17.60
S121,1486913394,21.40,8.90,21.50,6.20,0.20,17.60
S121,1486913693,21.40,8.60,21.40,6.40,0.20,17.60
S121,1486913992,21.40,8.80,21.50,6.30,0.20,17.60
S121,1486914291,21.40,8.90,21.60,6.80,0.20,17.60
S121,1486914590,21.40,9.10,21.60,6.20,0.20,17.60
S121,1486914889,21.30,8.90,21.60,6.00,0.20,17.60
S121,1486915188,21.40,8.90,21.60,6.10,0.20,17.60
S121,1486915487,21.40,8.90,21.50,6.20,0.20,17.60
S121,1486915786,21.40,8.90,21.50,6.10,0.20,17.60
S121,1486916085,21.30,8.20,21.50,6.00,0.20,17.50
S121,1486916384,21.30,8.80,21.40,5.90,0.20,17.60
S121,1486916683,21.30,8.90,21.40,5.80,0.20,17.60
S121,1486916982,21.30,8.80,21.40,5.90,0.20,17.60
S121,1486917281,21.30,8.80,21.40,5.90,0.20,17.60
S121,1486917580,21.30,8.60,21.40,5.80,0.20,17.50
S121,1486917879,21.30,8.90,21.40,5.90,0.20,17.60
S121,1486918178,21.30,8.70,21.40,5.70,0.20,17.60
S121,1486918477,21.30,8.00,21.40,5.70,0.20,17.60
S121,1486918776,21.30,8.40,21.30,5.60,0.20,17.60
S121,1486919075,21.30,8.70,21.30,5.60,0.20,17.60
S121,1486919374,21.20,8.60,21.30,5.50,0.20,17.60
S121,1486919673,21.20,8.60,21.40,5.60,0.20,17.60
S121,1486919973,21.20,8.70,21.40,5.30,0.20,17.60
S121,1486920272,21.20,8.50,21.40,5.70,0.20,17.60
S121,1486920571,21.20,8.40,21.40,5.50,0.20,17.60
S121,1486920870,21.20,8.10,21.30,5.40,0.20,17.60
S121,1486921170,21.20,8.50,21.30,5.20,0.20,17.60
S121,1486921469,21.20,8.10,21.40,5.50,0.20,17.50
S121,1486921768,21.20,8.50,21.40,5.60,0.20,17.50
S121,1486922067,21.20,8.80,21.40,5.40,0.20,17.60
S121,1486922367,21.20,8.50,21.40,5.60,0.20,17.50
S121,1486922666,21.20,8.50,21.40,5.30,0.20,17.60
S121,1486922966,21.20,8.40,21.30,5.30,0.20,17.60
S121,1486923265,21.20,8.50,21.30,5.60,0.20,17.60
S121,1486923564,21.20,8.50,21.30,5.50,0.20,17.60
S121,1486923863,21.20,8.60,21.30,5.30,0.20,17.60
S121,1486924162,21.20,8.70,21.40,5.80,0.20,17.60
S121,1486924461,21.20,8.50,21.40,5.60,0.20,17.60
S121,1486924761,21.20,8.70,21.30,5.50,0.20,17.60
S121,1486925060,21.10,8.40,21.30,5.30,0.20,17.60
S121,1486925359,21.10,8.40,21.30,5.60,0.20,17.60
S121,1486925658,21.10,8.60,21.30,5.40,0.20,17.60
S121,1486925958,21.20,8.50,21.30,5.60,0.20,17.60
S121,1486926257,21.20,8.70,21.40,5.60,0.20,17.60
S121,1486926557,21.20,8.40,21.40,5.60,0.20,17.60
S121,1486926856,21.20,8.30,21.30,5.30,0.20,17.60
S121,1486927155,21.20,8.40,21.30,5.50,0.20,17.60
S121,1486927454,21.20,8.50,21.30,5.30,0.20,17.60
S121,1486927753,21.20,8.50,21.30,5.30,0.20,17.50
S121,1486928052,21.20,8.60,21.30,5.50,0.20,17.60
S121,1486928352,21.20,8.70,21.40,5.80,0.20,17.50
S121,1486928651,21.20,8.50,21.30,5.20,0.20,17.50
S121,1486928950,21.20,8.40,21.30,5.20,0.20,17.50
S121,1486929249,21.10,8.30,21.30,5.20,0.20,17.60
S121,1486929548,21.20,8.40,21.30,5.20,0.20,17.60
S121,1486929847,21.10,8.10,21.30,5.70,0.20,17.60
S121,1486930146,21.20,8.30,21.40,5.50,0.20,17.60
S121,1486930445,21.10,8.50,21.40,5.30,0.20,17.50
S121,1486930745,21.10,8.20,21.30,5.30,0.20,17.60
S121,1486931044,21.10,8.40,21.30,5.20,0.20,17.50
S121,1486931343,21.20,8.10,21.30,5.50,0.20,17.50
S121,1486931642,21.10,8.20,21.30,5.10,0.20,17.50
S121,1486931941,21.10,8.40,21.30,5.30,0.20,17.60
S121,1486932240,21.20,8.40,21.40,5.30,0.20,17.60
S121,1486932540,21.20,8.60,21.40,5.20,0.20,17.60
S121,1486932839,21.10,8.50,21.40,5.50,0.20,17.50
S121,1486933138,21.10,8.40,21.30,5.20,0.20,17.60
S121,1486933437,21.10,8.10,21.30,5.30,0.20,17.50
S121,1486933736,21.10,8.50,21.20,5.20,0.20,17.60
S121,1486934035,21.10,8.40,21.20,5.40,0.20,17.60
S121,1486934334,21.10,8.60,21.20,5.60,0.20,17.60
S121,1486934633,21.10,8.20,21.20,5.40,0.20,17.60
S121,1486934932,21.10,7.60,20.90,5.20,0.20,17.60
S121,1486935231,21.00,7.40,20.70,5.20,0.20,17.60
S121,1486935530,21.00,7.70,20.60,5.30,0.20,17.50
S121,1486935829,20.90,7.40,20.50,5.30,0.20,17.60
S121,1486936129,20.90,7.30,20.40,5.50,0.20,17.50
S121,1486936428,20.80,7.40,20.40,5.60,0.20,17.50
S121,1486936727,20.80,7.40,20.30,5.60,0.20,17.50
S121,1486937026,20.70,7.60,20.20,5.70,0.20,17.60
S121,1486937325,20.70,7.90,20.20,5.90,0.20,17.50
S121,1486937624,20.60,7.90,20.10,6.00,0.20,17.50
S121,1486937923,20.60,8.30,20.10,6.20,0.20,17.50
S121,1486938222,20.50,8.60,20.10,6.40,0.20,17.60
S121,1486938521,20.50,8.60,20.10,6.60,0.20,17.50
S121,1486938820,20.50,8.70,20.10,6.70,0.20,17.50
S121,1486939119,20.40,8.70,20.10,7.30,0.20,17.50
S121,1486939418,20.40,8.70,20.10,6.90,0.20,17.50
S121,1486939717,20.40,8.50,20.10,7.10,0.20,17.50
S121,1486940016,20.30,8.70,20.00,7.00,0.20,17.60
S121,1486940316,20.30,8.50,20.00,7.00,0.20,17.60
S121,1486940615,20.30,8.60,20.00,7.00,0.20,17.60
S121,1486940914,20.30,8.70,19.90,7.00,0.20,17.60
S121,1486941213,20.20,8.70,19.90,7.00,0.20,17.50
S121,1486941512,20.20,8.90,19.90,7.00,0.20,17.50
S121,1486941811,20.20,8.90,19.80,6.90,0.20,17.50
S121,1486942110,20.20,9.10,19.80,6.90,0.20,17.60
S121,1486942409,20.20,9.10,19.80,6.90,0.20,17.50
S121,1486942708,20.10,9.10,19.80,6.90,0.20,17.50
S121,1486943007,20.10,9.20,19.80,6.90,0.20,17.50
S121,1486943306,20.10,9.30,19.70,6.80,0.20,17.50
S121,1486943605,20.10,9.30,19.70,6.80,0.20,17.60
S121,1486943904,20.00,9.40,19.70,6.80,0.20,17.50
S121,1486944203,20.00,9.10,19.70,6.80,0.20,17.60
S121,1486944502,20.00,9.30,19.60,6.90,0.20,17.50
S121,1486944801,19.90,9.20,19.60,7.00,0.20,17.50
S121,1486945100,19.90,9.40,19.50,7.10,0.20,17.50
S121,1486945399,19.80,9.50,19.40,7.10,0.20,17.50
S121,1486945698,19.80,9.60,19.40,7.30,0.20,17.50
S121,1486945997,19.80,9.40,19.30,7.30,0.20,17.50
S121,1486946296,19.70,9.50,19.30,7.50,0.20,17.50
S121,1486946595,19.70,9.70,19.30,7.50,0.20,17.60
S121,1486946894,19.60,9.80,19.20,7.50,0.20,17.50
S121,1486947193,19.60,9.80,19.20,7.60,0.20,17.50
S121,1486947492,19.60,9.70,19.20,7.60,0.20,17.60
S121,1486947791,19.50,9.50,19.10,7.60,0.20,17.50
S121,1486948090,19.50,9.60,19.10,7.50,0.20,17.50
S121,1486948389,19.50,9.80,19.10,7.60,0.20,17.50
S121,1486948688,19.40,9.60,19.00,7.60,0.20,17.50
S121,1486948987,19.40,9.70,19.00,7.60,0.20,17.50
S121,1486949286,19.40,9.50,19.00,7.60,0.20,17.50
S121,1486949585,19.30,9.70,19.00,7.50,0.20,17.50
S121,1486949884,19.30,9.60,18.90,7.60,0.20,17.60
S121,1486950184,19.30,9.70,18.90,7.70,0.20,17.50
S121,1486950483,19.30,9.60,18.90,7.60,0.20,17.50
S121,1486950782,19.20,9.60,18.90,7.70,0.20,17.50
S121,1486951081,19.20,9.80,18.80,7.80,0.20,17.50
S121,1486951380,19.20,9.90,18.80,7.90,0.20,17.50
S121,1486951679,19.10,9.80,18.80,8.10,0.20,17.60
S121,1486951978,19.10,9.90,18.80,8.10,0.20,17.50
S121,1486952277,19.10,9.80,18.80,8.10,0.20,17.50
S121,1486952576,19.10,10.00,18.70,8.10,0.20,17.50
S121,1486952875,19.00,9.90,18.70,8.10,0.20,17.50
S121,1486953174,19.00,9.90,18.70,8.00,0.20,17.50
S121,1486953473,19.00,10.00,18.70,8.20,0.20,17.50
S121,1486953772,19.00,9.90,18.60,8.00,0.20,17.50
S121,1486954071,18.90,9.90,18.60,8.10,0.20,17.50
S121,1486954370,18.90,10.10,18.60,8.20,0.20,17.50
S121,1486954669,18.90,10.10,18.60,8.10,0.20,17.50
S121,1486954968,18.80,9.70,18.50,7.90,0.20,17.50
S121,1486955267,18.80,9.80,18.50,7.80,0.20,17.50
S121,1486955566,18.80,10.00,18.50,8.00,0.20,17.50
S121,1486955865,18.80,9.90,18.50,8.10,0.20,17.50
S121,1486956164,18.80,10.10,18.50,8.10,0.20,17.50
S121,1486956463,18.70,10.00,18.50,8.10,0.20,17.50
S121,1486956762,18.70,10.20,18.40,8.00,0.20,17.50
S121,1486957061,18.70,10.30,18.40,8.00,0.20,17.50
S121,1486957360,18.70,9.80,18.40,7.90,0.20,17.50
S121,1486957659,18.60,9.80,18.40,7.90,0.20,17.50
S121,1486957958,18.60,9.80,18.40,7.90,0.20,17.50
S121,1486958257,18.60,9.70,18.40,7.90,0.20,17.50
S121,1486958556,18.50,9.80,18.30,7.90,0.20,17.50
S121,1486958855,18.60,10.20,18.30,8.00,0.20,17.50
S121,1486959154,18.50,10.00,18.30,8.10,0.20,17.50
S121,1486959453,18.50,10.30,18.40,8.00,0.20,17.50
S121,1486959752,18.50,10.20,18.40,8.00,0.20,17.50
S121,1486960051,18.50,10.20,18.50,7.90,0.20,17.50
S121,1486960350,18.50,10.20,18.50,7.90,0.20,17.50
S121,1486960649,18.50,9.90,18.40,7.60,0.20,17.50
S121,1486960948,18.50,9.90,18.50,7.60,0.20,17.50
S121,1486961247,18.50,10.00,18.50,7.60,0.20,17.50
S121,1486961546,18.50,9.90,18.40,7.50,0.20,17.50
S121,1486961845,18.50,10.00,18.40,7.40,0.20,17.50
S121,1486962144,18.50,9.90,18.30,7.40,0.20,17.50
S121,1486962443,18.50,9.80,18.30,7.40,0.20,17.50
S121,1486962742,18.50,9.80,18.30,7.40,0.20,17.50
S121,1486963041,18.50,9.80,18.30,7.40,0.20,17.50
S121,1486963340,18.50,9.90,18.30,7.40,0.20,17.50
S121,1486963639,18.40,10.00,18.40,7.60,0.20,17.50
S121,1486963938,18.50,10.30,18.50,7.60,0.20,17.50
S121,1486964237,18.50,10.40,18.60,7.80,0.20,17.50
S121,1486964536,18.50,10.40,18.60,7.80,0.20,17.50
S121,1486964835,18.50,10.50,18.70,7.90,0.20,17.50
S121,1486965134,18.50,10.50,18.80,7.80,0.20,17.50
S121,1486965433,18.50,10.50,18.80,7.70,0.20,17.50
S121,1486965732,18.50,10.50,18.90,7.90,0.20,17.50
S121,1486966031,18.60,10.60,18.90,7.80,0.20,17.50
S121,1486966330,18.60,10.60,19.00,7.80,0.20,17.50
S121,1486966629,18.60,10.60,19.00,7.90,0.20,17.50
S121,1486966928,18.70,10.70,19.10,7.80,0.20,17.50
S121,1486967227,18.70,10.60,19.10,7.80,0.20,17.50
S121,1486967526,18.80,10.60,19.20,7.80,0.20,17.50
S121,1486967825,18.80,10.60,19.20,7.80,0.20,17.50
S121,1486968124,18.80,10.60,19.20,7.80,0.20,17.50
S121,1486968423,18.80,10.60,19.30,7.80,0.20,17.50
S121,1486968722,18.90,10.50,19.30,7.70,0.20,17.50
S121,1486969021,18.90,10.50,19.40,7.80,0.20,17.50
S121,1486969320,18.90,10.50,19.40,7.70,0.20,17.50
S121,1486969619,19.00,10.60,19.40,7.60,0.20,17.50
S121,1486969918,19.00,10.60,19.50,7.60,0.20,17.50
S121,1486970217,19.10,10.60,19.50,7.60,0.20,17.50
S121,1486970516,19.10,10.50,19.50,7.50,0.20,17.50
S121,1486970815,19.10,10.50,19.50,7.60,0.20,17.50
S121,1486971114,19.10,10.50,19.60,7.60,0.20,17.50
S121,1486971413,19.10,10.50,19.60,7.60,0.20,17.60
S121,1486971712,19.20,10.40,19.60,7.50,0.20,17.50
S121,1486972011,19.20,10.40,19.60,7.40,0.20,17.50
S121,1486972310,19.20,10.30,19.60,7.20,0.20,17.60
S121,1486972609,19.30,10.40,19.70,7.40,0.20,17.50
S121,1486972908,19.30,10.30,19.70,7.30,0.20,17.50
S121,1486973207,19.30,10.30,19.70,7.30,0.20,17.50
S121,1486973506,19.30,10.30,19.70,7.40,0.20,17.50
S121,1486973805,19.40,10.40,19.80,7.30,0.20,17.50
S121,1486974104,19.40,10.40,19.80,6.90,0.20,17.50
S121,1486974403,19.40,10.40,19.80,6.90,0.20,17.60
S121,1486974702,19.40,10.20,19.90,7.20,0.20,17.50
S121,1486975001,19.50,10.30,19.90,7.00,0.20,17.60
S121,1486975300,19.50,10.30,19.90,7.00,0.20,17.60
S121,1486975599,19.50,10.30,19.90,7.00,0.20,17.50
S121,1486975898,19.50,10.30,19.90,7.00,0.20,17.50
S121,1486976197,19.50,10.30,20.00,7.00,0.20,17.50
S121,1486976496,19.60,10.20,20.10,7.10,0.20,17.50
S121,1486976795,19.60,10.30,20.10,7.10,0.20,17.50
S121,1486977094,19.60,10.20,20.20,7.80,0.20,17.50
S121,1486977393,19.70,11.10,20.30,7.30,0.20,17.50
S121,1486980682,20.10,10.10,20.60,7.30,0.20,17.60
S121,1486980981,20.10,10.10,20.70,7.30,0.20,17.60
S121,1486981280,20.10,10.00,20.70,7.50,0.20,17.60
S121,1486981579,20.20,10.00,20.70,7.50,0.20,17.60
S121,1486981878,20.20,10.20,20.80,7.30,0.20,17.60
S121,1486982177,20.20,10.20,20.80,7.30,0.20,17.60
S121,1486982476,20.30,10.20,20.80,7.20,0.20,17.60
S121,1486982775,20.30,10.20,20.90,7.10,0.20,17.60
S121,1486983074,20.40,11.10,20.90,7.30,0.20,17.60
S121,1486983373,20.40,9.90,20.90,7.70,0.20,17.60
S121,1486983672,20.50,9.70,21.00,7.20,0.20,17.60
S121,1486983971,20.50,9.70,21.00,7.30,0.20,17.60
S121,1486984270,20.50,9.80,21.00,7.80,0.20,17.50
S121,1486984569,20.50,9.40,21.00,6.90,0.20,17.60
S121,1486984868,20.60,9.60,21.00,7.00,0.20,17.60
S121,1486985167,20.60,9.50,21.00,6.90,0.20,17.60
S121,1486985466,20.60,9.40,21.00,6.50,0.20,17.50
S121,1486985765,20.70,10.20,21.00,6.60,0.20,17.60
S121,1486986064,20.70,9.40,21.10,6.70,0.20,17.50
S121,1486986363,20.70,9.50,21.10,6.90,0.20,17.60
S121,1486986662,20.70,9.60,21.10,6.80,0.20,17.60
S121,1486986961,20.80,9.60,21.10,6.70,0.20,17.60
S121,1486987260,20.80,9.60,21.10,6.70,0.20,17.50
S121,1486987559,20.80,9.50,21.10,6.60,0.20,17.60
S121,1486987858,20.80,9.10,21.10,6.30,0.20,17.50
S121,1486988157,20.80,9.60,21.10,6.60,0.20,17.60
S121,1486988457,20.80,9.50,21.10,6.60,0.20,17.60
S121,1486988756,20.80,9.50,21.10,6.60,0.20,17.60
S121,1486989055,20.80,9.50,21.10,6.30,0.20,17.50
S121,1486989354,20.80,9.50,21.10,6.50,0.20,17.60
S121,1486989653,20.80,9.30,21.10,6.90,0.20,17.60
S121,1486989952,20.80,9.20,21.10,6.50,0.20,17.50
S121,1486990251,20.80,9.30,21.20,6.70,0.20,17.60
S121,1486990550,20.80,9.50,21.20,6.70,0.20,17.50
S121,1486990849,20.90,9.60,21.20,6.70,0.20,17.60
S121,1486991148,20.90,9.40,21.20,6.20,0.20,17.60
S121,1486991447,20.90,8.90,21.20,5.70,0.20,17.60
S121,1486991746,20.90,8.90,21.10,5.90,0.20,17.60
S121,1486992045,20.90,9.00,21.10,5.70,0.20,17.60
S121,1486992344,20.90,8.70,21.10,5.80,0.20,17.50
S121,1486992643,20.90,8.80,21.10,6.10,0.20,17.60
S121,1486992942,20.90,8.70,21.20,6.40,0.20,17.60
S121,1486993241,20.90,9.00,21.20,6.20,0.20,17.50
S121,1486993540,20.90,8.70,21.20,5.80,0.20,17.60
S121,1486993839,20.90,8.60,21.20,5.60,0.20,17.60
S121,1486994138,20.90,8.60,21.20,5.60,0.20,17.60
S121,1486994437,20.90,8.60,21.20,5.90,0.20,17.60
S121,1486994736,20.90,8.10,21.20,5.60,0.20,17.60
S121,1486995035,20.90,8.40,21.20,5.90,0.20,17.60
S121,1486995334,20.90,8.60,21.20,6.00,0.20,17.60
S121,1486995633,20.90,8.80,21.20,6.00,0.20,17.60
S121,1486995932,20.90,8.90,21.20,5.80,0.20,17.60
S121,1486996231,20.90,8.90,21.20,5.90,0.20,17.60
S121,1486996530,20.90,8.80,21.20,5.60,0.20,17.60
S121,1486996829,20.90,8.80,21.20,5.80,0.20,17.60
S121,1486997128,20.90,8.60,21.20,5.90,0.20,17.60
S121,1486997427,20.90,8.30,21.20,5.50,0.20,17.50
S121,1486997726,20.90,8.20,21.20,5.40,0.20,17.60
S121,1486998025,20.90,8.60,21.20,5.20,0.20,17.60
S121,1486998324,21.00,8.30,21.20,5.20,0.20,17.60
S121,1486998623,21.00,8.20,21.20,5.40,0.20,17.60
S121,1486998922,21.00,8.30,21.20,5.30,0.20,17.60
S121,1486999221,21.00,8.20,21.20,5.20,0.20,17.60
S121,1486999520,21.00,8.50,21.30,5.30,0.20,17.50
S121,1486999819,21.00,8.40,21.20,5.20,0.20,17.60
S121,1487000118,21.00,8.40,21.30,5.40,0.20,17.60
S121,1487000417,21.00,7.70,21.30,5.00,0.20,17.60
S121,1487000716,21.00,7.90,21.20,5.10,0.20,17.60
S121,1487001015,21.00,8.10,21.20,5.10,0.20,17.60
S121,1487001314,21.00,8.10,21.20,5.10,0.20,17.60
S121,1487001613,21.00,8.10,21.20,5.00,0.20,17.50
S121,1487001912,21.00,7.90,21.30,5.40,0.20,17.60
S121,1487002211,21.00,8.30,21.30,5.20,0.20,17.50
S121,1487002510,21.00,8.20,21.30,5.20,0.20,17.60
S121,1487002809,21.00,7.70,21.20,5.00,0.20,17.50
S121,1487003108,21.00,8.00,21.20,5.20,0.20,17.50
S121,1487003407,21.00,7.80,21.20,5.00,0.20,17.60
S121,1487003706,21.00,8.00,21.10,5.00,0.20,17.60
S121,1487004005,21.00,8.00,21.20,5.20,0.20,17.60
S121,1487004304,21.00,7.90,21.20,5.40,0.20,17.60
S121,1487004603,21.00,8.20,21.30,5.40,0.20,17.60
S121,1487004902,21.00,8.30,21.30,5.50,0.20,17.60
S121,1487005201,21.00,8.20,21.30,5.50,0.20,17.60
S121,1487005500,21.00,8.20,21.30,4.90,0.20,17.50
S121,1487005799,21.00,8.00,21.30,5.00,0.20,17.50
S121,1487006098,21.00,8.10,21.20,5.00,0.20,17.60
S121,1487006397,21.00,8.00,21.30,5.10,0.20,17.60
S121,1487006696,21.00,8.10,21.30,5.70,0.20,17.50
S121,1487006995,21.00,8.20,21.30,5.40,0.20,17.60
S121,1487007294,21.00,8.30,21.30,5.10,0.20,17.50
S121,1487007593,21.00,8.00,21.30,5.20,0.20,17.60
S121,1487007892,21.00,7.70,21.20,5.20,0.20,17.50
S121,1487008191,21.00,7.80,21.20,5.30,0.20,17.60
S121,1487008490,21.00,7.90,21.20,5.40,0.20,17.60
S121,1487008789,21.00,8.20,21.30,5.50,0.20,17.50
S121,1487009088,21.00,8.10,21.30,5.50,0.20,17.60
S121,1487009387,21.00,8.30,21.20,5.40,0.20,17.50
S121,1487009686,21.00,8.20,21.20,5.40,0.20,17.60
S121,1487009985,21.00,8.10,21.20,5.70,0.20,17.60
S121,1487010284,21.00,8.20,21.20,5.80,0.20,17.60
S121,1487010583,21.00,8.40,21.20,5.50,0.20,17.60
S121,1487010882,21.00,8.00,21.20,5.60,0.20,17.60
S121,1487011181,21.00,8.20,21.20,5.20,0.20,17.50
S121,1487011480,21.00,8.10,21.20,5.30,0.20,17.50
S121,1487011779,21.00,8.20,21.20,5.30,0.20,17.60
S121,1487012078,21.00,8.20,21.20,5.40,0.20,17.60
S121,1487012377,21.00,8.40,21.20,5.40,0.20,17.60
S121,1487012676,21.00,8.30,21.20,5.30,0.20,17.60
S121,1487012975,21.00,8.20,21.20,5.20,0.20,17.60
S121,1487013274,21.00,8.10,21.20,5.40,0.20,17.60
S121,1487013573,21.00,8.20,21.10,5.30,0.20,17.60
S121,1487013872,21.00,7.90,21.20,5.30,0.20,17.60
S121,1487014171,21.00,7.90,21.30,5.40,0.20,17.50
S121,1487014470,21.00,8.10,21.40,5.40,0.20,17.50
S121,1487014769,21.00,7.80,21.40,5.30,0.20,17.60
S121,1487015068,21.00,7.70,21.40,5.20,0.20,17.60
S121,1487015367,21.00,7.60,21.40,4.90,0.20,17.60
S121,1487015666,21.00,7.50,21.40,5.20,0.20,17.60
S121,1487015965,21.00,7.50,21.40,5.10,0.20,17.60
S121,1487016264,21.00,7.70,21.40,5.10,0.20,17.60
S121,1487016563,21.00,7.60,21.40,5.30,0.20,17.60
S121,1487016862,21.00,7.80,21.40,5.00,0.20,17.60
S121,1487017161,21.00,7.60,21.40,5.00,0.20,17.60
S121,1487017460,21.10,7.50,21.50,5.00,0.20,17.60
S121,1487017759,21.10,7.50,21.50,5.20,0.20,17.60
S121,1487018058,21.10,7.80,21.50,5.20,0.20,17.60
S121,1487018357,21.10,8.00,21.40,5.20,0.20,17.60
S121,1487018656,21.10,8.00,21.40,5.10,0.20,17.60
S121,1487018955,21.10,7.60,21.40,5.10,0.20,17.60
S121,1487019254,21.10,7.90,21.30,5.30,0.20,17.60
S121,1487019553,21.10,7.60,21.30,4.90,0.20,17.60
S121,1487019852,21.10,7.40,21.30,4.90,0.20,17.60
S121,1487020151,21.10,7.50,21.30,5.00,0.20,17.60
S121,1487020450,21.10,7.60,21.30,5.10,0.20,17.60
S121,1487020749,21.00,7.70,21.20,4.60,0.20,17.60
S121,1487021048,21.00,7.30,21.10,4.60,0.20,17.60
S121,1487021347,21.00,7.00,20.90,4.50,0.20,17.60
S121,1487021646,21.00,7.20,20.80,4.70,0.20,17.60
S121,1487021945,20.90,6.90,20.60,4.70,0.20,17.50
S121,1487022244,20.90,7.30,20.60,4.70,0.20,17.60
S121,1487022543,20.80,6.80,20.40,4.70,0.20,17.50
S121,1487022842,20.80,6.70,20.30,4.70,0.20,17.60
S121,1487023141,20.70,6.50,20.10,4.70,0.20,17.60
S121,1487023440,20.60,6.50,20.00,4.70,0.20,17.60
S121,1487023739,20.60,6.80,20.00,4.80,0.20,17.50
S121,1487024038,20.50,6.50,19.90,4.80,0.20,17.50
S121,1487024337,20.40,6.80,19.80,4.90,0.20,17.50
S121,1487024636,20.40,7.00,19.80,4.90,0.20,17.50
S121,1487024935,20.30,6.80,19.70,5.00,0.20,17.50
S121,1487025234,20.20,7.00,19.70,5.10,0.20,17.60
S121,1487025533,20.20,7.10,19.60,5.30,0.20,17.50
S121,1487025832,20.10,7.10,19.50,5.40,0.20,17.60
S121,1487026131,20.10,7.20,19.50,5.50,0.20,17.50
S121,1487026430,20.00,7.30,19.40,5.60,0.20,17.50
S121,1487026730,20.00,7.40,19.40,5.70,0.20,17.50
S121,1487027029,19.90,7.60,19.40,5.80,0.20,17.50
S121,1487027328,19.90,7.60,19.30,5.90,0.20,17.50
S121,1487027627,19.80,7.70,19.30,6.00,0.20,17.60
S121,1487027926,19.70,7.60,19.20,6.00,0.20,17.60
S121,1487028225,19.70,7.80,19.20,6.20,0.20,17.50
S121,1487028524,19.70,7.80,19.20,6.30,0.20,17.50
S121,1487028823,19.60,7.90,19.10,6.40,0.20,17.50
S121,1487029122,19.60,8.00,19.10,6.40,0.20,17.50
S121,1487029421,19.50,8.00,19.00,6.30,0.20,17.60
S121,1487029720,19.50,8.10,19.00,6.30,0.20,17.50
S121,1487030019,19.50,8.00,19.00,6.30,0.20,17.50
S121,1487030318,19.40,7.80,19.00,6.30,0.20,17.50
S121,1487030617,19.40,7.90,19.00,6.30,0.20,17.50
S121,1487030916,19.30,8.10,19.00,6.30,0.20,17.50
S121,1487031215,19.30,8.10,19.00,6.30,0.20,17.50
S121,1487031514,19.30,8.20,19.00,6.30,0.20,17.50
S121,1487031813,19.30,8.30,19.00,6.30,0.20,17.60
S121,1487032112,19.30,8.10,19.00,6.30,0.20,17.50
S121,1487032411,19.20,8.00,19.00,6.30,0.20,17.60
S121,1487032710,19.20,8.20,18.90,6.20,0.20,17.50
S121,1487033009,19.20,8.20,18.90,6.20,0.20,17.50
S121,1487033308,19.20,8.20,18.90,6.20,0.20,17.60
S121,1487033607,19.10,8.20,18.80,6.20,0.20,17.50
S121,1487033906,19.10,8.10,18.80,6.20,0.20,17.60
S121,1487034205,19.10,8.30,18.70,6.10,0.20,17.50
S121,1487034504,19.10,8.30,18.70,6.10,0.20,17.50
S121,1487034803,19.00,8.20,18.60,6.00,0.20,17.50
S121,1487035102,19.00,8.40,18.60,6.00,0.20,17.50
S121,1487035401,19.00,8.50,18.60,6.00,0.20,17.50
S121,1487035700,18.90,8.40,18.50,6.00,0.20,17.50
S121,1487035999,18.90,8.50,18.50,6.20,0.20,17.50
S121,1487036298,18.80,8.50,18.50,6.20,0.20,17.50
S121,1487036597,18.80,8.40,18.40,6.10,0.20,17.50
S121,1487036896,18.80,8.70,18.40,6.30,0.20,17.50
S121,1487037195,18.70,8.40,18.40,6.30,0.20,17.50
S121,1487037494,18.70,8.50,18.40,6.40,0.20,17.50
S121,1487037793,18.70,8.40,18.40,6.40,0.20,17.50
S121,1487038092,18.70,8.60,18.40,6.50,0.20,17.50
S121,1487038391,18.60,8.40,18.30,6.40,0.20,17.50
S121,1487038690,18.60,8.50,18.30,6.40,0.20,17.50
S121,1487038989,18.60,8.70,18.30,6.50,0.20,17.50
S121,1487039288,18.60,8.70,18.30,6.60,0.20,17.50
S121,1487039587,18.50,8.60,18.20,6.50,0.20,17.50
S121,1487039886,18.50,8.60,18.20,6.60,0.20,17.50
S121,1487040185,18.40,8.60,18.20,6.70,0.20,17.50
S121,1487040484,18.40,8.60,18.20,6.70,0.20,17.50
S121,1487040783,18.40,8.60,18.20,7.20,0.20,17.50
S121,1487041082,18.40,9.00,18.10,6.70,0.20,17.50
S121,1487041381,18.40,8.60,18.10,6.70,0.20,17.50
S121,1487041680,18.40,8.80,18.10,6.80,0.20,17.50
S121,1487041979,18.30,8.60,18.10,6.80,0.20,17.50
S121,1487042278,18.30,8.90,18.10,6.90,0.20,17.50
S121,1487042577,18.30,9.00,18.10,6.90,0.20,17.50
S121,1487042876,18.30,8.90,18.10,6.90,0.20,17.50
S121,1487043175,18.30,9.10,18.00,6.90,0.20,17.50
S121,1487043474,18.20,8.90,18.00,7.00,0.20,17.50
S121,1487043773,18.20,9.10,18.00,7.00,0.20,17.50
S121,1487044072,18.20,9.00,18.00,7.00,0.20,17.50
S121,1487044371,18.20,9.10,18.00,7.00,0.20,17.50
S121,1487044670,18.20,9.20,17.90,7.00,0.20,17.50
S121,1487044969,18.20,9.20,17.90,7.00,0.20,17.50
S121,1487045268,18.10,9.00,17.90,7.10,0.20,17.50
S121,1487045567,18.10,9.10,17.90,7.20,0.20,17.50
S121,1487045866,18.10,9.20,17.90,7.20,0.20,17.50
S121,1487046165,18.10,9.40,17.90,7.20,0.20,17.50
S121,1487046464,18.10,9.30,17.90,7.30,0.20,17.50
S121,1487046763,18.10,9.20,17.90,7.30,0.20,17.50
S121,1487047062,18.10,9.30,17.90,7.30,0.20,17.50
S121,1487047361,18.00,9.30,17.90,7.30,0.20,17.50
S121,1487047660,18.00,9.40,17.80,7.30,0.20,17.50
S121,1487047959,18.00,9.40,17.80,7.30,0.20,17.50
S121,1487048258,18.00,9.30,17.80,7.30,0.20,17.50
S121,1487048557,18.00,9.40,17.80,7.30,0.20,17.50
S121,1487048856,18.00,9.50,17.80,7.30,0.20,17.50
S121,1487049155,17.90,9.30,17.80,7.30,0.20,17.50
S121,1487049454,17.90,9.50,17.80,7.30,0.20,17.50
S121,1487049753,17.90,9.60,17.90,7.30,0.20,17.50
S121,1487050052,17.90,9.70,18.00,7.50,0.20,17.50
S121,1487050351,17.90,9.70,18.10,7.90,0.20,17.50
S121,1487050650,18.00,9.90,18.20,7.50,0.20,17.50
S121,1487050949,18.00,9.90,18.30,7.50,0.20,17.50
S121,1487051248,18.00,10.00,18.30,7.40,0.20,17.50
S121,1487051547,18.10,10.00,18.40,7.50,0.20,17.50
S121,1487051846,18.10,10.10,18.50,7.50,0.20,17.50
S121,1487052145,18.10,10.10,18.50,7.50,0.20,17.50
S121,1487052444,18.20,10.20,18.60,7.50,0.20,17.50
S121,1487052743,18.20,10.20,18.60,7.40,0.20,17.50
S121,1487053042,18.20,10.20,18.70,7.60,0.20,17.50
S121,1487053341,18.30,10.20,18.70,7.60,0.20,17.50
S121,1487053640,18.30,10.20,18.70,7.60,0.20,17.60
S121,1487053939,18.30,10.30,18.80,7.60,0.20,17.50
S121,1487054238,18.40,10.30,18.80,7.60,0.20,17.50
S121,1487054537,18.40,10.30,18.90,7.60,0.20,17.50
S121,1487054836,18.40,10.30,18.90,7.60,0.20,17.50
S121,1487055135,18.50,10.40,19.00,7.60,0.20,17.50
S121,1487055434,18.50,10.30,19.00,7.60,0.20,17.50
S121,1487055733,18.60,10.40,19.00,7.60,0.20,17.50
S121,1487056032,18.60,10.40,19.10,7.60,0.20,17.50
S121,1487056331,18.60,10.40,19.10,7.60,0.20,17.50
S121,1487056630,18.70,10.40,19.10,7.60,0.20,17.50
S121,1487056929,18.70,10.40,19.20,7.60,0.20,17.50
S121,1487057228,18.70,10.40,19.20,7.70,0.20,17.50
S121,1487057527,18.80,10.50,19.30,7.70,0.20,17.50
S121,1487057826,18.80,10.40,19.20,7.60,0.20,17.50
S121,1487058125,18.80,10.40,19.30,7.60,0.20,17.50
S121,1487058424,18.90,10.50,19.40,7.70,0.20,17.50
S121,1487058723,18.90,10.50,19.30,7.60,0.20,17.50
S121,1487059022,18.90,10.40,19.40,7.70,0.20,17.50
S121,1487059321,19.00,10.50,19.40,7.70,0.20,17.50
S121,1487059620,19.00,10.50,19.50,7.70,0.20,17.60
S121,1487059919,19.00,10.50,19.50,7.60,0.20,17.50
S121,1487060218,19.00,10.40,19.50,7.50,0.20,17.60
S121,1487060517,19.10,10.50,19.60,7.70,0.20,17.50
S121,1487060816,19.10,11.00,19.60,7.50,0.20,17.60
S121,1487061115,19.10,10.50,19.60,7.60,0.20,17.50
S121,1487061414,19.20,10.60,19.70,7.60,0.20,17.60
S121,1487061713,19.20,10.50,19.70,7.70,0.20,17.50
S121,1487062012,19.20,10.50,19.70,7.50,0.20,17.60
S121,1487062311,19.30,10.50,19.80,7.70,0.20,17.60
S121,1487062610,19.30,10.60,19.80,7.60,0.20,17.50
S121,1487062909,19.40,10.60,19.90,7.40,0.20,17.50
S121,1487063208,19.40,10.60,20.00,7.60,0.20,17.50
S121,1487063507,19.40,10.60,20.00,7.10,0.20,17.60
S121,1487063806,19.50,10.50,20.10,7.10,0.20,17.50
S121,1487064105,19.50,10.50,20.20,7.20,0.20,17.50
S121,1487064404,19.60,10.50,20.20,7.20,0.20,17.50
S121,1487064703,19.60,10.40,20.30,7.30,0.20,17.60
S121,1487065003,19.70,10.40,20.30,7.30,0.20,17.60
S121,1487065302,19.70,10.20,20.30,7.30,0.20,17.50
S121,1487065601,19.80,10.40,20.30,7.30,0.20,17.60
S121,1487065900,19.80,10.30,20.40,7.30,0.20,17.50
S121,1487066199,19.80,10.20,20.30,7.30,0.20,17.50
S121,1487066498,19.90,10.20,20.30,7.30,0.20,17.50
S121,1487066797,19.90,10.20,20.40,7.30,0.20,17.50
S121,1487067096,19.90,10.10,20.40,7.30,0.20,17.50
S121,1487067395,19.90,10.00,20.40,7.10,0.20,17.60
S121,1487067694,20.00,9.90,20.50,7.40,0.20,17.50
S121,1487067993,20.00,9.90,20.60,7.10,0.20,17.50
S121,1487068292,20.10,9.90,20.60,6.80,0.20,17.60
S121,1487068591,20.10,9.80,20.60,6.60,0.20,17.50
S121,1487068890,20.10,9.80,20.60,6.70,0.20,17.60
S121,1487069189,20.10,9.70,20.60,7.00,0.20,17.60
S121,1487069488,20.20,9.80,20.60,6.60,0.20,17.50
S121,1487069787,20.20,9.70,20.60,6.70,0.20,17.60
S121,1487070086,20.20,9.50,20.60,6.70,0.20,17.60
S121,1487070385,20.20,9.60,20.60,6.80,0.20,17.60
S121,1487070684,20.20,9.70,20.60,6.90,0.20,17.60
S121,1487070983,20.30,9.80,20.50,6.80,0.20,17.50
S121,1487071282,20.20,9.70,20.50,6.70,0.20,17.60
S121,1487071581,20.30,9.70,20.50,6.70,0.20,17.60
S121,1487071880,20.30,9.70,20.50,6.80,0.20,17.50
S121,1487072179,20.30,9.70,20.50,6.60,0.20,17.50
S121,1487072478,20.30,9.60,20.50,6.70,0.20,17.60
S121,1487072777,20.30,9.60,20.50,6.50,0.20,17.60
S121,1487073076,20.30,9.60,20.60,6.60,0.20,17.60
S121,1487073375,20.30,9.40,20.60,6.50,0.20,17.50
S121,1487073674,20.30,9.40,20.60,6.20,0.20,17.60
S121,1487073973,20.30,9.40,20.60,6.20,0.20,17.60
S121,1487074272,20.30,9.40,20.60,6.40,0.20,17.60
S121,1487074571,20.30,9.40,20.60,6.30,0.20,17.60
S121,1487074870,20.30,9.30,20.60,6.30,0.20,17.60
S121,1487075169,20.30,9.20,20.60,6.30,0.20,17.60
S121,1487075468,20.30,9.30,20.60,6.30,0.20,17.50
S121,1487075767,20.30,9.30,20.60,6.20,0.20,17.50
S121,1487076066,20.30,9.10,20.60,6.10,0.20,17.50
S121,1487076365,20.30,9.10,20.60,6.00,0.20,17.50
S121,1487076664,20.30,9.00,20.60,6.10,0.20,17.60
S121,1487076963,20.30,8.90,20.70,6.20,0.20,17.50
S121,1487077262,20.30,9.10,20.70,6.10,0.20,17.60
S121,1487077561,20.40,9.00,20.70,6.10,0.20,17.50
S121,1487077860,20.40,9.20,20.80,6.20,0.20,17.60
S121,1487078159,20.40,9.20,20.80,6.00,0.20,17.60
S121,1487078458,20.40,9.20,20.90,6.20,0.20,17.50
S121,1487078757,20.50,9.20,20.90,5.80,0.20,17.60
S121,1487079056,20.50,9.10,20.90,6.10,0.20,17.60
S121,1487079355,20.50,9.20,21.00,6.30,0.20,17.60
S121,1487079654,20.50,9.20,21.00,6.10,0.20,17.60
S121,1487079953,20.50,8.90,21.00,6.10,0.20,17.60
S121,1487080252,20.60,8.50,21.00,5.70,0.20,17.60
S121,1487080551,20.60,8.50,21.00,5.50,0.20,17.60
S121,1487080850,20.70,8.30,21.00,5.50,0.20,17.60
S121,1487081149,20.70,8.10,21.10,5.40,0.20,17.50
S121,1487081448,20.70,7.90,21.10,5.40,0.20,17.60
S121,1487081747,20.70,8.10,21.10,5.60,0.20,17.60
S121,1487082046,20.70,8.20,21.10,5.30,0.20,17.50
S121,1487082345,20.70,8.40,21.10,5.30,0.20,17.60
S121,1487082644,20.70,8.40,21.20,5.20,0.20,17.60
S121,1487082943,20.70,8.30,21.20,5.30,0.20,17.60
S121,1487083242,20.80,8.30,21.20,5.20,0.20,17.60
S121,1487083541,20.70,8.10,21.20,5.30,0.20,17.60
S121,1487083840,20.70,8.20,21.20,5.10,0.20,17.60
S121,1487084139,20.80,8.10,21.20,5.00,0.20,17.60
S121,1487084438,20.80,7.60,21.20,5.10,0.20,17.50
S121,1487084737,20.80,7.90,21.20,5.30,0.20,17.60
S121,1487085036,20.80,7.80,21.20,5.00,0.20,17.60
S121,1487085335,20.80,8.10,21.20,5.00,0.20,17.50
S121,1487085634,20.80,8.00,21.30,5.00,0.20,17.60
S121,1487085933,20.80,7.90,21.30,5.10,0.20,17.50
S121,1487086232,20.80,8.00,21.30,5.10,0.20,17.50
S121,1487086531,20.80,7.90,21.40,5.00,0.20,17.60
S121,1487086830,20.80,7.70,21.40,5.20,0.20,17.60
S121,1487087129,20.90,7.90,21.30,4.90,0.20,17.60
S121,1487087428,20.90,7.80,21.30,5.00,0.20,17.50
S121,1487087727,20.80,7.80,21.20,5.00,0.20,17.50
S121,1487088026,20.80,7.90,21.30,5.00,0.20,17.60
S121,1487088325,20.90,7.80,21.30,5.20,0.20,17.60
S121,1487088624,20.90,7.90,21.30,4.90,0.20,17.60
S121,1487088923,20.80,7.40,21.30,5.20,0.20,17.60
S121,1487089222,20.90,7.80,21.30,5.00,0.20,17.50
S121,1487089521,20.80,7.70,21.30,5.20,0.20,17.60
S121,1487089820,20.90,8.00,21.30,5.00,0.20,17.50
S121,1487090119,20.80,7.80,21.30,4.90,0.20,17.50
S121,1487090418,20.80,7.80,21.40,5.10,0.20,17.60
S121,1487090717,20.90,7.40,21.40,5.10,0.20,17.50
S121,1487091016,20.90,7.80,21.40,4.90,0.20,17.50
S121,1487091315,20.90,7.60,21.40,5.00,0.20,17.50
S121,1487091614,20.90,7.50,21.30,4.90,0.20,17.50
S121,1487091913,20.90,7.50,21.40,4.80,0.20,17.50
S121,1487092212,20.80,7.40,21.40,4.40,0.20,17.60
S121,1487092511,20.90,7.30,21.40,4.80,0.20,17.50
S121,1487092810,20.90,7.60,21.40,4.60,0.20,17.50
S121,1487093109,20.90,7.60,21.30,4.70,0.20,17.50
S121,1487093408,20.90,7.20,21.30,4.70,0.20,17.60
S121,1487093707,20.90,7.20,21.20,4.50,0.20,17.50
S121,1487094006,20.90,7.30,21.20,4.60,0.20,17.50
S121,1487094305,20.80,7.40,21.20,4.50,0.20,17.60
S121,1487094604,20.90,7.40,21.20,4.70,0.20,17.60
S121,1487094903,20.80,7.30,21.20,4.50,0.20,17.60
S121,1487095202,20.90,7.50,21.20,4.60,0.20,17.50
S121,1487095501,20.80,7.50,21.20,4.50,0.20,17.50
S121,1487095800,20.80,7.40,21.20,4.30,0.20,17.60
S121,1487096099,20.80,7.50,21.20,4.50,0.20,17.60
S121,1487096398,20.80,7.40,21.20,4.40,0.20,17.50
S121,1487096697,20.90,7.50,21.20,4.40,0.20,17.60
S121,1487096996,20.80,7.30,21.20,4.30,0.20,17.50
S121,1487097295,20.80,7.50,21.30,4.60,0.20,17.60
S121,1487097594,20.80,7.00,21.20,4.20,0.20,17.60
S121,1487097893,20.90,7.10,21.20,3.90,0.20,17.60
S121,1487098192,20.80,6.90,21.20,4.00,0.20,17.60
S121,1487098491,20.80,7.00,21.20,4.20,0.20,17.60
S121,1487098790,20.80,6.80,21.20,4.10,0.20,17.60
S121,1487099089,20.80,6.70,21.20,3.80,0.20,17.60
S121,1487099388,20.90,6.70,21.20,4.50,0.20,17.60
S121,1487099687,20.90,7.20,21.20,4.10,0.20,17.60
S121,1487099986,20.90,7.20,21.20,3.80,0.20,17.60
S121,1487100285,20.80,6.80,21.10,3.20,0.20,17.50
S121,1487100584,20.80,6.60,21.20,3.30,0.20,17.60
S121,1487100883,20.80,6.90,21.10,3.80,0.20,17.60
S121,1487101182,20.80,7.00,21.10,3.90,0.20,17.60
S121,1487101481,20.80,7.20,21.10,3.60,0.20,17.50
S121,1487101780,20.80,7.10,21.10,4.10,0.20,17.60
S121,1487102079,20.80,7.00,21.10,4.10,0.20,17.60
S121,1487102378,20.80,7.20,21.10,4.20,0.20,17.60
S121,1487102677,20.80,6.90,21.00,4.10,0.20,17.60
S121,1487102976,20.80,6.80,20.90,4.10,0.20,17.60
S121,1487103276,20.80,7.10,20.90,4.10,0.20,17.60
S121,1487103575,20.80,7.20,20.80,4.10,0.20,17.60
S121,1487103874,20.70,7.10,20.80,4.10,0.20,17.60
S121,1487104173,20.70,7.10,20.80,4.20,0.20,17.60
S121,1487104472,20.70,7.10,20.70,4.10,0.20,17.50
S121,1487104771,20.70,7.10,20.70,4.10,0.20,17.60
S121,1487105070,20.60,7.00,20.70,4.10,0.20,17.50
S121,1487105369,20.60,7.20,20.70,4.10,0.20,17.50
S121,1487105668,20.60,7.00,20.60,4.10,0.20,17.50
S121,1487105967,20.60,7.10,20.60,4.00,0.20,17.50
S121,1487106266,20.50,7.00,20.60,4.10,0.20,17.60
S121,1487106565,20.50,7.00,20.60,4.00,0.20,17.50
S121,1487106864,20.50,7.20,20.50,3.80,0.20,17.60
S121,1487107163,20.50,6.70,20.40,3.90,0.20,17.60
S121,1487107462,20.40,6.70,20.20,3.90,0.20,17.50
S121,1487107761,20.40,6.40,20.10,3.80,0.20,17.50
S121,1487108060,20.30,6.30,20.00,3.90,0.20,17.50
S121,1487108359,20.30,6.40,19.90,3.80,0.20,17.60
S121,1487108658,20.20,6.00,19.80,3.80,0.20,17.60
S121,1487108957,20.20,6.30,19.70,3.70,0.20,17.60
S121,1487109256,20.10,6.30,19.60,3.70,0.20,17.60
S121,1487109555,20.10,6.20,19.60,3.80,0.20,17.50
S121,1487109854,20.00,6.20,19.50,3.80,0.20,17.50
S121,1487110153,19.90,6.00,19.40,3.80,0.20,17.50
S121,1487110452,19.90,6.30,19.40,4.00,0.20,17.50
S121,1487110751,19.80,6.10,19.40,4.00,0.20,17.50
S121,1487111050,19.80,6.20,19.30,4.00,0.20,17.50
S121,1487111349,19.70,6.20,19.30,4.10,0.20,17.50
S121,1487111648,19.70,6.30,19.20,4.10,0.20,17.50
S121,1487111947,19.60,6.10,19.20,4.20,0.20,17.50
S121,1487112246,19.60,6.20,19.10,4.20,0.20,17.50
S121,1487112545,19.50,6.20,19.10,4.30,0.20,17.50
S121,1487112844,19.50,6.50,19.10,4.50,0.20,17.60
S121,1487113143,19.40,6.60,19.10,4.50,0.20,17.50
S121,1487113442,19.40,6.50,19.10,4.50,0.20,17.50
S121,1487113741,19.40,6.30,19.10,4.40,0.20,17.60
S121,1487114040,19.40,6.10,19.10,4.30,0.20,17.50
S121,1487114339,19.40,6.40,19.10,4.30,0.20,17.50
S121,1487114638,19.30,6.40,19.10,4.30,0.20,17.50
S121,1487114937,19.30,6.40,19.10,4.30,0.20,17.50
S121,1487115236,19.30,6.60,19.10,4.90,0.20,17.50
S121,1487115535,19.30,7.30,19.10,5.40,0.20,17.50
S121,1487115834,19.20,7.20,19.10,5.00,0.20,17.50
S121,1487116133,19.20,6.80,19.00,4.70,0.20,17.50
S121,1487116432,19.20,6.80,19.00,4.50,0.20,17.50
S121,1487116731,19.20,6.50,19.00,4.20,0.20,17.50
S121,1487117030,19.20,6.30,19.00,4.10,0.20,17.50
S121,1487117329,19.10,5.90,18.90,3.90,0.20,17.50
S121,1487117628,19.10,5.80,18.90,3.70,0.20,17.50
S121,1487117927,19.10,6.00,18.90,3.80,0.20,17.50
S121,1487118226,19.10,6.00,18.80,3.70,0.20,17.50
S121,1487118525,19.10,6.10,18.70,3.60,0.20,17.50
S121,1487118824,19.00,5.50,18.70,3.60,0.20,17.50
S121,1487119123,19.00,5.80,18.60,3.60,0.20,17.50
S121,1487119422,18.90,5.50,18.60,3.50,0.20,17.50
S121,1487119721,18.90,5.50,18.50,3.50,0.20,17.50
S121,1487120020,18.90,5.70,18.50,3.50,0.20,17.50
S121,1487120319,18.80,5.20,18.50,3.50,0.20,17.50
S121,1487120618,18.80,5.60,18.40,3.40,0.20,17.50
S121,1487120917,18.80,5.50,18.40,3.50,0.20,17.50
S121,1487121216,18.70,5.30,18.40,3.60,0.20,17.50
S121,1487121515,18.70,5.60,18.40,3.60,0.20,17.50
S121,1487121814,18.70,5.40,18.30,3.50,0.20,17.50
S121,1487122113,18.60,5.60,18.20,3.50,0.20,17.50
S121,1487122412,18.60,5.30,18.20,3.50,0.20,17.50
S121,1487122711,18.50,5.60,18.20,3.60,0.20,17.50
S121,1487123010,18.50,5.70,18.20,3.60,0.20,17.50
S121,1487123309,18.50,5.50,18.20,3.60,0.20,17.50
S121,1487123608,18.50,5.60,18.10,3.70,0.20,17.50
S121,1487123907,18.40,5.80,18.10,3.70,0.20,17.50
S121,1487124206,18.40,5.60,18.10,3.80,0.20,17.50
S121,1487124505,18.40,5.80,18.00,3.80,0.20,17.50
S121,1487124804,18.30,5.60,18.00,3.90,0.20,17.50
S121,1487125103,18.30,6.00,18.00,3.80,0.20,17.50
S121,1487125402,18.30,5.80,18.00,3.80,0.20,17.50
S121,1487125701,18.20,5.80,18.00,3.90,0.20,17.50
S121,1487126000,18.20,5.70,17.90,3.70,0.20,17.50
S121,1487126299,18.20,5.80,17.90,3.80,0.20,17.50
S121,1487126598,18.20,5.80,17.90,3.80,0.20,17.50
S121,1487126897,18.10,5.70,17.90,3.80,0.20,17.50
S121,1487127196,18.10,5.90,17.90,3.70,0.20,17.50
S121,1487127495,18.10,5.70,17.90,3.70,0.20,17.50
S121,1487127794,18.10,5.60,17.80,3.60,0.20,17.50
S121,1487128093,18.10,5.60,17.80,3.60,0.20,17.50
S121,1487128392,18.00,5.50,17.80,3.60,0.20,17.50
S121,1487128691,18.00,5.60,17.80,3.70,0.20,17.50
S121,1487128990,18.00,5.60,17.70,3.60,0.20,17.50
S121,1487129289,18.00,5.50,17.70,3.70,0.20,17.50
S121,1487129588,18.00,5.70,17.70,3.60,0.20,17.50
S121,1487129887,17.90,5.60,17.70,3.60,0.20,17.50
S121,1487130186,17.90,5.30,17.60,3.60,0.20,17.50
S121,1487130485,17.90,5.80,17.60,3.70,0.20,17.50
S121,1487130784,17.90,6.20,17.60,3.80,0.20,17.50
S121,1487131083,17.80,5.80,17.60,3.80,0.20,17.50
S121,1487131382,17.80,5.90,17.60,3.90,0.20,17.50
S121,1487131681,17.80,5.90,17.60,4.00,0.20,17.50
S121,1487131980,17.80,5.90,17.60,4.10,0.20,17.50
S121,1487132279,17.80,6.10,17.50,4.10,0.20,17.50
S121,1487132578,17.80,6.10,17.50,4.10,0.20,17.50
S121,1487132877,17.70,6.10,17.50,4.20,0.20,17.50
S121,1487133176,17.70,6.20,17.50,4.20,0.20,17.50
S121,1487133475,17.70,6.30,17.50,4.30,0.20,17.50
S121,1487133774,17.70,6.50,17.50,4.30,0.20,17.50
S121,1487134073,17.70,6.50,17.60,4.30,0.20,17.50
S121,1487134372,17.70,6.60,17.60,4.20,0.20,17.50
S121,1487134671,17.70,6.60,17.60,4.20,0.20,17.50
S121,1487134970,17.70,6.50,17.60,4.20,0.20,17.50
S121,1487135269,17.70,6.40,17.60,4.20,0.20,17.50
S121,1487135568,17.70,6.70,17.70,4.30,0.20,17.50
S121,1487135867,17.70,6.80,17.80,4.40,0.20,17.50
S121,1487136166,17.70,6.90,17.90,4.50,0.20,17.50
S121,1487136465,17.70,7.00,18.00,4.60,0.20,17.50
S121,1487136764,17.70,7.00,18.10,4.70,0.20,17.50
S121,1487137063,17.80,7.20,18.10,4.70,0.20,17.50
S121,1487137362,17.80,7.20,18.20,4.70,0.20,17.50
S121,1487137661,17.80,7.30,18.20,4.70,0.20,17.50
S121,1487137960,17.90,7.40,18.30,4.80,0.20,17.50
S121,1487138259,17.90,7.40,18.30,4.70,0.20,17.50
S121,1487138558,17.90,7.40,18.40,4.70,0.20,17.50
S121,1487138857,18.00,7.50,18.40,4.60,0.20,17.50
S121,1487139156,18.00,7.40,18.40,4.60,0.20,17.50
S121,1487139455,18.10,7.50,18.50,4.70,0.20,17.50
S121,1487139754,18.10,7.50,18.50,4.60,0.20,17.50
S121,1487140053,18.10,7.40,18.50,4.50,0.20,17.50
S121,1487140352,18.10,7.40,18.60,4.50,0.20,17.50
S121,1487140651,18.20,7.40,18.60,4.40,0.20,17.50
S121,1487140950,18.20,7.30,18.60,4.40,0.20,17.50
S121,1487141249,18.20,7.30,18.70,4.40,0.20,17.50
S121,1487141549,18.30,7.40,18.70,4.30,0.20,17.50
S121,1487141848,18.30,7.40,18.80,4.30,0.20,17.50
S121,1487142147,18.30,7.40,18.80,4.30,0.20,17.50
S121,1487142446,18.30,7.40,18.80,4.30,0.20,17.50
S121,1487142745,18.40,7.40,18.80,4.30,0.20,17.50
S121,1487143044,18.40,7.40,18.90,4.30,0.20,17.50
S121,1487143343,18.40,7.40,18.90,4.20,0.20,17.50
S121,1487143642,18.40,7.40,18.90,4.20,0.20,17.50
S121,1487143941,18.50,7.50,18.90,4.20,0.20,17.50
S121,1487144240,18.50,7.30,19.00,4.20,0.20,17.50
S121,1487144539,18.50,7.30,19.00,4.10,0.20,17.50
S121,1487144838,18.60,7.30,19.00,4.00,0.20,17.50
S121,1487145137,18.60,7.20,19.10,4.00,0.20,17.50
S121,1487145436,18.60,7.10,19.10,3.90,0.20,17.50
S121,1487145735,18.70,7.00,19.10,3.80,0.20,17.50
S121,1487146034,18.70,6.90,19.20,3.90,0.20,17.50
S121,1487146333,18.70,6.90,19.20,3.80,0.20,17.50
S121,1487146632,18.80,6.80,19.20,3.50,0.20,17.50
S121,1487146931,18.80,6.90,19.20,3.50,0.20,17.50
S121,1487147230,18.80,6.70,19.20,3.50,0.20,17.50
S121,1487147529,18.80,6.60,19.20,3.50,0.20,17.50
S121,1487147828,18.80,6.40,19.10,3.60,0.20,17.50
S121,1487148127,18.90,6.50,19.10,3.60,0.20,17.50
S121,1487148426,18.90,6.40,19.10,3.60,0.20,17.50
S121,1487148725,18.90,6.20,19.10,3.60,0.20,17.50
S121,1487149024,18.90,6.40,19.00,3.90,0.20,17.50
S121,1487149323,18.90,6.30,19.00,4.00,0.20,17.50
S121,1487149622,18.90,6.30,19.00,4.20,0.20,17.50
S121,1487149921,18.90,6.50,19.00,4.10,0.20,17.50
S121,1487150220,18.90,6.30,19.00,4.20,0.20,17.50
S121,1487150519,18.90,6.00,18.90,3.90,0.20,17.50
S121,1487150818,18.90,6.20,18.90,4.00,0.20,17.50
S121,1487151117,18.90,6.30,18.90,4.50,0.20,17.50
S121,1487151416,18.90,6.60,19.00,4.30,0.20,17.50
S121,1487151715,18.90,6.70,19.10,4.40,0.20,17.50
S121,1487152014,18.90,6.60,19.20,4.00,0.20,17.50
S121,1487152313,18.90,6.70,19.30,4.20,0.20,17.50
S121,1487152612,18.90,6.90,19.40,4.20,0.20,17.50
S121,1487152911,19.00,7.10,19.50,4.10,0.20,17.50
S121,1487153210,19.00,7.00,19.60,4.50,0.20,17.50
S121,1487153509,19.00,7.30,19.70,4.40,0.20,17.50
S121,1487153808,19.10,7.10,19.80,4.10,0.20,17.50
S121,1487154107,19.10,6.90,19.90,4.10,0.20,17.50
S121,1487154406,19.20,6.80,19.90,3.90,0.20,17.50
S121,1487154705,19.20,6.50,19.90,4.20,0.20,17.60
S121,1487155004,19.30,6.70,19.90,3.70,0.20,17.50
S121,1487155303,19.30,6.80,19.90,4.10,0.20,17.50
S121,1487155602,19.30,6.80,19.90,3.60,0.20,17.50
S121,1487155901,19.40,6.90,20.00,3.70,0.20,17.50
S121,1487156200,19.40,6.80,20.00,3.40,0.20,17.50
S121,1487156499,19.40,6.40,20.00,3.50,0.20,17.50
S121,1487156798,19.40,6.40,20.00,3.40,0.20,17.50
S121,1487157097,19.50,6.50,20.00,3.20,0.20,17.50
S121,1487157396,19.50,6.40,20.10,3.30,0.20,17.50
S121,1487157695,19.60,6.50,20.10,3.10,0.20,17.60
S121,1487157994,19.60,6.20,20.20,3.30,0.20,17.50
S121,1487158293,19.60,6.30,20.10,3.00,0.20,17.60
S121,1487158592,19.60,6.00,20.20,2.70,0.20,17.50
S121,1487158891,19.70,6.10,20.20,2.80,0.20,17.50
S121,1487159190,19.70,5.80,20.30,2.70,0.20,17.50
S121,1487159489,19.70,5.90,20.30,2.70,0.20,17.50
S121,1487159788,19.80,5.90,20.30,2.70,0.20,17.50
