Device,Time,DHT1-OUT Temp,DHT1-OUT Hum,DHT2-IN Temp,DHT2-IN Hum,Soil,Infrared
S158,1486911899,0.00,0.00,0.00,0.00,0.30,17.60
S158,1486912198,0.00,0.00,0.00,0.00,0.30,17.60
S158,1486912497,0.00,0.00,0.00,0.00,0.30,17.60
S158,1486912796,0.00,0.00,0.00,0.00,0.30,17.60
S158,1486913095,0.00,0.00,0.00,0.00,0.30,17.60
S158,1486913394,0.00,0.00,0.00,0.00,0.30,17.60
S158,1486913693,0.00,0.00,0.00,0.00,0.30,17.60
S158,1486913992,0.00,0.00,0.00,0.00,0.30,17.60
S158,1486914291,0.00,0.00,0.00,0.00,0.30,17.60
S158,1486914590,0.00,0.00,0.00,0.00,0.30,17.60
S158,1486914889,0.00,0.00,0.00,0.00,0.30,17.60
S158,1486915188,0.00,0.00,0.00,0.00,0.30,17.60
S158,1486915487,0.00,0.00,0.00,0.00,0.30,17.60
S158,1486915786,0.00,0.00,0.00,0.00,0.30,17.60
S158,1486916085,0.00,0.00,0.00,0.00,0.30,17.60
S158,1486916385,0.00,0.00,0.00,0.00,0.30,17.60
S158,1486916684,0.00,0.00,0.00,0.00,0.30,17.60
S158,1486916983,0.00,0.00,0.00,0.00,0.30,17.60
S158,1486917283,0.00,0.00,0.00,0.00,0.30,17.60
S158,1486917582,0.00,0.00,0.00,0.00,0.30,17.60
S158,1486917881,0.00,0.00,0.00,0.00,0.30,17.60
S158,1486918181,0.00,0.00,0.00,0.00,0.30,17.60
S158,1486918480,0.00,0.00,0.00,0.00,0.30,17.60
S158,1486918780,0.00,0.00,0.00,0.00,0.30,17.60
S158,1486919079,0.00,0.00,0.00,0.00,0.30,17.60
S158,1486919378,0.00,0.00,0.00,0.00,0.30,17.60
S158,1486919677,0.00,0.00,0.00,0.00,0.30,17.60
S158,1486919977,0.00,0.00,0.00,0.00,0.30,17.60
S158,1486920276,0.00,0.00,0.00,0.00,0.30,17.60
S158,1486920575,0.00,0.00,0.00,0.00,0.30,17.60
S158,1486920874,0.00,0.00,0.00,0.00,0.30,17.60
S158,1486921174,0.00,0.00,0.00,0.00,0.30,17.60
S158,1486921473,0.00,0.00,0.00,0.00,0.30,17.60
S158,1486921772,0.00,0.00,0.00,0.00,0.30,17.60
S158,1486922071,0.00,0.00,0.00,0.00,0.30,17.60
S158,1486922371,0.00,0.00,0.00,0.00,0.30,17.60
S158,1486922670,0.00,0.00,0.00,0.00,0.30,17.60
S158,1486922970,0.00,0.00,0.00,0.00,0.30,17.60
S158,1486923269,0.00,0.00,0.00,0.00,0.30,17.60
S158,1486923568,0.00,0.00,0.00,0.00,0.30,17.60
S158,1486923868,0.00,0.00,0.00,0.00,0.30,17.60
S158,1486924167,0.00,0.00,0.00,0.00,0.30,17.60
S158,1486924466,0.00,0.00,0.00,0.00,0.30,17.60
S158,1486924765,0.00,0.00,0.00,0.00,0.30,17.60
S158,1486925064,0.00,0.00,0.00,0.00,0.30,17.60
S158,1486925363,0.00,0.00,0.00,0.00,0.30,17.60
S158,1486925662,0.00,0.00,0.00,0.00,0.30,17.60
S158,1486925962,0.00,0.00,0.00,0.00,0.30,17.60
S158,1486926261,0.00,0.00,0.00,0.00,0.30,17.60
S158,1486926560,0.00,0.00,0.00,0.00,0.30,17.60
S158,1486926859,0.00,0.00,0.00,0.00,0.30,17.60
S158,1486927158,0.00,0.00,0.00,0.00,0.30,17.60
S158,1486927457,0.00,0.00,0.00,0.00,0.30,17.60
S158,1486927756,0.00,0.00,0.00,0.00,0.30,17.60
S158,1486928055,0.00,0.00,0.00,0.00,0.30,17.60
S158,1486928354,0.00,0.00,0.00,0.00,0.30,17.60
S158,1486928653,0.00,0.00,0.00,0.00,0.30,17.60
S158,1486928952,0.00,0.00,0.00,0.00,0.30,17.60
S158,1486929251,0.00,0.00,0.00,0.00,0.30,17.60
S158,1486929550,0.00,0.00,0.00,0.00,0.30,17.60
S158,1486929849,0.00,0.00,0.00,0.00,0.30,17.60
S158,1486930148,0.00,0.00,0.00,0.00,0.30,17.60
S158,1486930447,0.00,0.00,0.00,0.00,0.30,17.60
S158,1486930746,0.00,0.00,0.00,0.00,0.30,17.60
S158,1486931045,0.00,0.00,0.00,0.00,0.30,17.60
S158,1486931344,0.00,0.00,0.00,0.00,0.30,17.60
S158,1486931643,0.00,0.00,0.00,0.00,0.30,17.60
S158,1486931942,0.00,0.00,0.00,0.00,0.30,17.60
S158,1486932241,0.00,0.00,0.00,0.00,0.30,17.60
S158,1486932541,0.00,0.00,0.00,0.00,0.30,17.60
S158,1486932840,0.00,0.00,0.00,0.00,0.30,17.60
S158,1486933139,0.00,0.00,0.00,0.00,0.30,17.60
S158,1486933438,0.00,0.00,0.00,0.00,0.30,17.60
S158,1486933737,0.00,0.00,0.00,0.00,0.30,17.60
S158,1486934036,0.00,0.00,0.00,0.00,0.30,17.60
S158,1486934335,0.00,0.00,0.00,0.00,0.30,17.60
S158,1486934634,0.00,0.00,0.00,0.00,0.30,17.60
S158,1486934933,0.00,0.00,0.00,0.00,0.30,17.60
S158,1486935232,0.00,0.00,0.00,0.00,0.30,17.60
S158,1486935531,0.00,0.00,0.00,0.00,0.30,17.60
S158,1486935830,0.00,0.00,0.00,0.00,0.30,17.60
S158,1486936129,0.00,0.00,0.00,0.00,0.30,17.60
S158,1486936428,0.00,0.00,0.00,0.00,0.30,17.60
S158,1486936727,0.00,0.00,0.00,0.00,0.30,17.60
S158,1486937026,0.00,0.00,0.00,0.00,0.30,17.60
S158,1486937325,0.00,0.00,0.00,0.00,0.30,17.60
S158,1486937624,0.00,0.00,0.00,0.00,0.30,17.60
S158,1486937923,0.00,0.00,0.00,0.00,0.30,17.60
S158,1486938222,0.00,0.00,0.00,0.00,0.30,17.60
S158,1486938521,0.00,0.00,0.00,0.00,0.30,17.60
S158,1486938820,0.00,0.00,0.00,0.00,0.30,17.60
S158,1486939119,0.00,0.00,0.00,0.00,0.30,17.60
S158,1486939418,0.00,0.00,0.00,0.00,0.30,17.60
S158,1486939717,0.00,0.00,0.00,0.00,0.30,17.60
S158,1486940016,0.00,0.00,0.00,0.00,0.30,17.60
S158,1486940315,0.00,0.00,0.00,0.00,0.30,17.60
S158,1486940614,0.00,0.00,0.00,0.00,0.30,17.60
S158,1486940913,0.00,0.00,0.00,0.00,0.30,17.60
S158,1486941212,0.00,0.00,0.00,0.00,0.30,17.60
S158,1486941511,0.00,0.00,0.00,0.00,0.30,17.60
S158,1486941810,0.00,0.00,0.00,0.00,0.30,17.60
S158,1486942109,0.00,0.00,0.00,0.00,0.30,17.60
S158,1486942408,0.00,0.00,0.00,0.00,0.30,17.60
S158,1486942707,0.00,0.00,0.00,0.00,0.30,17.60
S158,1486943006,0.00,0.00,0.00,0.00,0.30,17.60
S158,1486943305,0.00,0.00,0.00,0.00,0.30,17.60
S158,1486943604,0.00,0.00,0.00,0.00,0.30,17.60
S158,1486943903,0.00,0.00,0.00,0.00,0.30,17.60
S158,1486944202,0.00,0.00,0.00,0.00,0.30,17.60
S158,1486944501,0.00,0.00,0.00,0.00,0.30,17.60
S158,1486944800,0.00,0.00,0.00,0.00,0.30,17.60
S158,1486945099,0.00,0.00,0.00,0.00,0.30,17.60
S158,1486945398,0.00,0.00,0.00,0.00,0.30,17.60
S158,1486945697,0.00,0.00,0.00,0.00,0.30,17.60
S158,1486945996,0.00,0.00,0.00,0.00,0.30,17.60
S158,1486946295,0.00,0.00,0.00,0.00,0.30,17.60
S158,1486946594,0.00,0.00,0.00,0.00,0.30,17.60
S158,1486946893,0.00,0.00,0.00,0.00,0.30,17.60
S158,1486947192,0.00,0.00,0.00,0.00,0.30,17.60
S158,1486947491,0.00,0.00,0.00,0.00,0.30,17.60
S158,1486947790,0.00,0.00,0.00,0.00,0.30,17.60
S158,1486948089,0.00,0.00,0.00,0.00,0.30,17.60
S158,1486948388,0.00,0.00,0.00,0.00,0.30,17.60
S158,1486948687,0.00,0.00,0.00,0.00,0.30,17.60
S158,1486948986,0.00,0.00,0.00,0.00,0.30,17.60
S158,1486949285,0.00,0.00,0.00,0.00,0.30,17.60
S158,1486949584,0.00,0.00,0.00,0.00,0.30,17.60
S158,1486949883,0.00,0.00,0.00,0.00,0.30,17.60
S158,1486950183,0.00,0.00,0.00,0.00,0.30,17.60
S158,1486950482,0.00,0.00,0.00,0.00,0.30,17.60
S158,1486950781,0.00,0.00,0.00,0.00,0.30,17.60
S158,1486951080,0.00,0.00,0.00,0.00,0.30,17.60
S158,1486951379,0.00,0.00,0.00,0.00,0.30,17.60
S158,1486951678,0.00,0.00,0.00,0.00,0.30,17.60
S158,1486951977,0.00,0.00,0.00,0.00,0.30,17.60
S158,1486952276,0.00,0.00,0.00,0.00,0.30,17.60
S158,1486952575,0.00,0.00,0.00,0.00,0.30,17.60
S158,1486952874,0.00,0.00,0.00,0.00,0.30,17.60
S158,1486953173,0.00,0.00,0.00,0.00,0.30,17.60
S158,1486953472,0.00,0.00,0.00,0.00,0.30,17.60
S158,1486953771,0.00,0.00,0.00,0.00,0.30,17.60
S158,1486954070,0.00,0.00,0.00,0.00,0.30,17.60
S158,1486954369,0.00,0.00,0.00,0.00,0.30,17.60
S158,1486954668,0.00,0.00,0.00,0.00,0.30,17.60
S158,1486954967,0.00,0.00,0.00,0.00,0.30,17.60
S158,1486955266,0.00,0.00,0.00,0.00,0.30,17.60
S158,1486955565,0.00,0.00,0.00,0.00,0.30,17.60
S158,1486955864,0.00,0.00,0.00,0.00,0.30,17.60
S158,1486956163,0.00,0.00,0.00,0.00,0.30,17.60
S158,1486956462,0.00,0.00,0.00,0.00,0.30,17.60
S158,1486956761,0.00,0.00,0.00,0.00,0.30,17.60
S158,1486957060,0.00,0.00,0.00,0.00,0.30,17.60
S158,1486957359,0.00,0.00,0.00,0.00,0.30,17.60
S158,1486957658,0.00,0.00,0.00,0.00,0.30,17.60
S158,1486957957,0.00,0.00,0.00,0.00,0.30,17.60
S158,1486958256,0.00,0.00,0.00,0.00,0.30,17.60
S158,1486958555,0.00,0.00,0.00,0.00,0.30,17.60
S158,1486958854,0.00,0.00,0.00,0.00,0.30,17.60
S158,1486959153,0.00,0.00,0.00,0.00,0.30,17.60
S158,1486959452,0.00,0.00,0.00,0.00,0.30,17.60
S158,1486959751,0.00,0.00,0.00,0.00,0.30,17.60
S158,1486960050,0.00,0.00,0.00,0.00,0.30,17.60
S158,1486960349,0.00,0.00,0.00,0.00,0.30,17.60
S158,1486960648,0.00,0.00,0.00,0.00,0.30,17.60
S158,1486960947,0.00,0.00,0.00,0.00,0.30,17.60
S158,1486961246,0.00,0.00,0.00,0.00,0.30,17.60
S158,1486961545,0.00,0.00,0.00,0.00,0.30,17.60
S158,1486961844,0.00,0.00,0.00,0.00,0.30,17.60
S158,1486962143,0.00,0.00,0.00,0.00,0.30,17.60
S158,1486962442,0.00,0.00,0.00,0.00,0.30,17.60
S158,1486962741,0.00,0.00,0.00,0.00,0.30,17.60
S158,1486963040,0.00,0.00,0.00,0.00,0.30,17.60
S158,1486963339,0.00,0.00,0.00,0.00,0.30,17.60
S158,1486963638,0.00,0.00,0.00,0.00,0.30,17.60
S158,1486963937,0.00,0.00,0.00,0.00,0.30,17.60
S158,1486964236,0.00,0.00,0.00,0.00,0.30,17.60
S158,1486964535,0.00,0.00,0.00,0.00,0.30,17.60
S158,1486964834,0.00,0.00,0.00,0.00,0.30,17.60
S158,1486965133,0.00,0.00,0.00,0.00,0.30,17.60
S158,1486965432,0.00,0.00,0.00,0.00,0.30,17.60
Device,Time,DHT1-OUT Temp,DHT1-OUT Hum,DHT2-IN Temp,DHT2-IN Hum,Soil,Infrared
S158,1486911899,0.00,0.00,0.00,0.00,0.30,17.60
S158,1486912198,0.00,0.00,0.00,0.00,0.30,17.60
S158,1486912497,0.00,0.00,0.00,0.00,0.30,17.60
S158,1486912796,0.00,0.00,0.00,0.00,0.30,17.60
S158,1486913095,0.00,0.00,0.00,0.00,0.30,17.60
S158,1486913394,0.00,0.00,0.00,0.00,0.30,17.60
S158,1486913693,0.00,0.00,0.00,0.00,0.30,17.60
S158,1486913992,0.00,0.00,0.00,0.00,0.30,17.60
S158,1486914291,0.00,0.00,0.00,0.00,0.30,17.60
S158,1486914590,0.00,0.00,0.00,0.00,0.30,17.60
S158,1486914889,0.00,0.00,0.00,0.00,0.30,17.60
S158,1486915188,0.00,0.00,0.00,0.00,0.30,17.60
S158,1486915487,0.00,0.00,0.00,0.00,0.30,17.60
S158,1486915786,0.00,0.00,0.00,0.00,0.30,17.60
S158,1486916085,0.00,0.00,0.00,0.00,0.30,17.60
S158,1486916385,0.00,0.00,0.00,0.00,0.30,17.60
S158,1486916684,0.00,0.00,0.00,0.00,0.30,17.60
S158,1486916983,0.00,0.00,0.00,0.00,0.30,17.60
S158,1486917283,0.00,0.00,0.00,0.00,0.30,17.60
S158,1486917582,0.00,0.00,0.00,0.00,0.30,17.60
S158,1486917881,0.00,0.00,0.00,0.00,0.30,17.60
S158,1486918181,0.00,0.00,0.00,0.00,0.30,17.60
S158,1486918480,0.00,0.00,0.00,0.00,0.30,17.60
S158,1486918780,0.00,0.00,0.00,0.00,0.30,17.60
S158,1486919079,0.00,0.00,0.00,0.00,0.30,17.60
S158,1486919378,0.00,0.00,0.00,0.00,0.30,17.60
S158,1486919677,0.00,0.00,0.00,0.00,0.30,17.60
S158,1486919977,0.00,0.00,0.00,0.00,0.30,17.60
S158,1486920276,0.00,0.00,0.00,0.00,0.30,17.60
S158,1486920575,0.00,0.00,0.00,0.00,0.30,17.60
S158,1486920874,0.00,0.00,0.00,0.00,0.30,17.60
S158,1486921174,0.00,0.00,0.00,0.00,0.30,17.60
S158,1486921473,0.00,0.00,0.00,0.00,0.30,17.60
S158,1486921772,0.00,0.00,0.00,0.00,0.30,17.60
S158,1486922071,0.00,0.00,0.00,0.00,0.30,17.60
S158,1486922371,0.00,0.00,0.00,0.00,0.30,17.60
S158,1486922670,0.00,0.00,0.00,0.00,0.30,17.60
S158,1486922970,0.00,0.00,0.00,0.00,0.30,17.60
S158,1486923269,0.00,0.00,0.00,0.00,0.30,17.60
S158,1486923568,0.00,0.00,0.00,0.00,0.30,17.60
S158,1486923868,0.00,0.00,0.00,0.00,0.30,17.60
S158,1486924167,0.00,0.00,0.00,0.00,0.30,17.60
S158,1486924466,0.00,0.00,0.00,0.00,0.30,17.60
S158,1486924765,0.00,0.00,0.00,0.00,0.30,17.60
S158,1486925064,0.00,0.00,0.00,0.00,0.30,17.60
S158,1486925363,0.00,0.00,0.00,0.00,0.30,17.60
S158,1486925662,0.00,0.00,0.00,0.00,0.30,17.60
S158,1486925962,0.00,0.00,0.00,0.00,0.30,17.60
S158,1486926261,0.00,0.00,0.00,0.00,0.30,17.60
S158,1486926560,0.00,0.00,0.00,0.00,0.30,17.60
S158,1486926859,0.00,0.00,0.00,0.00,0.30,17.60
S158,1486927158,0.00,0.00,0.00,0.00,0.30,17.60
S158,1486927457,0.00,0.00,0.00,0.00,0.30,17.60
S158,1486927756,0.00,0.00,0.00,0.00,0.30,17.60
S158,1486928055,0.00,0.00,0.00,0.00,0.30,17.60
S158,1486928354,0.00,0.00,0.00,0.00,0.30,17.60
S158,1486928653,0.00,0.00,0.00,0.00,0.30,17.60
S158,1486928952,0.00,0.00,0.00,0.00,0.30,17.60
S158,1486929251,0.00,0.00,0.00,0.00,0.30,17.60
S158,1486929550,0.00,0.00,0.00,0.00,0.30,17.60
Device,Time,DHT1-OUT Temp,DHT1-OUT Hum,DHT2-IN Temp,DHT2-IN Hum,Soil,Infrared
S158,1486911899,0.00,0.00,0.00,0.00,0.30,17.60
S158,1486912198,0.00,0.00,0.00,0.00,0.30,17.60
S158,1486912497,0.00,0.00,0.00,0.00,0.30,17.60
S158,1486912796,0.00,0.00,0.00,0.00,0.30,17.60
S158,1486913095,0.00,0.00,0.00,0.00,0.30,17.60
S158,1486913394,0.00,0.00,0.00,0.00,0.30,17.60
S158,1486913693,0.00,0.00,0.00,0.00,0.30,17.60
S158,1486913992,0.00,0.00,0.00,0.00,0.30,17.60
S158,1486914291,0.00,0.00,0.00,0.00,0.30,17.60
S158,1486914590,0.00,0.00,0.00,0.00,0.30,17.60
S158,1486914889,0.00,0.00,0.00,0.00,0.30,17.60
S158,1486915188,0.00,0.00,0.00,0.00,0.30,17.60
S158,1486915487,0.00,0.00,0.00,0.00,0.30,17.60
S158,1486915786,0.00,0.00,0.00,0.00,0.30,17.60
S158,1486916085,0.00,0.00,0.00,0.00,0.30,17.60
S158,1486916385,0.00,0.00,0.00,0.00,0.30,17.60
S158,1486916684,0.00,0.00,0.00,0.00,0.30,17.60
S158,1486916983,0.00,0.00,0.00,0.00,0.30,17.60
S158,1486917283,0.00,0.00,0.00,0.00,0.30,17.60
S158,1486917582,0.00,0.00,0.00,0.00,0.30,17.60
S158,1486917881,0.00,0.00,0.00,0.00,0.30,17.60
S158,1486918181,0.00,0.00,0.00,0.00,0.30,17.60
S158,1486918480,0.00,0.00,0.00,0.00,0.30,17.60
S158,1486918780,0.00,0.00,0.00,0.00,0.30,17.60
S158,1486919079,0.00,0.00,0.00,0.00,0.30,17.60
S158,1486919378,0.00,0.00,0.00,0.00,0.30,17.60
S158,1486919677,0.00,0.00,0.00,0.00,0.30,17.60
S158,1486919977,0.00,0.00,0.00,0.00,0.30,17.60
S158,1486920276,0.00,0.00,0.00,0.00,0.30,17.60
S158,1486920575,0.00,0.00,0.00,0.00,0.30,17.60
S158,1486920874,0.00,0.00,0.00,0.00,0.30,17.60
S158,1486921174,0.00,0.00,0.00,0.00,0.30,17.60
S158,1486921473,0.00,0.00,0.00,0.00,0.30,17.60
S158,1486921772,0.00,0.00,0.00,0.00,0.30,17.60
S158,1486922071,0.00,0.00,0.00,0.00,0.30,17.60
S158,1486922371,0.00,0.00,0.00,0.00,0.30,17.60
S158,1486922670,0.00,0.00,0.00,0.00,0.30,17.60
S158,1486922970,0.00,0.00,0.00,0.00,0.30,17.60
S158,1486923269,0.00,0.00,0.00,0.00,0.30,17.60
S158,1486923568,0.00,0.00,0.00,0.00,0.30,17.60
S158,1486923868,0.00,0.00,0.00,0.00,0.30,17.60
S158,1486924167,0.00,0.00,0.00,0.00,0.30,17.60
S158,1486924466,0.00,0.00,0.00,0.00,0.30,17.60
S158,1486924765,0.00,0.00,0.00,0.00,0.30,17.60
S158,1486925064,0.00,0.00,0.00,0.00,0.30,17.60
S158,1486925363,0.00,0.00,0.00,0.00,0.30,17.60
S158,1486925662,0.00,0.00,0.00,0.00,0.30,17.60
S158,1486925962,0.00,0.00,0.00,0.00,0.30,17.60
S158,1486926261,0.00,0.00,0.00,0.00,0.30,17.60
S158,1486926560,0.00,0.00,0.00,0.00,0.30,17.60
S158,1486926859,0.00,0.00,0.00,0.00,0.30,17.60
S158,1486927158,0.00,0.00,0.00,0.00,0.30,17.60
S158,1486927457,0.00,0.00,0.00,0.00,0.30,17.60
S158,1486927756,0.00,0.00,0.00,0.00,0.30,17.60
S158,1486928055,0.00,0.00,0.00,0.00,0.30,17.60
S158,1486928354,0.00,0.00,0.00,0.00,0.30,17.60
S158,1486928653,0.00,0.00,0.00,0.00,0.30,17.60
S158,1486928952,0.00,0.00,0.00,0.00,0.30,17.60
S158,1486929251,0.00,0.00,0.00,0.00,0.30,17.60
S158,1486929550,0.00,0.00,0.00,0.00,0.30,17.60
S158,1486929849,0.00,0.00,0.00,0.00,0.30,17.60
S158,1486930148,0.00,0.00,0.00,0.00,0.30,17.60
S158,1486930447,0.00,0.00,0.00,0.00,0.30,17.60
S158,1486930746,0.00,0.00,0.00,0.00,0.30,17.60
S158,1486931045,0.00,0.00,0.00,0.00,0.30,17.60
S158,1486931344,0.00,0.00,0.00,0.00,0.30,17.60
S158,1486931643,0.00,0.00,0.00,0.00,0.30,17.60
S158,1486931942,0.00,0.00,0.00,0.00,0.30,17.60
S158,1486932241,0.00,0.00,0.00,0.00,0.30,17.60
S158,1486932540,0.00,0.00,0.00,0.00,0.30,17.60
S158,1486932839,0.00,0.00,0.00,0.00,0.30,17.60
S158,1486933138,0.00,0.00,0.00,0.00,0.30,17.60
S158,1486933437,0.00,0.00,0.00,0.00,0.30,17.60
S158,1486933736,0.00,0.00,0.00,0.00,0.30,17.60
S158,1486934035,0.00,0.00,0.00,0.00,0.30,17.60
S158,1486934334,0.00,0.00,0.00,0.00,0.30,17.60
S158,1486934633,0.00,0.00,0.00,0.00,0.30,17.60
S158,1486934932,0.00,0.00,0.00,0.00,0.30,17.60
S158,1486935231,0.00,0.00,0.00,0.00,0.30,17.60
S158,1486935530,0.00,0.00,0.00,0.00,0.30,17.60
S158,1486935829,0.00,0.00,0.00,0.00,0.30,17.60
S158,1486936128,0.00,0.00,0.00,0.00,0.30,17.60
S158,1486936427,0.00,0.00,0.00,0.00,0.30,17.60
S158,1486936726,0.00,0.00,0.00,0.00,0.30,17.60
S158,1486937025,0.00,0.00,0.00,0.00,0.30,17.60
S158,1486937324,0.00,0.00,0.00,0.00,0.30,17.60
S158,1486937623,0.00,0.00,0.00,0.00,0.30,17.60
S158,1486937922,0.00,0.00,0.00,0.00,0.30,17.60
S158,1486938221,0.00,0.00,0.00,0.00,0.30,17.60
S158,1486938520,0.00,0.00,0.00,0.00,0.30,17.60
S158,1486938819,0.00,0.00,0.00,0.00,0.30,17.60
S158,1486939118,0.00,0.00,0.00,0.00,0.30,17.60
S158,1486939417,0.00,0.00,0.00,0.00,0.30,17.60
S158,1486939716,0.00,0.00,0.00,0.00,0.30,17.60
S158,1486940015,0.00,0.00,0.00,0.00,0.30,17.60
S158,1486940314,0.00,0.00,0.00,0.00,0.30,17.60
S158,1486940613,0.00,0.00,0.00,0.00,0.30,17.60
S158,1486940912,0.00,0.00,0.00,0.00,0.30,17.60
S158,1486941211,0.00,0.00,0.00,0.00,0.30,17.60
S158,1486941510,0.00,0.00,0.00,0.00,0.30,17.60
S158,1486941809,0.00,0.00,0.00,0.00,0.30,17.60
S158,1486942108,0.00,0.00,0.00,0.00,0.30,17.60
S158,1486942407,0.00,0.00,0.00,0.00,0.30,17.60
S158,1486942706,0.00,0.00,0.00,0.00,0.30,17.60
S158,1486943005,0.00,0.00,0.00,0.00,0.30,17.60
S158,1486943304,0.00,0.00,0.00,0.00,0.30,17.60
S158,1486943603,0.00,0.00,0.00,0.00,0.30,17.60
S158,1486943902,0.00,0.00,0.00,0.00,0.30,17.60
S158,1486944201,0.00,0.00,0.00,0.00,0.30,17.60
S158,1486944500,0.00,0.00,0.00,0.00,0.30,17.60
S158,1486944799,0.00,0.00,0.00,0.00,0.30,17.60
S158,1486945098,0.00,0.00,0.00,0.00,0.30,17.60
S158,1486945397,0.00,0.00,0.00,0.00,0.30,17.60
S158,1486945696,0.00,0.00,0.00,0.00,0.30,17.60
S158,1486945995,0.00,0.00,0.00,0.00,0.30,17.60
S158,1486946294,0.00,0.00,0.00,0.00,0.30,17.60
S158,1486946593,0.00,0.00,0.00,0.00,0.30,17.60
S158,1486946892,0.00,0.00,0.00,0.00,0.30,17.60
S158,1486947191,0.00,0.00,0.00,0.00,0.30,17.60
S158,1486947490,0.00,0.00,0.00,0.00,0.30,17.60
S158,1486947789,0.00,0.00,0.00,0.00,0.30,17.60
S158,1486948088,0.00,0.00,0.00,0.00,0.30,17.60
S158,1486948387,0.00,0.00,0.00,0.00,0.30,17.60
S158,1486948686,0.00,0.00,0.00,0.00,0.30,17.60
S158,1486948985,0.00,0.00,0.00,0.00,0.30,17.60
S158,1486949284,0.00,0.00,0.00,0.00,0.30,17.60
S158,1486949583,0.00,0.00,0.00,0.00,0.30,17.60
S158,1486949882,0.00,0.00,0.00,0.00,0.30,17.60
S158,1486950182,0.00,0.00,0.00,0.00,0.30,17.60
S158,1486950481,0.00,0.00,0.00,0.00,0.30,17.60
S158,1486950780,0.00,0.00,0.00,0.00,0.30,17.60
S158,1486951079,0.00,0.00,0.00,0.00,0.30,17.60
S158,1486951378,0.00,0.00,0.00,0.00,0.30,17.60
S158,1486951677,0.00,0.00,0.00,0.00,0.30,17.60
S158,1486951976,0.00,0.00,0.00,0.00,0.30,17.60
S158,1486952275,0.00,0.00,0.00,0.00,0.30,17.60
S158,1486952574,0.00,0.00,0.00,0.00,0.30,17.60
S158,1486952873,0.00,0.00,0.00,0.00,0.30,17.60
S158,1486953172,0.00,0.00,0.00,0.00,0.30,17.60
S158,1486953471,0.00,0.00,0.00,0.00,0.30,17.60
S158,1486953770,0.00,0.00,0.00,0.00,0.30,17.60
S158,1486954069,0.00,0.00,0.00,0.00,0.30,17.60
S158,1486954368,0.00,0.00,0.00,0.00,0.30,17.60
S158,1486954667,0.00,0.00,0.00,0.00,0.30,17.60
S158,1486954966,0.00,0.00,0.00,0.00,0.30,17.60
S158,1486955265,0.00,0.00,0.00,0.00,0.30,17.60
S158,1486955564,0.00,0.00,0.00,0.00,0.30,17.60
S158,1486955863,0.00,0.00,0.00,0.00,0.30,17.60
S158,1486956162,0.00,0.00,0.00,0.00,0.30,17.60
S158,1486956461,0.00,0.00,0.00,0.00,0.30,17.60
S158,1486956760,0.00,0.00,0.00,0.00,0.30,17.60
S158,1486957059,0.00,0.00,0.00,0.00,0.30,17.60
S158,1486957358,0.00,0.00,0.00,0.00,0.30,17.60
S158,1486957657,0.00,0.00,0.00,0.00,0.30,17.60
S158,1486957956,0.00,0.00,0.00,0.00,0.30,17.60
S158,1486958255,0.00,0.00,0.00,0.00,0.30,17.60
S158,1486958554,0.00,0.00,0.00,0.00,0.30,17.60
S158,1486958853,0.00,0.00,0.00,0.00,0.30,17.60
S158,1486959152,0.00,0.00,0.00,0.00,0.30,17.60
S158,1486959451,0.00,0.00,0.00,0.00,0.30,17.60
S158,1486959750,0.00,0.00,0.00,0.00,0.30,17.60
S158,1486960049,0.00,0.00,0.00,0.00,0.30,17.60
S158,1486960348,0.00,0.00,0.00,0.00,0.30,17.60
S158,1486960647,0.00,0.00,0.00,0.00,0.30,17.60
S158,1486960946,0.00,0.00,0.00,0.00,0.30,17.60
S158,1486961245,0.00,0.00,0.00,0.00,0.30,17.60
S158,1486961544,0.00,0.00,0.00,0.00,0.30,17.60
S158,1486961843,0.00,0.00,0.00,0.00,0.30,17.60
S158,1486962142,0.00,0.00,0.00,0.00,0.30,17.60
S158,1486962441,0.00,0.00,0.00,0.00,0.30,17.60
S158,1486962740,0.00,0.00,0.00,0.00,0.30,17.60
S158,1486963039,0.00,0.00,0.00,0.00,0.30,17.60
S158,1486963338,0.00,0.00,0.00,0.00,0.30,17.60
S158,1486963637,0.00,0.00,0.00,0.00,0.30,17.60
S158,1486963936,0.00,0.00,0.00,0.00,0.30,17.60
S158,1486964235,0.00,0.00,0.00,0.00,0.30,17.60
S158,1486964534,0.00,0.00,0.00,0.00,0.30,17.60
S158,1486964833,0.00,0.00,0.00,0.00,0.30,17.60
S158,1486965132,0.00,0.00,0.00,0.00,0.30,17.60
S158,1486965431,0.00,0.00,0.00,0.00,0.30,17.60
S158,1486965730,0.00,0.00,0.00,0.00,0.30,17.60
S158,1486966029,0.00,0.00,0.00,0.00,0.30,17.60
S158,1486966328,0.00,0.00,0.00,0.00,0.30,17.60
S158,1486966627,0.00,0.00,0.00,0.00,0.30,17.60
S158,1486966926,0.00,0.00,0.00,0.00,0.30,17.60
S158,1486967225,0.00,0.00,0.00,0.00,0.30,17.60
S158,1486968037,0.00,0.00,0.00,0.00,0.30,17.60
S158,1486968124,0.00,0.00,0.00,0.00,0.30,17.60
S158,1486968423,0.00,0.00,0.00,0.00,0.30,17.60
S158,1486968722,0.00,0.00,0.00,0.00,0.30,17.60
S158,1486969021,0.00,0.00,0.00,0.00,0.30,17.60
S158,1486969320,0.00,0.00,0.00,0.00,0.30,17.60
S158,1486969619,0.00,0.00,0.00,0.00,0.30,17.60
S158,1486969918,0.00,0.00,0.00,0.00,0.30,17.60
S158,1486970217,0.00,0.00,0.00,0.00,0.30,17.60
S158,1486970516,0.00,0.00,0.00,0.00,0.30,17.60
S158,1486970815,0.00,0.00,0.00,0.00,0.30,17.60
S158,1486971114,0.00,0.00,0.00,0.00,0.30,17.60
S158,1486971413,0.00,0.00,0.00,0.00,0.30,17.60
S158,1486971712,0.00,0.00,0.00,0.00,0.30,17.60
S158,1486972011,0.00,0.00,0.00,0.00,0.30,17.60
S158,1486972310,0.00,0.00,0.00,0.00,0.30,17.60
S158,1486972609,0.00,0.00,0.00,0.00,0.30,17.60
S158,1486972908,0.00,0.00,0.00,0.00,0.30,17.60
S158,1486973207,0.00,0.00,0.00,0.00,0.30,17.60
S158,1486973506,0.00,0.00,0.00,0.00,0.30,17.60
S158,1486973805,0.00,0.00,0.00,0.00,0.30,17.60
S158,1486974104,0.00,0.00,0.00,0.00,0.30,17.60
S158,1486974403,0.00,0.00,0.00,0.00,0.30,17.60
S158,1486974702,0.00,0.00,0.00,0.00,0.30,17.60
S158,1486975001,0.00,0.00,0.00,0.00,0.30,17.60
S158,1486975300,0.00,0.00,0.00,0.00,0.30,17.60
S158,1486975599,0.00,0.00,0.00,0.00,0.30,17.60
S158,1486975898,0.00,0.00,0.00,0.00,0.30,17.60
S158,1486976197,0.00,0.00,0.00,0.00,0.30,17.60
S158,1486976496,0.00,0.00,0.00,0.00,0.30,17.60
S158,1486976795,0.00,0.00,0.00,0.00,0.30,17.60
S158,1486977094,0.00,0.00,0.00,0.00,0.30,17.60
S158,1486977393,0.00,0.00,0.00,0.00,0.30,17.60
S158,1486977692,0.00,0.00,0.00,0.00,0.30,17.60
S158,1486977991,0.00,0.00,0.00,0.00,0.30,17.60
S158,1486978290,0.00,0.00,0.00,0.00,0.30,17.60
S158,1486978589,0.00,0.00,0.00,0.00,0.30,17.60
S158,1486978888,0.00,0.00,0.00,0.00,0.30,17.60
S158,1486979187,0.00,0.00,0.00,0.00,0.30,17.60
S158,1486979486,0.00,0.00,0.00,0.00,0.30,17.60
S158,1486979785,0.00,0.00,0.00,0.00,0.30,17.60
S158,1486980084,0.00,0.00,0.00,0.00,0.30,17.60
S158,1486980383,0.00,0.00,0.00,0.00,0.30,17.60
S158,1486980682,0.00,0.00,0.00,0.00,0.30,17.60
S158,1486980981,0.00,0.00,0.00,0.00,0.30,17.60
S158,1486981280,0.00,0.00,0.00,0.00,0.30,17.60
S158,1486981579,0.00,0.00,0.00,0.00,0.30,17.60
S158,1486981878,0.00,0.00,0.00,0.00,0.30,17.60
S158,1486982177,0.00,0.00,0.00,0.00,0.30,17.60
S158,1486982476,0.00,0.00,0.00,0.00,0.30,17.60
S158,1486982775,0.00,0.00,0.00,0.00,0.30,17.60
S158,1486983074,0.00,0.00,0.00,0.00,0.30,17.60
S158,1486983373,0.00,0.00,0.00,0.00,0.30,17.60
S158,1486983672,0.00,0.00,0.00,0.00,0.30,17.60
S158,1486983971,0.00,0.00,0.00,0.00,0.30,17.60
S158,1486984270,0.00,0.00,0.00,0.00,0.30,17.60
S158,1486984569,0.00,0.00,0.00,0.00,0.30,17.60
S158,1486984868,0.00,0.00,0.00,0.00,0.30,17.60
S158,1486985167,0.00,0.00,0.00,0.00,0.30,17.60
S158,1486985466,0.00,0.00,0.00,0.00,0.30,17.60
S158,1486985765,0.00,0.00,0.00,0.00,0.30,17.60
S158,1486986064,0.00,0.00,0.00,0.00,0.30,17.60
S158,1486986363,0.00,0.00,0.00,0.00,0.30,17.60
S158,1486986662,0.00,0.00,0.00,0.00,0.30,17.60
S158,1486986961,0.00,0.00,0.00,0.00,0.30,17.60
S158,1486987260,0.00,0.00,0.00,0.00,0.30,17.60
S158,1486987559,0.00,0.00,0.00,0.00,0.30,17.60
S158,1486987858,0.00,0.00,0.00,0.00,0.30,17.60
S158,1486988157,0.00,0.00,0.00,0.00,0.30,17.60
S158,1486988457,0.00,0.00,0.00,0.00,0.30,17.60
S158,1486988756,0.00,0.00,0.00,0.00,0.30,17.60
S158,1486989055,0.00,0.00,0.00,0.00,0.30,17.60
S158,1486989354,0.00,0.00,0.00,0.00,0.30,17.60
S158,1486989653,0.00,0.00,0.00,0.00,0.30,17.60
S158,1486989952,0.00,0.00,0.00,0.00,0.30,17.60
S158,1486990251,0.00,0.00,0.00,0.00,0.30,17.60
S158,1486990550,0.00,0.00,0.00,0.00,0.30,17.60
S158,1486990849,0.00,0.00,0.00,0.00,0.30,17.60
S158,1486991148,0.00,0.00,0.00,0.00,0.30,17.60
S158,1486991447,0.00,0.00,0.00,0.00,0.30,17.60
S158,1486991746,0.00,0.00,0.00,0.00,0.30,17.60
S158,1486992045,0.00,0.00,0.00,0.00,0.30,17.60
S158,1486992344,0.00,0.00,0.00,0.00,0.30,17.60
S158,1486992643,0.00,0.00,0.00,0.00,0.30,17.60
S158,1486992942,0.00,0.00,0.00,0.00,0.30,17.60
S158,1486993241,0.00,0.00,0.00,0.00,0.30,17.60
S158,1486993540,0.00,0.00,0.00,0.00,0.30,17.60
S158,1486993839,0.00,0.00,0.00,0.00,0.30,17.60
S158,1486994138,0.00,0.00,0.00,0.00,0.30,17.60
S158,1486994437,0.00,0.00,0.00,0.00,0.30,17.60
S158,1486994736,0.00,0.00,0.00,0.00,0.30,17.60
S158,1486995035,0.00,0.00,0.00,0.00,0.30,17.60
S158,1486995334,0.00,0.00,0.00,0.00,0.30,17.60
S158,1486995633,0.00,0.00,0.00,0.00,0.30,17.60
S158,1486995932,0.00,0.00,0.00,0.00,0.30,17.60
S158,1486996231,0.00,0.00,0.00,0.00,0.30,17.60
S158,1486996530,0.00,0.00,0.00,0.00,0.30,17.60
S158,1486996829,0.00,0.00,0.00,0.00,0.30,17.60
S158,1486997128,0.00,0.00,0.00,0.00,0.30,17.60
S158,1486997427,0.00,0.00,0.00,0.00,0.30,17.60
S158,1486997726,0.00,0.00,0.00,0.00,0.30,17.60
S158,1486998025,0.00,0.00,0.00,0.00,0.30,17.60
S158,1486998324,0.00,0.00,0.00,0.00,0.30,17.60
S158,1486998623,0.00,0.00,0.00,0.00,0.30,17.60
S158,1486998922,0.00,0.00,0.00,0.00,0.30,17.60
S158,1486999221,0.00,0.00,0.00,0.00,0.30,17.60
S158,1486999520,0.00,0.00,0.00,0.00,0.30,17.60
S158,1486999819,0.00,0.00,0.00,0.00,0.30,17.60
S158,1487000118,0.00,0.00,0.00,0.00,0.30,17.60
S158,1487000417,0.00,0.00,0.00,0.00,0.30,17.60
S158,1487000716,0.00,0.00,0.00,0.00,0.30,17.60
S158,1487001015,0.00,0.00,0.00,0.00,0.30,17.60
S158,1487001314,0.00,0.00,0.00,0.00,0.30,17.60
S158,1487001613,0.00,0.00,0.00,0.00,0.30,17.60
S158,1487001912,0.00,0.00,0.00,0.00,0.30,17.60
S158,1487002211,0.00,0.00,0.00,0.00,0.30,17.60
S158,1487002510,0.00,0.00,0.00,0.00,0.30,17.60
S158,1487002809,0.00,0.00,0.00,0.00,0.30,17.60
S158,1487003108,0.00,0.00,0.00,0.00,0.30,17.60
S158,1487003407,0.00,0.00,0.00,0.00,0.30,17.60
S158,1487003706,0.00,0.00,0.00,0.00,0.30,17.60
S158,1487004005,0.00,0.00,0.00,0.00,0.30,17.60
S158,1487004304,0.00,0.00,0.00,0.00,0.30,17.60
S158,1487004603,0.00,0.00,0.00,0.00,0.30,17.60
S158,1487004902,0.00,0.00,0.00,0.00,0.30,17.60
S158,1487005201,0.00,0.00,0.00,0.00,0.30,17.60
S158,1487005500,0.00,0.00,0.00,0.00,0.30,17.60
S158,1487005799,0.00,0.00,0.00,0.00,0.30,17.60
S158,1487006098,0.00,0.00,0.00,0.00,0.30,17.60
S158,1487006397,0.00,0.00,0.00,0.00,0.30,17.60
S158,1487006696,0.00,0.00,0.00,0.00,0.30,17.60
S158,1487006995,0.00,0.00,0.00,0.00,0.30,17.60
S158,1487007294,0.00,0.00,0.00,0.00,0.30,17.60
S158,1487007593,0.00,0.00,0.00,0.00,0.30,17.60
S158,1487007892,0.00,0.00,0.00,0.00,0.30,17.60
S158,1487008191,0.00,0.00,0.00,0.00,0.30,17.60
S158,1487008490,0.00,0.00,0.00,0.00,0.30,17.60
S158,1487008789,0.00,0.00,0.00,0.00,0.30,17.60
S158,1487009088,0.00,0.00,0.00,0.00,0.30,17.60
S158,1487009387,0.00,0.00,0.00,0.00,0.30,17.60
S158,1487009686,0.00,0.00,0.00,0.00,0.30,17.60
S158,1487009985,0.00,0.00,0.00,0.00,0.30,17.60
S158,1487010284,0.00,0.00,0.00,0.00,0.30,17.60
S158,1487010583,0.00,0.00,0.00,0.00,0.30,17.60
S158,1487010882,0.00,0.00,0.00,0.00,0.30,17.60
S158,1487011181,0.00,0.00,0.00,0.00,0.30,17.60
S158,1487011480,0.00,0.00,0.00,0.00,0.30,17.60
S158,1487011779,0.00,0.00,0.00,0.00,0.30,17.60
S158,1487012078,0.00,0.00,0.00,0.00,0.30,17.60
S158,1487012377,0.00,0.00,0.00,0.00,0.30,17.60
S158,1487012676,0.00,0.00,0.00,0.00,0.30,17.60
S158,1487012975,0.00,0.00,0.00,0.00,0.30,17.60
S158,1487013274,0.00,0.00,0.00,0.00,0.30,17.60
S158,1487013573,0.00,0.00,0.00,0.00,0.30,17.60
S158,1487013872,0.00,0.00,0.00,0.00,0.30,17.60
S158,1487014171,0.00,0.00,0.00,0.00,0.30,17.60
S158,1487014470,0.00,0.00,0.00,0.00,0.30,17.60
S158,1487014769,0.00,0.00,0.00,0.00,0.30,17.60
S158,1487015068,0.00,0.00,0.00,0.00,0.30,17.60
S158,1487015367,0.00,0.00,0.00,0.00,0.30,17.60
S158,1487015666,0.00,0.00,0.00,0.00,0.30,17.60
S158,1487015965,0.00,0.00,0.00,0.00,0.30,17.60
S158,1487016264,0.00,0.00,0.00,0.00,0.30,17.60
S158,1487016563,0.00,0.00,0.00,0.00,0.30,17.60
S158,1487016862,0.00,0.00,0.00,0.00,0.30,17.60
S158,1487017161,0.00,0.00,0.00,0.00,0.30,17.60
S158,1487017460,0.00,0.00,0.00,0.00,0.30,17.60
S158,1487017759,0.00,0.00,0.00,0.00,0.30,17.60
S158,1487018058,0.00,0.00,0.00,0.00,0.30,17.60
S158,1487018357,0.00,0.00,0.00,0.00,0.30,17.60
S158,1487018656,0.00,0.00,0.00,0.00,0.30,17.60
S158,1487018955,0.00,0.00,0.00,0.00,0.30,17.60
S158,1487019254,0.00,0.00,0.00,0.00,0.30,17.60
S158,1487019553,0.00,0.00,0.00,0.00,0.30,17.60
S158,1487019852,0.00,0.00,0.00,0.00,0.30,17.60
S158,1487020151,0.00,0.00,0.00,0.00,0.30,17.60
S158,1487020450,0.00,0.00,0.00,0.00,0.30,17.60
S158,1487020749,0.00,0.00,0.00,0.00,0.30,17.60
S158,1487021048,0.00,0.00,0.00,0.00,0.30,17.60
S158,1487021347,0.00,0.00,0.00,0.00,0.30,17.60
S158,1487021646,0.00,0.00,0.00,0.00,0.30,17.60
S158,1487021945,0.00,0.00,0.00,0.00,0.30,17.60
S158,1487022244,0.00,0.00,0.00,0.00,0.30,17.60
S158,1487022543,0.00,0.00,0.00,0.00,0.30,17.60
S158,1487022842,0.00,0.00,0.00,0.00,0.30,17.60
S158,1487023141,0.00,0.00,0.00,0.00,0.30,17.60
S158,1487023440,0.00,0.00,0.00,0.00,0.30,17.60
S158,1487023739,0.00,0.00,0.00,0.00,0.30,17.60
S158,1487024038,0.00,0.00,0.00,0.00,0.30,17.60
S158,1487024337,0.00,0.00,0.00,0.00,0.30,17.60
S158,1487024636,0.00,0.00,0.00,0.00,0.30,17.60
S158,1487024935,0.00,0.00,0.00,0.00,0.30,17.60
S158,1487025234,0.00,0.00,0.00,0.00,0.30,17.60
S158,1487025533,0.00,0.00,0.00,0.00,0.30,17.60
S158,1487025832,0.00,0.00,0.00,0.00,0.30,17.60
S158,1487026131,0.00,0.00,0.00,0.00,0.30,17.60
S158,1487026430,0.00,0.00,0.00,0.00,0.30,17.60
S158,1487026730,0.00,0.00,0.00,0.00,0.30,17.60
S158,1487027029,0.00,0.00,0.00,0.00,0.30,17.60
S158,1487027328,0.00,0.00,0.00,0.00,0.30,17.60
S158,1487027627,0.00,0.00,0.00,0.00,0.30,17.60
S158,1487027926,0.00,0.00,0.00,0.00,0.30,17.60
S158,1487028225,0.00,0.00,0.00,0.00,0.30,17.60
S158,1487028524,0.00,0.00,0.00,0.00,0.30,17.60
S158,1487028823,0.00,0.00,0.00,0.00,0.30,17.60
S158,1487029122,0.00,0.00,0.00,0.00,0.30,17.60
S158,1487029421,0.00,0.00,0.00,0.00,0.30,17.60
S158,1487029720,0.00,0.00,0.00,0.00,0.30,17.60
S158,1487030019,0.00,0.00,0.00,0.00,0.30,17.60
S158,1487030318,0.00,0.00,0.00,0.00,0.30,17.60
S158,1487030617,0.00,0.00,0.00,0.00,0.30,17.60
S158,1487030916,0.00,0.00,0.00,0.00,0.30,17.60
S158,1487031215,0.00,0.00,0.00,0.00,0.30,17.60
S158,1487031514,0.00,0.00,0.00,0.00,0.30,17.60
S158,1487031813,0.00,0.00,0.00,0.00,0.30,17.60
S158,1487032112,0.00,0.00,0.00,0.00,0.30,17.60
S158,1487032411,0.00,0.00,0.00,0.00,0.30,17.60
S158,1487032710,0.00,0.00,0.00,0.00,0.30,17.60
S158,1487033009,0.00,0.00,0.00,0.00,0.30,17.60
S158,1487033308,0.00,0.00,0.00,0.00,0.30,17.60
S158,1487033607,0.00,0.00,0.00,0.00,0.30,17.60
S158,1487033906,0.00,0.00,0.00,0.00,0.30,17.60
S158,1487034205,0.00,0.00,0.00,0.00,0.30,17.60
S158,1487034504,0.00,0.00,0.00,0.00,0.30,17.60
S158,1487034803,0.00,0.00,0.00,0.00,0.30,17.60
S158,1487035102,0.00,0.00,0.00,0.00,0.30,17.60
S158,1487035401,0.00,0.00,0.00,0.00,0.30,17.60
S158,1487035700,0.00,0.00,0.00,0.00,0.30,17.60
S158,1487035999,0.00,0.00,0.00,0.00,0.30,17.60
S158,1487036298,0.00,0.00,0.00,0.00,0.30,17.60
S158,1487036597,0.00,0.00,0.00,0.00,0.30,17.60
S158,1487036896,0.00,0.00,0.00,0.00,0.30,17.60
S158,1487037195,0.00,0.00,0.00,0.00,0.30,17.60
S158,1487037494,0.00,0.00,0.00,0.00,0.30,17.60
S158,1487037793,0.00,0.00,0.00,0.00,0.30,17.60
S158,1487038092,0.00,0.00,0.00,0.00,0.30,17.60
S158,1487038391,0.00,0.00,0.00,0.00,0.30,17.60
S158,1487038690,0.00,0.00,0.00,0.00,0.30,17.60
S158,1487038989,0.00,0.00,0.00,0.00,0.30,17.60
S158,1487039288,0.00,0.00,0.00,0.00,0.30,17.60
S158,1487039587,0.00,0.00,0.00,0.00,0.30,17.60
S158,1487039886,0.00,0.00,0.00,0.00,0.30,17.60
S158,1487040185,0.00,0.00,0.00,0.00,0.30,17.60
S158,1487040484,0.00,0.00,0.00,0.00,0.30,17.60
S158,1487040783,0.00,0.00,0.00,0.00,0.30,17.60
S158,1487041082,0.00,0.00,0.00,0.00,0.30,17.60
S158,1487041381,0.00,0.00,0.00,0.00,0.30,17.60
S158,1487041680,0.00,0.00,0.00,0.00,0.30,17.60
S158,1487041979,0.00,0.00,0.00,0.00,0.30,17.60
S158,1487042278,0.00,0.00,0.00,0.00,0.30,17.60
S158,1487042577,0.00,0.00,0.00,0.00,0.30,17.60
S158,1487042876,0.00,0.00,0.00,0.00,0.30,17.60
S158,1487043175,0.00,0.00,0.00,0.00,0.30,17.60
S158,1487043474,0.00,0.00,0.00,0.00,0.30,17.60
S158,1487043773,0.00,0.00,0.00,0.00,0.30,17.60
S158,1487044072,0.00,0.00,0.00,0.00,0.30,17.60
S158,1487044371,0.00,0.00,0.00,0.00,0.30,17.60
S158,1487044670,0.00,0.00,0.00,0.00,0.30,17.60
S158,1487044969,0.00,0.00,0.00,0.00,0.30,17.60
S158,1487045268,0.00,0.00,0.00,0.00,0.30,17.60
S158,1487045567,0.00,0.00,0.00,0.00,0.30,17.60
S158,1487045866,0.00,0.00,0.00,0.00,0.30,17.60
S158,1487046165,0.00,0.00,0.00,0.00,0.30,17.60
S158,1487046464,0.00,0.00,0.00,0.00,0.30,17.60
S158,1487046763,0.00,0.00,0.00,0.00,0.30,17.60
S158,1487047062,0.00,0.00,0.00,0.00,0.30,17.60
S158,1487047361,0.00,0.00,0.00,0.00,0.30,17.60
S158,1487047660,0.00,0.00,0.00,0.00,0.30,17.60
S158,1487047959,0.00,0.00,0.00,0.00,0.30,17.60
S158,1487048258,0.00,0.00,0.00,0.00,0.30,17.60
S158,1487048557,0.00,0.00,0.00,0.00,0.30,17.60
S158,1487048856,0.00,0.00,0.00,0.00,0.30,17.60
S158,1487049155,0.00,0.00,0.00,0.00,0.30,17.60
S158,1487049454,0.00,0.00,0.00,0.00,0.30,17.60
S158,1487049753,0.00,0.00,0.00,0.00,0.30,17.60
S158,1487050052,0.00,0.00,0.00,0.00,0.30,17.60
S158,1487050351,0.00,0.00,0.00,0.00,0.30,17.60
S158,1487050650,0.00,0.00,0.00,0.00,0.30,17.60
S158,1487050949,0.00,0.00,0.00,0.00,0.30,17.60
S158,1487051248,0.00,0.00,0.00,0.00,0.30,17.60
S158,1487051547,0.00,0.00,0.00,0.00,0.30,17.60
S158,1487051846,0.00,0.00,0.00,0.00,0.30,17.60
S158,1487052145,0.00,0.00,0.00,0.00,0.30,17.60
S158,1487052444,0.00,0.00,0.00,0.00,0.30,17.60
S158,1487052743,0.00,0.00,0.00,0.00,0.30,17.60
S158,1487053042,0.00,0.00,0.00,0.00,0.30,17.60
S158,1487053341,0.00,0.00,0.00,0.00,0.30,17.60
S158,1487053640,0.00,0.00,0.00,0.00,0.30,17.60
S158,1487053939,0.00,0.00,0.00,0.00,0.30,17.60
S158,1487054238,0.00,0.00,0.00,0.00,0.30,17.60
S158,1487054537,0.00,0.00,0.00,0.00,0.30,17.60
S158,1487054836,0.00,0.00,0.00,0.00,0.30,17.60
S158,1487055135,0.00,0.00,0.00,0.00,0.30,17.60
S158,1487055434,0.00,0.00,0.00,0.00,0.30,17.60
S158,1487055733,0.00,0.00,0.00,0.00,0.30,17.60
S158,1487056032,0.00,0.00,0.00,0.00,0.30,17.60
S158,1487056331,0.00,0.00,0.00,0.00,0.30,17.60
S158,1487056630,0.00,0.00,0.00,0.00,0.30,17.60
S158,1487056929,0.00,0.00,0.00,0.00,0.30,17.60
S158,1487057228,0.00,0.00,0.00,0.00,0.30,17.60
S158,1487057527,0.00,0.00,0.00,0.00,0.30,17.60
S158,1487057826,0.00,0.00,0.00,0.00,0.30,17.60
S158,1487058125,0.00,0.00,0.00,0.00,0.30,17.60
S158,1487058424,0.00,0.00,0.00,0.00,0.30,17.60
S158,1487058723,0.00,0.00,0.00,0.00,0.30,17.60
S158,1487059022,0.00,0.00,0.00,0.00,0.30,17.60
S158,1487059321,0.00,0.00,0.00,0.00,0.30,17.60
S158,1487059620,0.00,0.00,0.00,0.00,0.30,17.60
S158,1487059919,0.00,0.00,0.00,0.00,0.30,17.60
S158,1487060218,0.00,0.00,0.00,0.00,0.30,17.60
S158,1487060517,0.00,0.00,0.00,0.00,0.30,17.60
S158,1487060816,0.00,0.00,0.00,0.00,0.30,17.60
S158,1487061115,0.00,0.00,0.00,0.00,0.30,17.60
S158,1487061414,0.00,0.00,0.00,0.00,0.30,17.60
S158,1487061713,0.00,0.00,0.00,0.00,0.30,17.60
S158,1487062012,0.00,0.00,0.00,0.00,0.30,17.60
S158,1487062311,0.00,0.00,0.00,0.00,0.30,17.60
S158,1487062610,0.00,0.00,0.00,0.00,0.30,17.60
S158,1487062909,0.00,0.00,0.00,0.00,0.30,17.60
S158,1487063208,0.00,0.00,0.00,0.00,0.30,17.60
S158,1487063507,0.00,0.00,0.00,0.00,0.30,17.60
S158,1487063806,0.00,0.00,0.00,0.00,0.30,17.60
S158,1487064105,0.00,0.00,0.00,0.00,0.30,17.60
S158,1487064404,0.00,0.00,0.00,0.00,0.30,17.60
S158,1487064703,0.00,0.00,0.00,0.00,0.30,17.60
S158,1487065003,0.00,0.00,0.00,0.00,0.30,17.60
S158,1487065302,0.00,0.00,0.00,0.00,0.30,17.60
S158,1487065601,0.00,0.00,0.00,0.00,0.30,17.60
S158,1487065900,0.00,0.00,0.00,0.00,0.30,17.60
S158,1487066199,0.00,0.00,0.00,0.00,0.30,17.60
S158,1487066498,0.00,0.00,0.00,0.00,0.30,17.60
S158,1487066797,0.00,0.00,0.00,0.00,0.30,17.60
S158,1487067096,0.00,0.00,0.00,0.00,0.30,17.60
S158,1487067395,0.00,0.00,0.00,0.00,0.30,17.60
S158,1487067694,0.00,0.00,0.00,0.00,0.30,17.60
S158,1487067993,0.00,0.00,0.00,0.00,0.30,17.60
S158,1487068292,0.00,0.00,0.00,0.00,0.30,17.60
S158,1487068591,0.00,0.00,0.00,0.00,0.30,17.60
S158,1487068890,0.00,0.00,0.00,0.00,0.30,17.60
S158,1487069189,0.00,0.00,0.00,0.00,0.30,17.60
S158,1487069488,0.00,0.00,0.00,0.00,0.30,17.60
S158,1487069787,0.00,0.00,0.00,0.00,0.30,17.60
S158,1487070086,0.00,0.00,0.00,0.00,0.30,17.60
S158,1487070385,0.00,0.00,0.00,0.00,0.30,17.60
S158,1487070684,0.00,0.00,0.00,0.00,0.30,17.60
S158,1487070983,0.00,0.00,0.00,0.00,0.30,17.60
S158,1487071282,0.00,0.00,0.00,0.00,0.30,17.60
S158,1487071581,0.00,0.00,0.00,0.00,0.30,17.60
S158,1487071880,0.00,0.00,0.00,0.00,0.30,17.60
S158,1487072179,0.00,0.00,0.00,0.00,0.30,17.60
S158,1487072478,0.00,0.00,0.00,0.00,0.30,17.60
S158,1487072777,0.00,0.00,0.00,0.00,0.30,17.60
S158,1487073076,0.00,0.00,0.00,0.00,0.30,17.60
S158,1487073375,0.00,0.00,0.00,0.00,0.30,17.60
S158,1487073674,0.00,0.00,0.00,0.00,0.30,17.60
S158,1487073973,0.00,0.00,0.00,0.00,0.30,17.60
S158,1487074272,0.00,0.00,0.00,0.00,0.30,17.60
S158,1487074571,0.00,0.00,0.00,0.00,0.30,17.60
S158,1487074870,0.00,0.00,0.00,0.00,0.30,17.60
S158,1487075169,0.00,0.00,0.00,0.00,0.30,17.60
S158,1487075468,0.00,0.00,0.00,0.00,0.30,17.60
S158,1487075767,0.00,0.00,0.00,0.00,0.30,17.60
S158,1487076066,0.00,0.00,0.00,0.00,0.30,17.60
S158,1487076365,0.00,0.00,0.00,0.00,0.30,17.60
S158,1487076664,0.00,0.00,0.00,0.00,0.30,17.60
S158,1487076963,0.00,0.00,0.00,0.00,0.30,17.60
S158,1487077262,0.00,0.00,0.00,0.00,0.30,17.60
S158,1487077561,0.00,0.00,0.00,0.00,0.30,17.60
S158,1487077860,0.00,0.00,0.00,0.00,0.30,17.60
S158,1487078159,0.00,0.00,0.00,0.00,0.30,17.60
S158,1487078458,0.00,0.00,0.00,0.00,0.30,17.60
S158,1487078757,0.00,0.00,0.00,0.00,0.30,17.60
S158,1487079056,0.00,0.00,0.00,0.00,0.30,17.60
S158,1487079355,0.00,0.00,0.00,0.00,0.30,17.60
S158,1487079654,0.00,0.00,0.00,0.00,0.30,17.60
S158,1487079953,0.00,0.00,0.00,0.00,0.30,17.60
S158,1487080252,0.00,0.00,0.00,0.00,0.30,17.60
S158,1487080551,0.00,0.00,0.00,0.00,0.30,17.60
S158,1487080850,0.00,0.00,0.00,0.00,0.30,17.60
S158,1487081149,0.00,0.00,0.00,0.00,0.30,17.60
S158,1487081448,0.00,0.00,0.00,0.00,0.30,17.60
S158,1487081747,0.00,0.00,0.00,0.00,0.30,17.60
S158,1487082046,0.00,0.00,0.00,0.00,0.30,17.60
S158,1487082345,0.00,0.00,0.00,0.00,0.30,17.60
S158,1487082644,0.00,0.00,0.00,0.00,0.30,17.60
S158,1487082943,0.00,0.00,0.00,0.00,0.30,17.60
S158,1487083242,0.00,0.00,0.00,0.00,0.30,17.60
S158,1487083541,0.00,0.00,0.00,0.00,0.30,17.60
S158,1487083840,0.00,0.00,0.00,0.00,0.30,17.60
S158,1487084139,0.00,0.00,0.00,0.00,0.30,17.60
S158,1487084438,0.00,0.00,0.00,0.00,0.30,17.60
S158,1487084737,0.00,0.00,0.00,0.00,0.30,17.60
S158,1487085036,0.00,0.00,0.00,0.00,0.30,17.60
S158,1487085335,0.00,0.00,0.00,0.00,0.30,17.60
S158,1487085634,0.00,0.00,0.00,0.00,0.30,17.60
S158,1487085933,0.00,0.00,0.00,0.00,0.30,17.60
S158,1487086232,0.00,0.00,0.00,0.00,0.30,17.60
S158,1487086531,0.00,0.00,0.00,0.00,0.30,17.60
S158,1487086830,0.00,0.00,0.00,0.00,0.30,17.60
S158,1487087129,0.00,0.00,0.00,0.00,0.30,17.60
S158,1487087428,0.00,0.00,0.00,0.00,0.30,17.60
S158,1487087727,0.00,0.00,0.00,0.00,0.30,17.60
S158,1487088026,0.00,0.00,0.00,0.00,0.30,17.60
S158,1487088325,0.00,0.00,0.00,0.00,0.30,17.60
S158,1487088624,0.00,0.00,0.00,0.00,0.30,17.60
S158,1487088923,0.00,0.00,0.00,0.00,0.30,17.60
S158,1487089222,0.00,0.00,0.00,0.00,0.30,17.60
S158,1487089521,0.00,0.00,0.00,0.00,0.30,17.60
S158,1487089820,0.00,0.00,0.00,0.00,0.30,17.60
S158,1487090119,0.00,0.00,0.00,0.00,0.30,17.60
S158,1487090418,0.00,0.00,0.00,0.00,0.30,17.60
S158,1487090717,0.00,0.00,0.00,0.00,0.30,17.60
S158,1487091016,0.00,0.00,0.00,0.00,0.30,17.60
S158,1487091315,0.00,0.00,0.00,0.00,0.30,17.60
S158,1487091614,0.00,0.00,0.00,0.00,0.30,17.60
S158,1487091913,0.00,0.00,0.00,0.00,0.30,17.60
S158,1487092212,0.00,0.00,0.00,0.00,0.30,17.60
S158,1487092511,0.00,0.00,0.00,0.00,0.30,17.60
S158,1487092810,0.00,0.00,0.00,0.00,0.30,17.60
S158,1487093109,0.00,0.00,0.00,0.00,0.30,17.60
S158,1487093408,0.00,0.00,0.00,0.00,0.30,17.60
S158,1487093707,0.00,0.00,0.00,0.00,0.30,17.60
S158,1487094006,0.00,0.00,0.00,0.00,0.30,17.60
S158,1487094305,0.00,0.00,0.00,0.00,0.30,17.60
S158,1487094604,0.00,0.00,0.00,0.00,0.30,17.60
S158,1487094903,0.00,0.00,0.00,0.00,0.30,17.60
S158,1487095202,0.00,0.00,0.00,0.00,0.30,17.60
S158,1487095501,0.00,0.00,0.00,0.00,0.30,17.60
S158,1487095800,0.00,0.00,0.00,0.00,0.30,17.60
S158,1487096099,0.00,0.00,0.00,0.00,0.30,17.60
S158,1487096398,0.00,0.00,0.00,0.00,0.30,17.60
S158,1487096697,0.00,0.00,0.00,0.00,0.30,17.60
S158,1487096996,0.00,0.00,0.00,0.00,0.30,17.60
S158,1487097295,0.00,0.00,0.00,0.00,0.30,17.60
S158,1487097594,0.00,0.00,0.00,0.00,0.30,17.60
S158,1487097893,0.00,0.00,0.00,0.00,0.30,17.60
S158,1487098192,0.00,0.00,0.00,0.00,0.30,17.60
S158,1487098491,0.00,0.00,0.00,0.00,0.30,17.60
S158,1487098790,0.00,0.00,0.00,0.00,0.30,17.60
S158,1487099089,0.00,0.00,0.00,0.00,0.30,17.60
S158,1487099388,0.00,0.00,0.00,0.00,0.30,17.60
S158,1487099687,0.00,0.00,0.00,0.00,0.30,17.60
S158,1487099986,0.00,0.00,0.00,0.00,0.30,17.60
S158,1487100285,0.00,0.00,0.00,0.00,0.30,17.60
S158,1487100584,0.00,0.00,0.00,0.00,0.30,17.60
S158,1487100883,0.00,0.00,0.00,0.00,0.30,17.60
S158,1487101182,0.00,0.00,0.00,0.00,0.30,17.60
S158,1487101481,0.00,0.00,0.00,0.00,0.30,17.60
S158,1487101780,0.00,0.00,0.00,0.00,0.30,17.60
S158,1487102079,0.00,0.00,0.00,0.00,0.30,17.60
S158,1487102378,0.00,0.00,0.00,0.00,0.30,17.60
S158,1487102677,0.00,0.00,0.00,0.00,0.30,17.60
S158,1487102976,0.00,0.00,0.00,0.00,0.30,17.60
S158,1487103276,0.00,0.00,0.00,0.00,0.30,17.60
S158,1487103575,0.00,0.00,0.00,0.00,0.30,17.60
S158,1487103874,0.00,0.00,0.00,0.00,0.30,17.60
S158,1487104173,0.00,0.00,0.00,0.00,0.30,17.60
S158,1487104472,0.00,0.00,0.00,0.00,0.30,17.60
S158,1487104771,0.00,0.00,0.00,0.00,0.30,17.60
S158,1487105070,0.00,0.00,0.00,0.00,0.30,17.60
S158,1487105369,0.00,0.00,0.00,0.00,0.30,17.60
S158,1487105668,0.00,0.00,0.00,0.00,0.30,17.60
S158,1487105967,0.00,0.00,0.00,0.00,0.30,17.60
S158,1487106266,0.00,0.00,0.00,0.00,0.30,17.60
S158,1487106565,0.00,0.00,0.00,0.00,0.30,17.60
S158,1487106864,0.00,0.00,0.00,0.00,0.30,17.60
S158,1487107163,0.00,0.00,0.00,0.00,0.30,17.60
S158,1487107462,0.00,0.00,0.00,0.00,0.30,17.60
S158,1487107761,0.00,0.00,0.00,0.00,0.30,17.60
S158,1487108060,0.00,0.00,0.00,0.00,0.30,17.60
S158,1487108359,0.00,0.00,0.00,0.00,0.30,17.60
S158,1487108658,0.00,0.00,0.00,0.00,0.30,17.60
S158,1487108957,0.00,0.00,0.00,0.00,0.30,17.60
S158,1487109256,0.00,0.00,0.00,0.00,0.30,17.60
S158,1487109555,0.00,0.00,0.00,0.00,0.30,17.60
S158,1487109854,0.00,0.00,0.00,0.00,0.30,17.60
S158,1487110153,0.00,0.00,0.00,0.00,0.30,17.60
S158,1487110452,0.00,0.00,0.00,0.00,0.30,17.60
S158,1487110751,0.00,0.00,0.00,0.00,0.30,17.60
S158,1487111050,0.00,0.00,0.00,0.00,0.30,17.60
S158,1487111349,0.00,0.00,0.00,0.00,0.30,17.60
S158,1487111648,0.00,0.00,0.00,0.00,0.30,17.60
S158,1487111947,0.00,0.00,0.00,0.00,0.30,17.60
S158,1487112246,0.00,0.00,0.00,0.00,0.30,17.60
S158,1487112545,0.00,0.00,0.00,0.00,0.30,17.60
S158,1487112844,0.00,0.00,0.00,0.00,0.30,17.60
S158,1487113143,0.00,0.00,0.00,0.00,0.30,17.60
S158,1487113442,0.00,0.00,0.00,0.00,0.30,17.60
S158,1487113741,0.00,0.00,0.00,0.00,0.30,17.60
S158,1487114040,0.00,0.00,0.00,0.00,0.30,17.60
S158,1487114339,0.00,0.00,0.00,0.00,0.30,17.60
S158,1487114638,0.00,0.00,0.00,0.00,0.30,17.60
S158,1487114937,0.00,0.00,0.00,0.00,0.30,17.60
S158,1487115236,0.00,0.00,0.00,0.00,0.30,17.60
S158,1487115535,0.00,0.00,0.00,0.00,0.30,17.60
S158,1487115834,0.00,0.00,0.00,0.00,0.30,17.60
S158,1487116133,0.00,0.00,0.00,0.00,0.30,17.60
S158,1487116432,0.00,0.00,0.00,0.00,0.30,17.60
S158,1487116731,0.00,0.00,0.00,0.00,0.30,17.60
S158,1487117030,0.00,0.00,0.00,0.00,0.30,17.60
S158,1487117329,0.00,0.00,0.00,0.00,0.30,17.60
S158,1487117628,0.00,0.00,0.00,0.00,0.30,17.60
S158,1487117927,0.00,0.00,0.00,0.00,0.30,17.60
S158,1487118226,0.00,0.00,0.00,0.00,0.30,17.60
S158,1487118525,0.00,0.00,0.00,0.00,0.30,17.60
S158,1487118824,0.00,0.00,0.00,0.00,0.30,17.60
S158,1487119123,0.00,0.00,0.00,0.00,0.30,17.60
S158,1487119422,0.00,0.00,0.00,0.00,0.30,17.60
S158,1487119721,0.00,0.00,0.00,0.00,0.30,17.60
S158,1487120020,0.00,0.00,0.00,0.00,0.30,17.60
S158,1487120319,0.00,0.00,0.00,0.00,0.30,17.60
S158,1487120618,0.00,0.00,0.00,0.00,0.30,17.60
S158,1487120917,0.00,0.00,0.00,0.00,0.30,17.60
S158,1487121216,0.00,0.00,0.00,0.00,0.30,17.60
S158,1487121515,0.00,0.00,0.00,0.00,0.30,17.60
S158,1487121814,0.00,0.00,0.00,0.00,0.30,17.60
S158,1487122113,0.00,0.00,0.00,0.00,0.30,17.60
S158,1487122412,0.00,0.00,0.00,0.00,0.30,17.60
S158,1487122711,0.00,0.00,0.00,0.00,0.30,17.60
S158,1487123010,0.00,0.00,0.00,0.00,0.30,17.60
S158,1487123309,0.00,0.00,0.00,0.00,0.30,17.60
S158,1487123608,0.00,0.00,0.00,0.00,0.30,17.60
S158,1487123907,0.00,0.00,0.00,0.00,0.30,17.60
S158,1487124206,0.00,0.00,0.00,0.00,0.30,17.60
S158,1487124505,0.00,0.00,0.00,0.00,0.30,17.60
S158,1487124804,0.00,0.00,0.00,0.00,0.30,17.60
S158,1487125103,0.00,0.00,0.00,0.00,0.30,17.60
S158,1487125402,0.00,0.00,0.00,0.00,0.30,17.60
S158,1487125701,0.00,0.00,0.00,0.00,0.30,17.60
S158,1487126000,0.00,0.00,0.00,0.00,0.30,17.60
S158,1487126299,0.00,0.00,0.00,0.00,0.30,17.60
S158,1487126598,0.00,0.00,0.00,0.00,0.30,17.60
S158,1487126897,0.00,0.00,0.00,0.00,0.30,17.60
S158,1487127196,0.00,0.00,0.00,0.00,0.30,17.60
S158,1487127495,0.00,0.00,0.00,0.00,0.30,17.60
S158,1487127794,0.00,0.00,0.00,0.00,0.30,17.60
S158,1487128093,0.00,0.00,0.00,0.00,0.30,17.60
S158,1487128392,0.00,0.00,0.00,0.00,0.30,17.60
S158,1487128691,0.00,0.00,0.00,0.00,0.30,17.60
S158,1487128990,0.00,0.00,0.00,0.00,0.30,17.60
S158,1487129289,0.00,0.00,0.00,0.00,0.30,17.60
S158,1487129588,0.00,0.00,0.00,0.00,0.30,17.60
S158,1487129887,0.00,0.00,0.00,0.00,0.30,17.60
S158,1487130186,0.00,0.00,0.00,0.00,0.30,17.60
S158,1487130485,0.00,0.00,0.00,0.00,0.30,17.60
S158,1487130784,0.00,0.00,0.00,0.00,0.30,17.60
S158,1487131083,0.00,0.00,0.00,0.00,0.30,17.60
S158,1487131382,0.00,0.00,0.00,0.00,0.30,17.60
S158,1487131681,0.00,0.00,0.00,0.00,0.30,17.60
S158,1487131980,0.00,0.00,0.00,0.00,0.30,17.60
S158,1487132279,0.00,0.00,0.00,0.00,0.30,17.60
S158,1487132578,0.00,0.00,0.00,0.00,0.30,17.60
S158,1487132877,0.00,0.00,0.00,0.00,0.30,17.60
S158,1487133176,0.00,0.00,0.00,0.00,0.30,17.60
S158,1487133475,0.00,0.00,0.00,0.00,0.30,17.60
S158,1487133774,0.00,0.00,0.00,0.00,0.30,17.60
S158,1487134073,0.00,0.00,0.00,0.00,0.30,17.60
S158,1487134373,0.00,0.00,0.00,0.00,0.30,17.60
S158,1487134672,0.00,0.00,0.00,0.00,0.30,17.60
S158,1487134971,0.00,0.00,0.00,0.00,0.30,17.60
S158,1487135270,0.00,0.00,0.00,0.00,0.30,17.60
S158,1487135569,0.00,0.00,0.00,0.00,0.30,17.60
S158,1487135868,0.00,0.00,0.00,0.00,0.30,17.60
S158,1487136167,0.00,0.00,0.00,0.00,0.30,17.60
S158,1487136466,0.00,0.00,0.00,0.00,0.30,17.60
S158,1487136765,0.00,0.00,0.00,0.00,0.30,17.60
S158,1487137064,0.00,0.00,0.00,0.00,0.30,17.60
S158,1487137363,0.00,0.00,0.00,0.00,0.30,17.60
S158,1487137662,0.00,0.00,0.00,0.00,0.30,17.60
S158,1487137961,0.00,0.00,0.00,0.00,0.30,17.60
S158,1487138260,0.00,0.00,0.00,0.00,0.30,17.60
S158,1487138559,0.00,0.00,0.00,0.00,0.30,17.60
S158,1487138858,0.00,0.00,0.00,0.00,0.30,17.60
S158,1487139157,0.00,0.00,0.00,0.00,0.30,17.60
S158,1487139456,0.00,0.00,0.00,0.00,0.30,17.60
S158,1487139755,0.00,0.00,0.00,0.00,0.30,17.60
S158,1487140054,0.00,0.00,0.00,0.00,0.30,17.60
S158,1487140353,0.00,0.00,0.00,0.00,0.30,17.60
S158,1487140652,0.00,0.00,0.00,0.00,0.30,17.60
S158,1487140951,0.00,0.00,0.00,0.00,0.30,17.60
S158,1487141250,0.00,0.00,0.00,0.00,0.30,17.60
S158,1487141550,0.00,0.00,0.00,0.00,0.30,17.60
S158,1487141849,0.00,0.00,0.00,0.00,0.30,17.60
S158,1487142148,0.00,0.00,0.00,0.00,0.30,17.60
S158,1487142447,0.00,0.00,0.00,0.00,0.30,17.60
S158,1487142746,0.00,0.00,0.00,0.00,0.30,17.60
S158,1487143045,0.00,0.00,0.00,0.00,0.30,17.60
S158,1487143344,0.00,0.00,0.00,0.00,0.30,17.60
S158,1487143643,0.00,0.00,0.00,0.00,0.30,17.60
S158,1487143942,0.00,0.00,0.00,0.00,0.30,17.60
S158,1487144241,0.00,0.00,0.00,0.00,0.30,17.60
S158,1487144540,0.00,0.00,0.00,0.00,0.30,17.60
S158,1487144839,0.00,0.00,0.00,0.00,0.30,17.60
S158,1487145138,0.00,0.00,0.00,0.00,0.30,17.60
S158,1487145437,0.00,0.00,0.00,0.00,0.30,17.60
S158,1487145736,0.00,0.00,0.00,0.00,0.30,17.60
S158,1487146035,0.00,0.00,0.00,0.00,0.30,17.60
S158,1487146334,0.00,0.00,0.00,0.00,0.30,17.60
S158,1487146633,0.00,0.00,0.00,0.00,0.30,17.60
S158,1487146932,0.00,0.00,0.00,0.00,0.30,17.60
S158,1487147231,0.00,0.00,0.00,0.00,0.30,17.60
S158,1487147530,0.00,0.00,0.00,0.00,0.30,17.60
S158,1487147829,0.00,0.00,0.00,0.00,0.30,17.60
S158,1487148128,0.00,0.00,0.00,0.00,0.30,17.60
S158,1487148427,0.00,0.00,0.00,0.00,0.30,17.60
S158,1487148726,0.00,0.00,0.00,0.00,0.30,17.60
S158,1487149025,0.00,0.00,0.00,0.00,0.30,17.60
S158,1487149324,0.00,0.00,0.00,0.00,0.30,17.60
S158,1487149623,0.00,0.00,0.00,0.00,0.30,17.60
S158,1487149922,0.00,0.00,0.00,0.00,0.30,17.60
S158,1487150221,0.00,0.00,0.00,0.00,0.30,17.60
S158,1487150520,0.00,0.00,0.00,0.00,0.30,17.60
S158,1487150819,0.00,0.00,0.00,0.00,0.30,17.60
S158,1487151118,0.00,0.00,0.00,0.00,0.30,17.60
S158,1487151417,0.00,0.00,0.00,0.00,0.30,17.60
S158,1487151716,0.00,0.00,0.00,0.00,0.30,17.60
S158,1487152015,0.00,0.00,0.00,0.00,0.30,17.60
S158,1487152314,0.00,0.00,0.00,0.00,0.30,17.60
S158,1487152613,0.00,0.00,0.00,0.00,0.30,17.60
S158,1487152912,0.00,0.00,0.00,0.00,0.30,17.60
S158,1487153211,0.00,0.00,0.00,0.00,0.30,17.60
S158,1487153510,0.00,0.00,0.00,0.00,0.30,17.60
S158,1487153809,0.00,0.00,0.00,0.00,0.30,17.60
S158,1487154108,0.00,0.00,0.00,0.00,0.30,17.60
S158,1487154407,0.00,0.00,0.00,0.00,0.30,17.60
S158,1487154706,0.00,0.00,0.00,0.00,0.30,17.60
S158,1487155005,0.00,0.00,0.00,0.00,0.30,17.60
S158,1487155304,0.00,0.00,0.00,0.00,0.30,17.60
S158,1487155603,0.00,0.00,0.00,0.00,0.30,17.60
S158,1487155902,0.00,0.00,0.00,0.00,0.30,17.60
S158,1487156201,0.00,0.00,0.00,0.00,0.30,17.60
S158,1487156500,0.00,0.00,0.00,0.00,0.30,17.60
S158,1487156799,0.00,0.00,0.00,0.00,0.30,17.60
S158,1487157098,0.00,0.00,0.00,0.00,0.30,17.60
S158,1487157397,0.00,0.00,0.00,0.00,0.30,17.60
S158,1487157696,0.00,0.00,0.00,0.00,0.30,17.60
S158,1487157995,0.00,0.00,0.00,0.00,0.30,17.60
S158,1487158294,0.00,0.00,0.00,0.00,0.30,17.60
S158,1487158593,0.00,0.00,0.00,0.00,0.30,17.60
S158,1487158892,0.00,0.00,0.00,0.00,0.30,17.60
S158,1487159191,0.00,0.00,0.00,0.00,0.30,17.60
S158,1487159490,0.00,0.00,0.00,0.00,0.30,17.60
S158,1487159789,0.00,0.00,0.00,0.00,0.30,17.60
S158,1487160088,0.00,0.00,0.00,0.00,0.30,17.60
