Device,Time,DHT1-OUT Temp,DHT1-OUT Hum,DHT2-IN Temp,DHT2-IN Hum,Soil,Infrared
S159,1486911899,0.00,0.00,0.00,0.00,0.10,17.50
S159,1486912198,0.00,0.00,0.00,0.00,0.10,17.50
S159,1486912497,0.00,0.00,0.00,0.00,0.10,17.50
S159,1486912796,0.00,0.00,0.00,0.00,0.10,17.50
S159,1486913095,0.00,0.00,0.00,0.00,0.10,17.50
S159,1486913394,0.00,0.00,0.00,0.00,0.10,17.50
S159,1486913693,0.00,0.00,0.00,0.00,0.10,17.50
S159,1486913992,0.00,0.00,0.00,0.00,0.10,17.50
S159,1486914291,0.00,0.00,0.00,0.00,0.10,17.50
S159,1486914590,0.00,0.00,0.00,0.00,0.10,17.50
S159,1486914889,0.00,0.00,0.00,0.00,0.10,17.50
S159,1486915188,0.00,0.00,0.00,0.00,0.10,17.50
S159,1486915487,0.00,0.00,0.00,0.00,0.10,17.50
S159,1486915786,0.00,0.00,0.00,0.00,0.10,17.50
S159,1486916085,0.00,0.00,0.00,0.00,0.10,17.50
S159,1486916385,0.00,0.00,0.00,0.00,0.10,17.50
S159,1486916684,0.00,0.00,0.00,0.00,0.10,17.50
S159,1486916983,0.00,0.00,0.00,0.00,0.10,17.50
S159,1486917283,0.00,0.00,0.00,0.00,0.10,17.50
S159,1486917582,0.00,0.00,0.00,0.00,0.10,17.50
S159,1486917881,0.00,0.00,0.00,0.00,0.10,17.50
S159,1486918181,0.00,0.00,0.00,0.00,0.10,17.50
S159,1486918480,0.00,0.00,0.00,0.00,0.10,17.50
S159,1486918780,0.00,0.00,0.00,0.00,0.10,17.50
S159,1486919079,0.00,0.00,0.00,0.00,0.10,17.50
S159,1486919378,0.00,0.00,0.00,0.00,0.10,17.50
S159,1486919677,0.00,0.00,0.00,0.00,0.10,17.50
S159,1486919977,0.00,0.00,0.00,0.00,0.10,17.50
S159,1486920276,0.00,0.00,0.00,0.00,0.10,17.50
S159,1486920575,0.00,0.00,0.00,0.00,0.10,17.50
S159,1486920874,0.00,0.00,0.00,0.00,0.10,17.50
S159,1486921174,0.00,0.00,0.00,0.00,0.10,17.50
S159,1486921473,0.00,0.00,0.00,0.00,0.10,17.50
S159,1486921772,0.00,0.00,0.00,0.00,0.10,17.50
S159,1486922071,0.00,0.00,0.00,0.00,0.10,17.50
S159,1486922371,0.00,0.00,0.00,0.00,0.10,17.50
S159,1486922670,0.00,0.00,0.00,0.00,0.10,17.50
S159,1486922970,0.00,0.00,0.00,0.00,0.10,17.50
S159,1486923269,0.00,0.00,0.00,0.00,0.10,17.50
S159,1486923568,0.00,0.00,0.00,0.00,0.10,17.50
S159,1486923868,0.00,0.00,0.00,0.00,0.10,17.50
S159,1486924167,0.00,0.00,0.00,0.00,0.10,17.50
S159,1486924466,0.00,0.00,0.00,0.00,0.10,17.50
S159,1486924765,0.00,0.00,0.00,0.00,0.10,17.50
S159,1486925064,0.00,0.00,0.00,0.00,0.10,17.50
S159,1486925363,0.00,0.00,0.00,0.00,0.10,17.50
S159,1486925662,0.00,0.00,0.00,0.00,0.10,17.50
S159,1486925962,0.00,0.00,0.00,0.00,0.10,17.50
S159,1486926261,0.00,0.00,0.00,0.00,0.10,17.50
S159,1486926560,0.00,0.00,0.00,0.00,0.10,17.50
S159,1486926859,0.00,0.00,0.00,0.00,0.10,17.50
S159,1486927158,0.00,0.00,0.00,0.00,0.10,17.50
S159,1486927457,0.00,0.00,0.00,0.00,0.10,17.50
S159,1486927756,0.00,0.00,0.00,0.00,0.10,17.50
S159,1486928055,0.00,0.00,0.00,0.00,0.10,17.50
S159,1486928354,0.00,0.00,0.00,0.00,0.10,17.50
S159,1486928653,0.00,0.00,0.00,0.00,0.10,17.50
S159,1486928952,0.00,0.00,0.00,0.00,0.10,17.50
S159,1486929251,0.00,0.00,0.00,0.00,0.10,17.50
S159,1486929550,0.00,0.00,0.00,0.00,0.10,17.50
S159,1486929849,0.00,0.00,0.00,0.00,0.10,17.50
S159,1486930148,0.00,0.00,0.00,0.00,0.10,17.50
S159,1486930447,0.00,0.00,0.00,0.00,0.10,17.50
S159,1486930746,0.00,0.00,0.00,0.00,0.10,17.50
S159,1486931045,0.00,0.00,0.00,0.00,0.10,17.50
S159,1486931344,0.00,0.00,0.00,0.00,0.10,17.50
S159,1486931643,0.00,0.00,0.00,0.00,0.10,17.50
S159,1486931942,0.00,0.00,0.00,0.00,0.10,17.50
S159,1486932241,0.00,0.00,0.00,0.00,0.10,17.50
S159,1486932540,0.00,0.00,0.00,0.00,0.10,17.50
S159,1486932839,0.00,0.00,0.00,0.00,0.10,17.50
S159,1486933138,0.00,0.00,0.00,0.00,0.10,17.50
S159,1486933437,0.00,0.00,0.00,0.00,0.10,17.50
S159,1486933736,0.00,0.00,0.00,0.00,0.10,17.50
S159,1486934035,0.00,0.00,0.00,0.00,0.10,17.50
S159,1486934334,0.00,0.00,0.00,0.00,0.10,17.50
S159,1486934633,0.00,0.00,0.00,0.00,0.10,17.50
S159,1486934932,0.00,0.00,0.00,0.00,0.10,17.50
S159,1486935231,0.00,0.00,0.00,0.00,0.10,17.50
S159,1486935530,0.00,0.00,0.00,0.00,0.10,17.50
S159,1486935829,0.00,0.00,0.00,0.00,0.10,17.50
S159,1486936128,0.00,0.00,0.00,0.00,0.10,17.50
S159,1486936427,0.00,0.00,0.00,0.00,0.10,17.50
S159,1486936726,0.00,0.00,0.00,0.00,0.10,17.50
S159,1486937025,0.00,0.00,0.00,0.00,0.10,17.50
S159,1486937324,0.00,0.00,0.00,0.00,0.10,17.50
S159,1486937623,0.00,0.00,0.00,0.00,0.10,17.50
S159,1486937922,0.00,0.00,0.00,0.00,0.10,17.50
S159,1486938221,0.00,0.00,0.00,0.00,0.10,17.50
S159,1486938520,0.00,0.00,0.00,0.00,0.10,17.50
S159,1486938819,0.00,0.00,0.00,0.00,0.10,17.50
S159,1486939118,0.00,0.00,0.00,0.00,0.10,17.50
S159,1486939417,0.00,0.00,0.00,0.00,0.10,17.50
S159,1486939716,0.00,0.00,0.00,0.00,0.10,17.50
S159,1486940015,0.00,0.00,0.00,0.00,0.10,17.50
S159,1486940314,0.00,0.00,0.00,0.00,0.10,17.50
S159,1486940613,0.00,0.00,0.00,0.00,0.10,17.50
S159,1486940912,0.00,0.00,0.00,0.00,0.10,17.50
S159,1486941211,0.00,0.00,0.00,0.00,0.10,17.50
S159,1486941510,0.00,0.00,0.00,0.00,0.10,17.50
S159,1486941809,0.00,0.00,0.00,0.00,0.10,17.50
S159,1486942108,0.00,0.00,0.00,0.00,0.10,17.50
S159,1486942407,0.00,0.00,0.00,0.00,0.10,17.50
S159,1486942706,0.00,0.00,0.00,0.00,0.10,17.50
S159,1486943005,0.00,0.00,0.00,0.00,0.10,17.50
S159,1486943304,0.00,0.00,0.00,0.00,0.10,17.50
S159,1486943603,0.00,0.00,0.00,0.00,0.10,17.50
S159,1486943902,0.00,0.00,0.00,0.00,0.10,17.50
S159,1486944201,0.00,0.00,0.00,0.00,0.10,17.50
S159,1486944500,0.00,0.00,0.00,0.00,0.10,17.50
S159,1486944799,0.00,0.00,0.00,0.00,0.10,17.50
S159,1486945098,0.00,0.00,0.00,0.00,0.10,17.50
S159,1486945397,0.00,0.00,0.00,0.00,0.10,17.50
S159,1486945696,0.00,0.00,0.00,0.00,0.10,17.50
S159,1486945995,0.00,0.00,0.00,0.00,0.10,17.50
S159,1486946294,0.00,0.00,0.00,0.00,0.10,17.50
S159,1486946593,0.00,0.00,0.00,0.00,0.10,17.50
S159,1486946892,0.00,0.00,0.00,0.00,0.10,17.50
S159,1486947191,0.00,0.00,0.00,0.00,0.10,17.50
S159,1486947490,0.00,0.00,0.00,0.00,0.10,17.50
S159,1486947789,0.00,0.00,0.00,0.00,0.10,17.50
S159,1486948088,0.00,0.00,0.00,0.00,0.10,17.50
S159,1486948387,0.00,0.00,0.00,0.00,0.10,17.50
S159,1486948686,0.00,0.00,0.00,0.00,0.10,17.50
S159,1486948985,0.00,0.00,0.00,0.00,0.10,17.50
S159,1486949284,0.00,0.00,0.00,0.00,0.10,17.50
S159,1486949583,0.00,0.00,0.00,0.00,0.10,17.50
S159,1486949882,0.00,0.00,0.00,0.00,0.10,17.50
S159,1486950182,0.00,0.00,0.00,0.00,0.10,17.50
S159,1486950481,0.00,0.00,0.00,0.00,0.10,17.50
S159,1486950780,0.00,0.00,0.00,0.00,0.10,17.50
S159,1486951079,0.00,0.00,0.00,0.00,0.10,17.50
S159,1486951378,0.00,0.00,0.00,0.00,0.10,17.50
S159,1486951677,0.00,0.00,0.00,0.00,0.10,17.50
S159,1486951976,0.00,0.00,0.00,0.00,0.10,17.50
S159,1486952275,0.00,0.00,0.00,0.00,0.10,17.50
S159,1486952574,0.00,0.00,0.00,0.00,0.10,17.50
S159,1486952873,0.00,0.00,0.00,0.00,0.10,17.50
S159,1486953172,0.00,0.00,0.00,0.00,0.10,17.50
S159,1486953471,0.00,0.00,0.00,0.00,0.10,17.50
S159,1486953770,0.00,0.00,0.00,0.00,0.10,17.50
S159,1486954069,0.00,0.00,0.00,0.00,0.10,17.50
S159,1486954368,0.00,0.00,0.00,0.00,0.10,17.50
S159,1486954667,0.00,0.00,0.00,0.00,0.10,17.50
S159,1486954966,0.00,0.00,0.00,0.00,0.10,17.50
S159,1486955265,0.00,0.00,0.00,0.00,0.10,17.50
S159,1486955564,0.00,0.00,0.00,0.00,0.10,17.50
S159,1486955863,0.00,0.00,0.00,0.00,0.10,17.50
S159,1486956162,0.00,0.00,0.00,0.00,0.10,17.50
S159,1486956461,0.00,0.00,0.00,0.00,0.10,17.50
S159,1486956760,0.00,0.00,0.00,0.00,0.10,17.50
S159,1486957059,0.00,0.00,0.00,0.00,0.10,17.50
S159,1486957358,0.00,0.00,0.00,0.00,0.10,17.50
S159,1486957657,0.00,0.00,0.00,0.00,0.10,17.50
S159,1486957956,0.00,0.00,0.00,0.00,0.10,17.50
S159,1486958255,0.00,0.00,0.00,0.00,0.10,17.50
S159,1486958554,0.00,0.00,0.00,0.00,0.10,17.50
S159,1486958853,0.00,0.00,0.00,0.00,0.10,17.50
S159,1486959152,0.00,0.00,0.00,0.00,0.10,17.50
S159,1486959451,0.00,0.00,0.00,0.00,0.10,17.50
S159,1486959750,0.00,0.00,0.00,0.00,0.10,17.50
S159,1486960049,0.00,0.00,0.00,0.00,0.10,17.50
S159,1486960348,0.00,0.00,0.00,0.00,0.10,17.50
S159,1486960647,0.00,0.00,0.00,0.00,0.10,17.50
S159,1486960946,0.00,0.00,0.00,0.00,0.10,17.50
S159,1486961245,0.00,0.00,0.00,0.00,0.10,17.50
S159,1486961544,0.00,0.00,0.00,0.00,0.10,17.50
S159,1486961843,0.00,0.00,0.00,0.00,0.10,17.50
S159,1486962142,0.00,0.00,0.00,0.00,0.10,17.50
S159,1486962441,0.00,0.00,0.00,0.00,0.10,17.50
S159,1486962740,0.00,0.00,0.00,0.00,0.10,17.50
S159,1486963039,0.00,0.00,0.00,0.00,0.10,17.50
S159,1486963338,0.00,0.00,0.00,0.00,0.10,17.50
S159,1486963637,0.00,0.00,0.00,0.00,0.10,17.50
S159,1486963936,0.00,0.00,0.00,0.00,0.10,17.50
S159,1486964235,0.00,0.00,0.00,0.00,0.10,17.50
S159,1486964534,0.00,0.00,0.00,0.00,0.10,17.50
S159,1486964833,0.00,0.00,0.00,0.00,0.10,17.50
S159,1486965132,0.00,0.00,0.00,0.00,0.10,17.50
S159,1486965431,0.00,0.00,0.00,0.00,0.10,17.50
S159,1486965730,0.00,0.00,0.00,0.00,0.10,17.50
S159,1486966029,0.00,0.00,0.00,0.00,0.10,17.50
S159,1486966328,0.00,0.00,0.00,0.00,0.10,17.50
S159,1486966627,0.00,0.00,0.00,0.00,0.10,17.50
S159,1486966926,0.00,0.00,0.00,0.00,0.10,17.50
S159,1486967225,0.00,0.00,0.00,0.00,0.10,17.50
S159,1486967524,0.00,0.00,0.00,0.00,0.10,17.50
S159,1486967823,0.00,0.00,0.00,0.00,0.10,17.50
S159,1486968122,0.00,0.00,0.00,0.00,0.10,17.50
S159,1486968421,0.00,0.00,0.00,0.00,0.10,17.50
S159,1486968720,0.00,0.00,0.00,0.00,0.10,17.50
S159,1486969019,0.00,0.00,0.00,0.00,0.10,17.50
S159,1486969318,0.00,0.00,0.00,0.00,0.10,17.50
S159,1486969617,0.00,0.00,0.00,0.00,0.10,17.50
S159,1486969916,0.00,0.00,0.00,0.00,0.10,17.50
S159,1486970215,0.00,0.00,0.00,0.00,0.10,17.50
S159,1486970514,0.00,0.00,0.00,0.00,0.10,17.50
S159,1486970813,0.00,0.00,0.00,0.00,0.10,17.50
S159,1486971112,0.00,0.00,0.00,0.00,0.10,17.50
S159,1486971411,0.00,0.00,0.00,0.00,0.10,17.50
S159,1486971710,0.00,0.00,0.00,0.00,0.10,17.50
S159,1486972009,0.00,0.00,0.00,0.00,0.10,17.50
S159,1486972308,0.00,0.00,0.00,0.00,0.10,17.50
S159,1486972607,0.00,0.00,0.00,0.00,0.10,17.50
S159,1486972906,0.00,0.00,0.00,0.00,0.10,17.50
S159,1486973205,0.00,0.00,0.00,0.00,0.10,17.50
S159,1486973504,0.00,0.00,0.00,0.00,0.10,17.50
S159,1486973803,0.00,0.00,0.00,0.00,0.10,17.50
S159,1486974102,0.00,0.00,0.00,0.00,0.10,17.50
S159,1486974401,0.00,0.00,0.00,0.00,0.10,17.50
S159,1486974700,0.00,0.00,0.00,0.00,0.10,17.50
S159,1486974999,0.00,0.00,0.00,0.00,0.10,17.50
S159,1486975298,0.00,0.00,0.00,0.00,0.10,17.50
S159,1486975597,0.00,0.00,0.00,0.00,0.10,17.50
S159,1486975896,0.00,0.00,0.00,0.00,0.10,17.50
S159,1486976195,0.00,0.00,0.00,0.00,0.10,17.50
S159,1486976494,0.00,0.00,0.00,0.00,0.10,17.50
S159,1486976793,0.00,0.00,0.00,0.00,0.10,17.50
S159,1486977092,0.00,0.00,0.00,0.00,0.10,17.50
S159,1486977391,0.00,0.00,0.00,0.00,0.10,17.50
S159,1486977690,0.00,0.00,0.00,0.00,0.10,17.50
S159,1486977989,0.00,0.00,0.00,0.00,0.10,17.50
S159,1486978288,0.00,0.00,0.00,0.00,0.10,17.50
S159,1486978587,0.00,0.00,0.00,0.00,0.10,17.50
S159,1486978886,0.00,0.00,0.00,0.00,0.10,17.50
S159,1486979185,0.00,0.00,0.00,0.00,0.10,17.50
S159,1486979484,0.00,0.00,0.00,0.00,0.10,17.50
S159,1486979783,0.00,0.00,0.00,0.00,0.10,17.50
S159,1486980082,0.00,0.00,0.00,0.00,0.10,17.50
S159,1486980381,0.00,0.00,0.00,0.00,0.10,17.50
S159,1486980680,0.00,0.00,0.00,0.00,0.10,17.50
S159,1486980979,0.00,0.00,0.00,0.00,0.10,17.50
S159,1486981278,0.00,0.00,0.00,0.00,0.10,17.50
S159,1486981577,0.00,0.00,0.00,0.00,0.10,17.50
S159,1486981876,0.00,0.00,0.00,0.00,0.10,17.50
S159,1486982175,0.00,0.00,0.00,0.00,0.10,17.50
S159,1486982474,0.00,0.00,0.00,0.00,0.10,17.50
S159,1486982773,0.00,0.00,0.00,0.00,0.10,17.50
S159,1486983072,0.00,0.00,0.00,0.00,0.10,17.50
S159,1486983371,0.00,0.00,0.00,0.00,0.10,17.50
S159,1486983670,0.00,0.00,0.00,0.00,0.10,17.50
S159,1486983969,0.00,0.00,0.00,0.00,0.10,17.50
S159,1486984268,0.00,0.00,0.00,0.00,0.10,17.50
S159,1486984567,0.00,0.00,0.00,0.00,0.10,17.50
S159,1486984866,0.00,0.00,0.00,0.00,0.10,17.50
S159,1486985165,0.00,0.00,0.00,0.00,0.10,17.50
S159,1486985464,0.00,0.00,0.00,0.00,0.10,17.50
S159,1486985763,0.00,0.00,0.00,0.00,0.10,17.50
S159,1486986062,0.00,0.00,0.00,0.00,0.10,17.50
S159,1486986361,0.00,0.00,0.00,0.00,0.10,17.50
S159,1486911899,0.00,0.00,0.00,0.00,0.10,17.50
S159,1486912198,0.00,0.00,0.00,0.00,0.10,17.50
S159,1486912497,0.00,0.00,0.00,0.00,0.10,17.50
S159,1486912796,0.00,0.00,0.00,0.00,0.10,17.50
S159,1486913095,0.00,0.00,0.00,0.00,0.10,17.50
S159,1486913394,0.00,0.00,0.00,0.00,0.10,17.50
S159,1486913693,0.00,0.00,0.00,0.00,0.10,17.50
S159,1486913992,0.00,0.00,0.00,0.00,0.10,17.50
S159,1486914291,0.00,0.00,0.00,0.00,0.10,17.50
S159,1486914590,0.00,0.00,0.00,0.00,0.10,17.50
S159,1486914889,0.00,0.00,0.00,0.00,0.10,17.50
S159,1486915188,0.00,0.00,0.00,0.00,0.10,17.50
S159,1486915487,0.00,0.00,0.00,0.00,0.10,17.50
S159,1486915786,0.00,0.00,0.00,0.00,0.10,17.50
S159,1486916085,0.00,0.00,0.00,0.00,0.10,17.50
S159,1486916385,0.00,0.00,0.00,0.00,0.10,17.50
S159,1486916684,0.00,0.00,0.00,0.00,0.10,17.50
S159,1486916983,0.00,0.00,0.00,0.00,0.10,17.50
S159,1486917283,0.00,0.00,0.00,0.00,0.10,17.50
S159,1486917582,0.00,0.00,0.00,0.00,0.10,17.50
S159,1486917881,0.00,0.00,0.00,0.00,0.10,17.50
S159,1486918181,0.00,0.00,0.00,0.00,0.10,17.50
S159,1486918480,0.00,0.00,0.00,0.00,0.10,17.50
S159,1486918780,0.00,0.00,0.00,0.00,0.10,17.50
S159,1486919079,0.00,0.00,0.00,0.00,0.10,17.50
S159,1486919378,0.00,0.00,0.00,0.00,0.10,17.50
S159,1486919677,0.00,0.00,0.00,0.00,0.10,17.50
S159,1486919977,0.00,0.00,0.00,0.00,0.10,17.50
S159,1486920276,0.00,0.00,0.00,0.00,0.10,17.50
S159,1486920575,0.00,0.00,0.00,0.00,0.10,17.50
S159,1486920874,0.00,0.00,0.00,0.00,0.10,17.50
S159,1486921174,0.00,0.00,0.00,0.00,0.10,17.50
S159,1486921473,0.00,0.00,0.00,0.00,0.10,17.50
S159,1486921772,0.00,0.00,0.00,0.00,0.10,17.50
S159,1486922071,0.00,0.00,0.00,0.00,0.10,17.50
S159,1486922371,0.00,0.00,0.00,0.00,0.10,17.50
S159,1486922670,0.00,0.00,0.00,0.00,0.10,17.50
S159,1486922969,0.00,0.00,0.00,0.00,0.10,17.50
S159,1486923268,0.00,0.00,0.00,0.00,0.10,17.50
S159,1486923567,0.00,0.00,0.00,0.00,0.10,17.50
S159,1486923867,0.00,0.00,0.00,0.00,0.10,17.50
S159,1486924166,0.00,0.00,0.00,0.00,0.10,17.50
S159,1486924465,0.00,0.00,0.00,0.00,0.10,17.50
S159,1486924764,0.00,0.00,0.00,0.00,0.10,17.50
S159,1486925063,0.00,0.00,0.00,0.00,0.10,17.50
S159,1486925362,0.00,0.00,0.00,0.00,0.10,17.50
S159,1486925661,0.00,0.00,0.00,0.00,0.10,17.50
S159,1486925961,0.00,0.00,0.00,0.00,0.10,17.50
S159,1486926260,0.00,0.00,0.00,0.00,0.10,17.50
S159,1486926559,0.00,0.00,0.00,0.00,0.10,17.50
S159,1486926858,0.00,0.00,0.00,0.00,0.10,17.50
S159,1486927157,0.00,0.00,0.00,0.00,0.10,17.50
S159,1486927456,0.00,0.00,0.00,0.00,0.10,17.50
S159,1486927755,0.00,0.00,0.00,0.00,0.10,17.50
S159,1486928054,0.00,0.00,0.00,0.00,0.10,17.50
S159,1486928353,0.00,0.00,0.00,0.00,0.10,17.50
S159,1486928652,0.00,0.00,0.00,0.00,0.10,17.50
S159,1486928951,0.00,0.00,0.00,0.00,0.10,17.50
S159,1486929250,0.00,0.00,0.00,0.00,0.10,17.50
S159,1486929549,0.00,0.00,0.00,0.00,0.10,17.50
S159,1486929848,0.00,0.00,0.00,0.00,0.10,17.50
S159,1486930147,0.00,0.00,0.00,0.00,0.10,17.50
S159,1486930446,0.00,0.00,0.00,0.00,0.10,17.50
S159,1486930745,0.00,0.00,0.00,0.00,0.10,17.50
S159,1486931044,0.00,0.00,0.00,0.00,0.10,17.50
S159,1486931343,0.00,0.00,0.00,0.00,0.10,17.50
S159,1486931642,0.00,0.00,0.00,0.00,0.10,17.50
S159,1486931941,0.00,0.00,0.00,0.00,0.10,17.50
S159,1486932240,0.00,0.00,0.00,0.00,0.10,17.50
S159,1486932539,0.00,0.00,0.00,0.00,0.10,17.50
S159,1486932838,0.00,0.00,0.00,0.00,0.10,17.50
S159,1486933137,0.00,0.00,0.00,0.00,0.10,17.50
S159,1486933436,0.00,0.00,0.00,0.00,0.10,17.50
S159,1486933735,0.00,0.00,0.00,0.00,0.10,17.50
S159,1486934034,0.00,0.00,0.00,0.00,0.10,17.50
S159,1486934333,0.00,0.00,0.00,0.00,0.10,17.50
S159,1486934632,0.00,0.00,0.00,0.00,0.10,17.50
S159,1486934931,0.00,0.00,0.00,0.00,0.10,17.50
S159,1486935230,0.00,0.00,0.00,0.00,0.10,17.50
S159,1486935529,0.00,0.00,0.00,0.00,0.10,17.50
S159,1486935828,0.00,0.00,0.00,0.00,0.10,17.50
S159,1486936127,0.00,0.00,0.00,0.00,0.10,17.50
S159,1486936426,0.00,0.00,0.00,0.00,0.10,17.50
S159,1486936725,0.00,0.00,0.00,0.00,0.10,17.50
S159,1486937024,0.00,0.00,0.00,0.00,0.10,17.50
S159,1486937323,0.00,0.00,0.00,0.00,0.10,17.50
S159,1486937622,0.00,0.00,0.00,0.00,0.10,17.50
S159,1486937921,0.00,0.00,0.00,0.00,0.10,17.50
S159,1486938220,0.00,0.00,0.00,0.00,0.10,17.50
S159,1486938519,0.00,0.00,0.00,0.00,0.10,17.50
S159,1486938818,0.00,0.00,0.00,0.00,0.10,17.50
S159,1486939117,0.00,0.00,0.00,0.00,0.10,17.50
S159,1486939416,0.00,0.00,0.00,0.00,0.10,17.50
S159,1486939715,0.00,0.00,0.00,0.00,0.10,17.50
S159,1486940014,0.00,0.00,0.00,0.00,0.10,17.50
S159,1486940313,0.00,0.00,0.00,0.00,0.10,17.50
S159,1486940612,0.00,0.00,0.00,0.00,0.10,17.50
S159,1486940911,0.00,0.00,0.00,0.00,0.10,17.50
S159,1486941210,0.00,0.00,0.00,0.00,0.10,17.50
S159,1486941509,0.00,0.00,0.00,0.00,0.10,17.50
S159,1486941808,0.00,0.00,0.00,0.00,0.10,17.50
S159,1486942107,0.00,0.00,0.00,0.00,0.10,17.50
S159,1486942406,0.00,0.00,0.00,0.00,0.10,17.50
S159,1486942705,0.00,0.00,0.00,0.00,0.10,17.50
S159,1486943004,0.00,0.00,0.00,0.00,0.10,17.50
S159,1486943303,0.00,0.00,0.00,0.00,0.10,17.50
S159,1486943602,0.00,0.00,0.00,0.00,0.10,17.50
S159,1486943901,0.00,0.00,0.00,0.00,0.10,17.50
S159,1486944200,0.00,0.00,0.00,0.00,0.10,17.50
S159,1486944499,0.00,0.00,0.00,0.00,0.10,17.50
S159,1486944798,0.00,0.00,0.00,0.00,0.10,17.50
S159,1486945097,0.00,0.00,0.00,0.00,0.10,17.50
S159,1486945396,0.00,0.00,0.00,0.00,0.10,17.50
S159,1486945695,0.00,0.00,0.00,0.00,0.10,17.50
S159,1486945994,0.00,0.00,0.00,0.00,0.10,17.50
S159,1486946293,0.00,0.00,0.00,0.00,0.10,17.50
S159,1486946592,0.00,0.00,0.00,0.00,0.10,17.50
S159,1486946891,0.00,0.00,0.00,0.00,0.10,17.50
S159,1486947190,0.00,0.00,0.00,0.00,0.10,17.50
S159,1486947489,0.00,0.00,0.00,0.00,0.10,17.50
S159,1486947788,0.00,0.00,0.00,0.00,0.10,17.50
S159,1486948087,0.00,0.00,0.00,0.00,0.10,17.50
S159,1486948386,0.00,0.00,0.00,0.00,0.10,17.50
S159,1486948685,0.00,0.00,0.00,0.00,0.10,17.50
S159,1486948984,0.00,0.00,0.00,0.00,0.10,17.50
S159,1486949283,0.00,0.00,0.00,0.00,0.10,17.50
S159,1486949582,0.00,0.00,0.00,0.00,0.10,17.50
S159,1486949881,0.00,0.00,0.00,0.00,0.10,17.50
S159,1486950181,0.00,0.00,0.00,0.00,0.10,17.50
S159,1486950480,0.00,0.00,0.00,0.00,0.10,17.50
S159,1486950779,0.00,0.00,0.00,0.00,0.10,17.50
S159,1486951078,0.00,0.00,0.00,0.00,0.10,17.50
S159,1486951377,0.00,0.00,0.00,0.00,0.10,17.50
S159,1486951676,0.00,0.00,0.00,0.00,0.10,17.50
S159,1486951975,0.00,0.00,0.00,0.00,0.10,17.50
S159,1486952274,0.00,0.00,0.00,0.00,0.10,17.50
S159,1486952573,0.00,0.00,0.00,0.00,0.10,17.50
S159,1486952872,0.00,0.00,0.00,0.00,0.10,17.50
S159,1486953171,0.00,0.00,0.00,0.00,0.10,17.50
S159,1486953470,0.00,0.00,0.00,0.00,0.10,17.50
S159,1486953769,0.00,0.00,0.00,0.00,0.10,17.50
S159,1486954068,0.00,0.00,0.00,0.00,0.10,17.50
S159,1486954367,0.00,0.00,0.00,0.00,0.10,17.50
S159,1486954666,0.00,0.00,0.00,0.00,0.10,17.50
S159,1486954965,0.00,0.00,0.00,0.00,0.10,17.50
S159,1486955264,0.00,0.00,0.00,0.00,0.10,17.50
S159,1486955563,0.00,0.00,0.00,0.00,0.10,17.50
S159,1486955862,0.00,0.00,0.00,0.00,0.10,17.50
S159,1486956161,0.00,0.00,0.00,0.00,0.10,17.50
S159,1486956460,0.00,0.00,0.00,0.00,0.10,17.50
S159,1486956759,0.00,0.00,0.00,0.00,0.10,17.50
S159,1486957058,0.00,0.00,0.00,0.00,0.10,17.50
S159,1486957357,0.00,0.00,0.00,0.00,0.10,17.50
S159,1486957656,0.00,0.00,0.00,0.00,0.10,17.50
S159,1486957955,0.00,0.00,0.00,0.00,0.10,17.50
S159,1486958254,0.00,0.00,0.00,0.00,0.10,17.50
S159,1486958553,0.00,0.00,0.00,0.00,0.10,17.50
S159,1486958852,0.00,0.00,0.00,0.00,0.10,17.50
S159,1486959151,0.00,0.00,0.00,0.00,0.10,17.50
S159,1486959450,0.00,0.00,0.00,0.00,0.10,17.50
S159,1486959749,0.00,0.00,0.00,0.00,0.10,17.50
S159,1486960048,0.00,0.00,0.00,0.00,0.10,17.50
S159,1486960347,0.00,0.00,0.00,0.00,0.10,17.50
S159,1486960646,0.00,0.00,0.00,0.00,0.10,17.50
S159,1486960945,0.00,0.00,0.00,0.00,0.10,17.50
S159,1486961244,0.00,0.00,0.00,0.00,0.10,17.50
S159,1486961543,0.00,0.00,0.00,0.00,0.10,17.50
S159,1486961842,0.00,0.00,0.00,0.00,0.10,17.50
S159,1486962141,0.00,0.00,0.00,0.00,0.10,17.50
S159,1486962440,0.00,0.00,0.00,0.00,0.10,17.50
S159,1486962739,0.00,0.00,0.00,0.00,0.10,17.50
S159,1486963038,0.00,0.00,0.00,0.00,0.10,17.50
S159,1486963337,0.00,0.00,0.00,0.00,0.10,17.50
S159,1486963636,0.00,0.00,0.00,0.00,0.10,17.50
S159,1486963935,0.00,0.00,0.00,0.00,0.10,17.50
S159,1486964234,0.00,0.00,0.00,0.00,0.10,17.50
S159,1486964533,0.00,0.00,0.00,0.00,0.10,17.50
S159,1486964832,0.00,0.00,0.00,0.00,0.10,17.50
S159,1486965131,0.00,0.00,0.00,0.00,0.10,17.50
S159,1486965430,0.00,0.00,0.00,0.00,0.10,17.50
S159,1486965729,0.00,0.00,0.00,0.00,0.10,17.50
S159,1486966028,0.00,0.00,0.00,0.00,0.10,17.50
S159,1486966327,0.00,0.00,0.00,0.00,0.10,17.50
S159,1486966626,0.00,0.00,0.00,0.00,0.10,17.50
S159,1486966925,0.00,0.00,0.00,0.00,0.10,17.50
S159,1486967224,0.00,0.00,0.00,0.00,0.10,17.50
S159,1486967523,0.00,0.00,0.00,0.00,0.10,17.50
S159,1486967822,0.00,0.00,0.00,0.00,0.10,17.50
S159,1486968121,0.00,0.00,0.00,0.00,0.10,17.50
S159,1486968420,0.00,0.00,0.00,0.00,0.10,17.50
S159,1486968719,0.00,0.00,0.00,0.00,0.10,17.50
S159,1486969018,0.00,0.00,0.00,0.00,0.10,17.50
S159,1486969317,0.00,0.00,0.00,0.00,0.10,17.50
S159,1486969616,0.00,0.00,0.00,0.00,0.10,17.50
S159,1486969915,0.00,0.00,0.00,0.00,0.10,17.50
S159,1486970214,0.00,0.00,0.00,0.00,0.10,17.50
S159,1486970513,0.00,0.00,0.00,0.00,0.10,17.50
S159,1486970812,0.00,0.00,0.00,0.00,0.10,17.50
S159,1486971111,0.00,0.00,0.00,0.00,0.10,17.50
S159,1486971410,0.00,0.00,0.00,0.00,0.10,17.50
S159,1486971709,0.00,0.00,0.00,0.00,0.10,17.50
S159,1486972008,0.00,0.00,0.00,0.00,0.10,17.50
S159,1486972307,0.00,0.00,0.00,0.00,0.10,17.50
S159,1486972606,0.00,0.00,0.00,0.00,0.10,17.50
S159,1486972905,0.00,0.00,0.00,0.00,0.10,17.50
S159,1486973204,0.00,0.00,0.00,0.00,0.10,17.50
S159,1486973503,0.00,0.00,0.00,0.00,0.10,17.50
S159,1486973802,0.00,0.00,0.00,0.00,0.10,17.50
S159,1486974101,0.00,0.00,0.00,0.00,0.10,17.50
S159,1486974400,0.00,0.00,0.00,0.00,0.10,17.50
S159,1486974699,0.00,0.00,0.00,0.00,0.10,17.50
S159,1486974998,0.00,0.00,0.00,0.00,0.10,17.50
S159,1486975297,0.00,0.00,0.00,0.00,0.10,17.50
S159,1486975596,0.00,0.00,0.00,0.00,0.10,17.50
S159,1486975895,0.00,0.00,0.00,0.00,0.10,17.50
S159,1486976194,0.00,0.00,0.00,0.00,0.10,17.50
S159,1486976493,0.00,0.00,0.00,0.00,0.10,17.50
S159,1486976792,0.00,0.00,0.00,0.00,0.10,17.50
S159,1486977091,0.00,0.00,0.00,0.00,0.10,17.50
S159,1486977390,0.00,0.00,0.00,0.00,0.10,17.50
S159,1486977689,0.00,0.00,0.00,0.00,0.10,17.50
S159,1486977988,0.00,0.00,0.00,0.00,0.10,17.50
S159,1486978287,0.00,0.00,0.00,0.00,0.10,17.50
S159,1486978586,0.00,0.00,0.00,0.00,0.10,17.50
S159,1486978885,0.00,0.00,0.00,0.00,0.10,17.50
S159,1486979184,0.00,0.00,0.00,0.00,0.10,17.50
S159,1486979483,0.00,0.00,0.00,0.00,0.10,17.50
S159,1486979782,0.00,0.00,0.00,0.00,0.10,17.50
S159,1486980081,0.00,0.00,0.00,0.00,0.10,17.50
S159,1486980380,0.00,0.00,0.00,0.00,0.10,17.50
S159,1486980679,0.00,0.00,0.00,0.00,0.10,17.50
S159,1486980978,0.00,0.00,0.00,0.00,0.10,17.50
S159,1486981277,0.00,0.00,0.00,0.00,0.10,17.50
S159,1486981576,0.00,0.00,0.00,0.00,0.10,17.50
S159,1486981875,0.00,0.00,0.00,0.00,0.10,17.50
S159,1486982174,0.00,0.00,0.00,0.00,0.10,17.50
S159,1486982473,0.00,0.00,0.00,0.00,0.10,17.50
S159,1486982772,0.00,0.00,0.00,0.00,0.10,17.50
S159,1486983071,0.00,0.00,0.00,0.00,0.10,17.50
S159,1486983370,0.00,0.00,0.00,0.00,0.10,17.50
S159,1486983669,0.00,0.00,0.00,0.00,0.10,17.50
S159,1486983968,0.00,0.00,0.00,0.00,0.10,17.50
S159,1486984267,0.00,0.00,0.00,0.00,0.10,17.50
S159,1486984566,0.00,0.00,0.00,0.00,0.10,17.50
S159,1486984865,0.00,0.00,0.00,0.00,0.10,17.50
S159,1486985164,0.00,0.00,0.00,0.00,0.10,17.50
S159,1486985463,0.00,0.00,0.00,0.00,0.10,17.50
S159,1486985762,0.00,0.00,0.00,0.00,0.10,17.50
S159,1486986061,0.00,0.00,0.00,0.00,0.10,17.50
S159,1486986360,0.00,0.00,0.00,0.00,0.10,17.50
S159,1486986659,0.00,0.00,0.00,0.00,0.10,17.50
S159,1486986958,0.00,0.00,0.00,0.00,0.10,17.50
S159,1486987257,0.00,0.00,0.00,0.00,0.10,17.50
S159,1486987556,0.00,0.00,0.00,0.00,0.10,17.50
S159,1486987855,0.00,0.00,0.00,0.00,0.10,17.50
S159,1486988154,0.00,0.00,0.00,0.00,0.10,17.50
S159,1486988454,0.00,0.00,0.00,0.00,0.10,17.50
S159,1486988753,0.00,0.00,0.00,0.00,0.10,17.50
S159,1486989052,0.00,0.00,0.00,0.00,0.10,17.50
S159,1486989351,0.00,0.00,0.00,0.00,0.10,17.50
S159,1486989650,0.00,0.00,0.00,0.00,0.10,17.50
S159,1486989949,0.00,0.00,0.00,0.00,0.10,17.50
S159,1486990248,0.00,0.00,0.00,0.00,0.10,17.50
S159,1486990547,0.00,0.00,0.00,0.00,0.10,17.50
S159,1486990846,0.00,0.00,0.00,0.00,0.10,17.50
S159,1486991145,0.00,0.00,0.00,0.00,0.10,17.50
S159,1486991444,0.00,0.00,0.00,0.00,0.10,17.50
S159,1486991743,0.00,0.00,0.00,0.00,0.10,17.50
S159,1486992042,0.00,0.00,0.00,0.00,0.10,17.50
S159,1486992341,0.00,0.00,0.00,0.00,0.10,17.50
S159,1486992640,0.00,0.00,0.00,0.00,0.10,17.50
S159,1486992939,0.00,0.00,0.00,0.00,0.10,17.50
S159,1486993238,0.00,0.00,0.00,0.00,0.10,17.50
S159,1486993537,0.00,0.00,0.00,0.00,0.10,17.50
S159,1486993836,0.00,0.00,0.00,0.00,0.10,17.50
S159,1486994135,0.00,0.00,0.00,0.00,0.10,17.50
S159,1486994434,0.00,0.00,0.00,0.00,0.10,17.50
S159,1486994733,0.00,0.00,0.00,0.00,0.10,17.50
S159,1486995032,0.00,0.00,0.00,0.00,0.10,17.50
S159,1486995331,0.00,0.00,0.00,0.00,0.10,17.50
S159,1486995630,0.00,0.00,0.00,0.00,0.10,17.50
S159,1486995929,0.00,0.00,0.00,0.00,0.10,17.50
S159,1486996228,0.00,0.00,0.00,0.00,0.10,17.50
S159,1486996527,0.00,0.00,0.00,0.00,0.10,17.50
S159,1486996826,0.00,0.00,0.00,0.00,0.10,17.50
S159,1486997125,0.00,0.00,0.00,0.00,0.10,17.50
S159,1486997424,0.00,0.00,0.00,0.00,0.10,17.50
S159,1486997723,0.00,0.00,0.00,0.00,0.10,17.50
S159,1486998022,0.00,0.00,0.00,0.00,0.10,17.50
S159,1486998321,0.00,0.00,0.00,0.00,0.10,17.50
S159,1486998620,0.00,0.00,0.00,0.00,0.10,17.50
S159,1486998919,0.00,0.00,0.00,0.00,0.10,17.50
S159,1486999218,0.00,0.00,0.00,0.00,0.10,17.50
S159,1486999517,0.00,0.00,0.00,0.00,0.10,17.50
S159,1486999816,0.00,0.00,0.00,0.00,0.10,17.50
S159,1487000115,0.00,0.00,0.00,0.00,0.10,17.50
S159,1487000414,0.00,0.00,0.00,0.00,0.10,17.50
S159,1487000713,0.00,0.00,0.00,0.00,0.10,17.50
S159,1487001012,0.00,0.00,0.00,0.00,0.10,17.50
S159,1487001311,0.00,0.00,0.00,0.00,0.10,17.50
S159,1487001610,0.00,0.00,0.00,0.00,0.10,17.50
S159,1487001909,0.00,0.00,0.00,0.00,0.10,17.50
S159,1487002208,0.00,0.00,0.00,0.00,0.10,17.50
S159,1487002507,0.00,0.00,0.00,0.00,0.10,17.50
S159,1487002806,0.00,0.00,0.00,0.00,0.10,17.50
S159,1487003105,0.00,0.00,0.00,0.00,0.10,17.50
S159,1487003404,0.00,0.00,0.00,0.00,0.10,17.50
S159,1487003703,0.00,0.00,0.00,0.00,0.10,17.50
S159,1487004002,0.00,0.00,0.00,0.00,0.10,17.50
S159,1487004301,0.00,0.00,0.00,0.00,0.10,17.50
S159,1487004600,0.00,0.00,0.00,0.00,0.10,17.50
S159,1487004899,0.00,0.00,0.00,0.00,0.10,17.50
S159,1487005198,0.00,0.00,0.00,0.00,0.10,17.50
S159,1487005497,0.00,0.00,0.00,0.00,0.10,17.50
S159,1487005796,0.00,0.00,0.00,0.00,0.10,17.50
S159,1487006095,0.00,0.00,0.00,0.00,0.10,17.50
S159,1487006394,0.00,0.00,0.00,0.00,0.10,17.50
S159,1487006693,0.00,0.00,0.00,0.00,0.10,17.50
S159,1487006992,0.00,0.00,0.00,0.00,0.10,17.50
S159,1487007291,0.00,0.00,0.00,0.00,0.10,17.50
S159,1487007590,0.00,0.00,0.00,0.00,0.10,17.50
S159,1487007889,0.00,0.00,0.00,0.00,0.10,17.50
S159,1487008188,0.00,0.00,0.00,0.00,0.10,17.50
S159,1487008487,0.00,0.00,0.00,0.00,0.10,17.50
S159,1487008786,0.00,0.00,0.00,0.00,0.10,17.50
S159,1487009085,0.00,0.00,0.00,0.00,0.10,17.50
S159,1487009384,0.00,0.00,0.00,0.00,0.10,17.50
S159,1487009683,0.00,0.00,0.00,0.00,0.10,17.50
S159,1487009982,0.00,0.00,0.00,0.00,0.10,17.50
S159,1487010281,0.00,0.00,0.00,0.00,0.10,17.50
S159,1487010580,0.00,0.00,0.00,0.00,0.10,17.50
S159,1487010879,0.00,0.00,0.00,0.00,0.10,17.50
S159,1487011178,0.00,0.00,0.00,0.00,0.10,17.50
S159,1487011477,0.00,0.00,0.00,0.00,0.10,17.50
S159,1487011776,0.00,0.00,0.00,0.00,0.10,17.50
S159,1487012075,0.00,0.00,0.00,0.00,0.10,17.50
S159,1487012374,0.00,0.00,0.00,0.00,0.10,17.50
S159,1487012673,0.00,0.00,0.00,0.00,0.10,17.50
S159,1487012972,0.00,0.00,0.00,0.00,0.10,17.50
S159,1487013271,0.00,0.00,0.00,0.00,0.10,17.50
S159,1487013570,0.00,0.00,0.00,0.00,0.10,17.50
S159,1487013869,0.00,0.00,0.00,0.00,0.10,17.50
S159,1487014168,0.00,0.00,0.00,0.00,0.10,17.50
S159,1487014467,0.00,0.00,0.00,0.00,0.10,17.50
S159,1487014766,0.00,0.00,0.00,0.00,0.10,17.50
S159,1487015065,0.00,0.00,0.00,0.00,0.10,17.50
S159,1487015364,0.00,0.00,0.00,0.00,0.10,17.50
S159,1487015663,0.00,0.00,0.00,0.00,0.10,17.50
S159,1487015962,0.00,0.00,0.00,0.00,0.10,17.50
S159,1487016261,0.00,0.00,0.00,0.00,0.10,17.50
S159,1487016560,0.00,0.00,0.00,0.00,0.10,17.50
S159,1487016859,0.00,0.00,0.00,0.00,0.10,17.50
S159,1487017158,0.00,0.00,0.00,0.00,0.10,17.50
S159,1487017457,0.00,0.00,0.00,0.00,0.10,17.50
S159,1487017756,0.00,0.00,0.00,0.00,0.10,17.50
S159,1487018055,0.00,0.00,0.00,0.00,0.10,17.50
S159,1487018354,0.00,0.00,0.00,0.00,0.10,17.50
S159,1487018653,0.00,0.00,0.00,0.00,0.10,17.50
S159,1487018952,0.00,0.00,0.00,0.00,0.10,17.50
S159,1487019251,0.00,0.00,0.00,0.00,0.10,17.50
S159,1487019550,0.00,0.00,0.00,0.00,0.10,17.50
S159,1487019849,0.00,0.00,0.00,0.00,0.10,17.50
S159,1487020148,0.00,0.00,0.00,0.00,0.10,17.50
S159,1487020447,0.00,0.00,0.00,0.00,0.10,17.50
S159,1487020746,0.00,0.00,0.00,0.00,0.10,17.50
S159,1487021045,0.00,0.00,0.00,0.00,0.10,17.50
S159,1487021344,0.00,0.00,0.00,0.00,0.10,17.50
S159,1487021643,0.00,0.00,0.00,0.00,0.10,17.50
S159,1487021942,0.00,0.00,0.00,0.00,0.10,17.50
S159,1487022241,0.00,0.00,0.00,0.00,0.10,17.50
S159,1487022540,0.00,0.00,0.00,0.00,0.10,17.50
S159,1487022839,0.00,0.00,0.00,0.00,0.10,17.50
S159,1487023138,0.00,0.00,0.00,0.00,0.10,17.50
S159,1487023437,0.00,0.00,0.00,0.00,0.10,17.50
S159,1487023736,0.00,0.00,0.00,0.00,0.10,17.50
S159,1487024035,0.00,0.00,0.00,0.00,0.10,17.50
S159,1487024334,0.00,0.00,0.00,0.00,0.10,17.50
S159,1487024633,0.00,0.00,0.00,0.00,0.10,17.50
S159,1487024932,0.00,0.00,0.00,0.00,0.10,17.50
S159,1487025231,0.00,0.00,0.00,0.00,0.10,17.50
S159,1487025530,0.00,0.00,0.00,0.00,0.10,17.50
S159,1487025829,0.00,0.00,0.00,0.00,0.10,17.50
S159,1487026128,0.00,0.00,0.00,0.00,0.10,17.50
S159,1487026427,0.00,0.00,0.00,0.00,0.10,17.50
S159,1487026727,0.00,0.00,0.00,0.00,0.10,17.50
S159,1487027026,0.00,0.00,0.00,0.00,0.10,17.50
S159,1487027325,0.00,0.00,0.00,0.00,0.10,17.50
S159,1487027624,0.00,0.00,0.00,0.00,0.10,17.50
S159,1487027923,0.00,0.00,0.00,0.00,0.10,17.50
S159,1487028222,0.00,0.00,0.00,0.00,0.10,17.50
S159,1487028521,0.00,0.00,0.00,0.00,0.10,17.50
S159,1487028820,0.00,0.00,0.00,0.00,0.10,17.50
S159,1487029119,0.00,0.00,0.00,0.00,0.10,17.50
S159,1487029418,0.00,0.00,0.00,0.00,0.10,17.50
S159,1487029717,0.00,0.00,0.00,0.00,0.10,17.50
S159,1487030016,0.00,0.00,0.00,0.00,0.10,17.50
S159,1487030315,0.00,0.00,0.00,0.00,0.10,17.50
S159,1487030614,0.00,0.00,0.00,0.00,0.10,17.50
S159,1487030913,0.00,0.00,0.00,0.00,0.10,17.50
S159,1487031212,0.00,0.00,0.00,0.00,0.10,17.50
S159,1487031511,0.00,0.00,0.00,0.00,0.10,17.50
S159,1487031810,0.00,0.00,0.00,0.00,0.10,17.50
S159,1487032109,0.00,0.00,0.00,0.00,0.10,17.50
S159,1487032408,0.00,0.00,0.00,0.00,0.10,17.50
S159,1487032707,0.00,0.00,0.00,0.00,0.10,17.50
S159,1487033006,0.00,0.00,0.00,0.00,0.10,17.50
S159,1487033305,0.00,0.00,0.00,0.00,0.10,17.50
S159,1487033604,0.00,0.00,0.00,0.00,0.10,17.50
S159,1487033903,0.00,0.00,0.00,0.00,0.10,17.50
S159,1487034202,0.00,0.00,0.00,0.00,0.10,17.50
S159,1487034501,0.00,0.00,0.00,0.00,0.10,17.50
S159,1487034800,0.00,0.00,0.00,0.00,0.10,17.50
S159,1487035099,0.00,0.00,0.00,0.00,0.10,17.50
S159,1487035398,0.00,0.00,0.00,0.00,0.10,17.50
S159,1487035697,0.00,0.00,0.00,0.00,0.10,17.50
S159,1487035996,0.00,0.00,0.00,0.00,0.10,17.50
S159,1487036295,0.00,0.00,0.00,0.00,0.10,17.50
S159,1487036594,0.00,0.00,0.00,0.00,0.10,17.50
S159,1487036893,0.00,0.00,0.00,0.00,0.10,17.50
S159,1487037192,0.00,0.00,0.00,0.00,0.10,17.50
S159,1487037491,0.00,0.00,0.00,0.00,0.10,17.50
S159,1487037790,0.00,0.00,0.00,0.00,0.10,17.50
S159,1487038089,0.00,0.00,0.00,0.00,0.10,17.50
S159,1487038388,0.00,0.00,0.00,0.00,0.10,17.50
S159,1487038687,0.00,0.00,0.00,0.00,0.10,17.50
S159,1487038986,0.00,0.00,0.00,0.00,0.10,17.50
S159,1487039285,0.00,0.00,0.00,0.00,0.10,17.50
S159,1487039584,0.00,0.00,0.00,0.00,0.10,17.50
S159,1487039883,0.00,0.00,0.00,0.00,0.10,17.50
S159,1487040182,0.00,0.00,0.00,0.00,0.10,17.50
S159,1487040481,0.00,0.00,0.00,0.00,0.10,17.50
S159,1487040780,0.00,0.00,0.00,0.00,0.10,17.50
S159,1487041079,0.00,0.00,0.00,0.00,0.10,17.50
S159,1487041378,0.00,0.00,0.00,0.00,0.10,17.50
S159,1487041677,0.00,0.00,0.00,0.00,0.10,17.50
S159,1487041976,0.00,0.00,0.00,0.00,0.10,17.50
S159,1487042275,0.00,0.00,0.00,0.00,0.10,17.50
S159,1487042574,0.00,0.00,0.00,0.00,0.10,17.50
S159,1487042873,0.00,0.00,0.00,0.00,0.10,17.50
S159,1487043172,0.00,0.00,0.00,0.00,0.10,17.50
S159,1487043471,0.00,0.00,0.00,0.00,0.10,17.50
S159,1487043770,0.00,0.00,0.00,0.00,0.10,17.50
S159,1487044069,0.00,0.00,0.00,0.00,0.10,17.50
S159,1487044368,0.00,0.00,0.00,0.00,0.10,17.50
S159,1487044667,0.00,0.00,0.00,0.00,0.10,17.50
S159,1487044966,0.00,0.00,0.00,0.00,0.10,17.50
S159,1487045265,0.00,0.00,0.00,0.00,0.10,17.50
S159,1487045564,0.00,0.00,0.00,0.00,0.10,17.50
S159,1487045863,0.00,0.00,0.00,0.00,0.10,17.50
S159,1487046162,0.00,0.00,0.00,0.00,0.10,17.50
S159,1487046461,0.00,0.00,0.00,0.00,0.10,17.50
S159,1487046760,0.00,0.00,0.00,0.00,0.10,17.50
S159,1487047059,0.00,0.00,0.00,0.00,0.10,17.50
S159,1487047358,0.00,0.00,0.00,0.00,0.10,17.50
S159,1487047657,0.00,0.00,0.00,0.00,0.10,17.50
S159,1487047956,0.00,0.00,0.00,0.00,0.10,17.50
S159,1487048255,0.00,0.00,0.00,0.00,0.10,17.50
S159,1487048554,0.00,0.00,0.00,0.00,0.10,17.50
S159,1487048853,0.00,0.00,0.00,0.00,0.10,17.50
S159,1487049152,0.00,0.00,0.00,0.00,0.10,17.50
S159,1487049451,0.00,0.00,0.00,0.00,0.10,17.50
S159,1487049750,0.00,0.00,0.00,0.00,0.10,17.50
S159,1487050049,0.00,0.00,0.00,0.00,0.10,17.50
S159,1487050348,0.00,0.00,0.00,0.00,0.10,17.50
S159,1487050647,0.00,0.00,0.00,0.00,0.10,17.50
S159,1487050946,0.00,0.00,0.00,0.00,0.10,17.50
S159,1487051245,0.00,0.00,0.00,0.00,0.10,17.50
S159,1487051544,0.00,0.00,0.00,0.00,0.10,17.50
S159,1487051843,0.00,0.00,0.00,0.00,0.10,17.50
S159,1487052142,0.00,0.00,0.00,0.00,0.10,17.50
S159,1487052441,0.00,0.00,0.00,0.00,0.10,17.50
S159,1487052740,0.00,0.00,0.00,0.00,0.10,17.50
S159,1487053039,0.00,0.00,0.00,0.00,0.10,17.50
S159,1487053338,0.00,0.00,0.00,0.00,0.10,17.50
S159,1487053637,0.00,0.00,0.00,0.00,0.10,17.50
S159,1487053936,0.00,0.00,0.00,0.00,0.10,17.50
S159,1487054235,0.00,0.00,0.00,0.00,0.10,17.50
S159,1487054534,0.00,0.00,0.00,0.00,0.10,17.50
S159,1487054833,0.00,0.00,0.00,0.00,0.10,17.50
S159,1487055133,0.00,0.00,0.00,0.00,0.10,17.50
S159,1487055432,0.00,0.00,0.00,0.00,0.10,17.50
S159,1487055731,0.00,0.00,0.00,0.00,0.10,17.50
S159,1487056030,0.00,0.00,0.00,0.00,0.10,17.50
S159,1487056329,0.00,0.00,0.00,0.00,0.10,17.50
S159,1487056628,0.00,0.00,0.00,0.00,0.10,17.50
S159,1487056927,0.00,0.00,0.00,0.00,0.10,17.50
S159,1487057226,0.00,0.00,0.00,0.00,0.10,17.50
S159,1487057525,0.00,0.00,0.00,0.00,0.10,17.50
S159,1487057824,0.00,0.00,0.00,0.00,0.10,17.50
S159,1487058123,0.00,0.00,0.00,0.00,0.10,17.50
S159,1487058422,0.00,0.00,0.00,0.00,0.10,17.50
S159,1487058721,0.00,0.00,0.00,0.00,0.10,17.50
S159,1487059020,0.00,0.00,0.00,0.00,0.10,17.50
S159,1487059319,0.00,0.00,0.00,0.00,0.10,17.50
S159,1487059618,0.00,0.00,0.00,0.00,0.10,17.50
S159,1487059917,0.00,0.00,0.00,0.00,0.10,17.50
S159,1487060216,0.00,0.00,0.00,0.00,0.10,17.50
S159,1487060515,0.00,0.00,0.00,0.00,0.10,17.50
S159,1487060814,0.00,0.00,0.00,0.00,0.10,17.50
S159,1487061113,0.00,0.00,0.00,0.00,0.10,17.50
S159,1487061412,0.00,0.00,0.00,0.00,0.10,17.50
S159,1487061711,0.00,0.00,0.00,0.00,0.10,17.50
S159,1487062010,0.00,0.00,0.00,0.00,0.10,17.50
S159,1487062309,0.00,0.00,0.00,0.00,0.10,17.50
S159,1487062608,0.00,0.00,0.00,0.00,0.10,17.50
S159,1487062907,0.00,0.00,0.00,0.00,0.10,17.50
S159,1487063206,0.00,0.00,0.00,0.00,0.10,17.50
S159,1487063505,0.00,0.00,0.00,0.00,0.10,17.50
S159,1487063804,0.00,0.00,0.00,0.00,0.10,17.50
S159,1487064103,0.00,0.00,0.00,0.00,0.10,17.50
S159,1487064402,0.00,0.00,0.00,0.00,0.10,17.50
S159,1487064701,0.00,0.00,0.00,0.00,0.10,17.50
S159,1487065001,0.00,0.00,0.00,0.00,0.10,17.50
S159,1487065300,0.00,0.00,0.00,0.00,0.10,17.50
S159,1487065599,0.00,0.00,0.00,0.00,0.10,17.50
S159,1487065898,0.00,0.00,0.00,0.00,0.10,17.50
S159,1487066197,0.00,0.00,0.00,0.00,0.10,17.50
S159,1487066496,0.00,0.00,0.00,0.00,0.10,17.50
S159,1487066795,0.00,0.00,0.00,0.00,0.10,17.50
S159,1487067094,0.00,0.00,0.00,0.00,0.10,17.50
S159,1487067393,0.00,0.00,0.00,0.00,0.10,17.50
S159,1487067692,0.00,0.00,0.00,0.00,0.10,17.50
S159,1487067991,0.00,0.00,0.00,0.00,0.10,17.50
S159,1487068290,0.00,0.00,0.00,0.00,0.10,17.50
S159,1487068589,0.00,0.00,0.00,0.00,0.10,17.50
S159,1487068888,0.00,0.00,0.00,0.00,0.10,17.50
S159,1487069187,0.00,0.00,0.00,0.00,0.10,17.50
S159,1487069486,0.00,0.00,0.00,0.00,0.10,17.50
S159,1487069785,0.00,0.00,0.00,0.00,0.10,17.50
S159,1487070084,0.00,0.00,0.00,0.00,0.10,17.50
S159,1487070383,0.00,0.00,0.00,0.00,0.10,17.50
S159,1487070682,0.00,0.00,0.00,0.00,0.10,17.50
S159,1487070981,0.00,0.00,0.00,0.00,0.10,17.50
S159,1487071280,0.00,0.00,0.00,0.00,0.10,17.50
S159,1487071579,0.00,0.00,0.00,0.00,0.10,17.50
S159,1487071878,0.00,0.00,0.00,0.00,0.10,17.50
S159,1487072177,0.00,0.00,0.00,0.00,0.10,17.50
S159,1487072476,0.00,0.00,0.00,0.00,0.10,17.50
S159,1487072775,0.00,0.00,0.00,0.00,0.10,17.50
S159,1487073074,0.00,0.00,0.00,0.00,0.10,17.50
S159,1487073373,0.00,0.00,0.00,0.00,0.10,17.50
S159,1487073672,0.00,0.00,0.00,0.00,0.10,17.50
S159,1487073971,0.00,0.00,0.00,0.00,0.10,17.50
S159,1487074270,0.00,0.00,0.00,0.00,0.10,17.50
S159,1487074569,0.00,0.00,0.00,0.00,0.10,17.50
S159,1487074868,0.00,0.00,0.00,0.00,0.10,17.50
S159,1487075167,0.00,0.00,0.00,0.00,0.10,17.50
S159,1487075466,0.00,0.00,0.00,0.00,0.10,17.50
S159,1487075765,0.00,0.00,0.00,0.00,0.10,17.50
S159,1487076064,0.00,0.00,0.00,0.00,0.10,17.50
S159,1487076363,0.00,0.00,0.00,0.00,0.10,17.50
S159,1487076662,0.00,0.00,0.00,0.00,0.10,17.50
S159,1487076961,0.00,0.00,0.00,0.00,0.10,17.50
S159,1487077260,0.00,0.00,0.00,0.00,0.10,17.50
S159,1487077559,0.00,0.00,0.00,0.00,0.10,17.50
S159,1487077858,0.00,0.00,0.00,0.00,0.10,17.50
S159,1487078157,0.00,0.00,0.00,0.00,0.10,17.50
S159,1487078456,0.00,0.00,0.00,0.00,0.10,17.50
S159,1487078755,0.00,0.00,0.00,0.00,0.10,17.50
S159,1487079054,0.00,0.00,0.00,0.00,0.10,17.50
S159,1487079353,0.00,0.00,0.00,0.00,0.10,17.50
S159,1487079652,0.00,0.00,0.00,0.00,0.10,17.50
S159,1487079951,0.00,0.00,0.00,0.00,0.10,17.50
S159,1487080250,0.00,0.00,0.00,0.00,0.10,17.50
S159,1487080549,0.00,0.00,0.00,0.00,0.10,17.50
S159,1487080848,0.00,0.00,0.00,0.00,0.10,17.50
S159,1487081147,0.00,0.00,0.00,0.00,0.10,17.50
S159,1487081446,0.00,0.00,0.00,0.00,0.10,17.50
S159,1487081745,0.00,0.00,0.00,0.00,0.10,17.50
S159,1487082044,0.00,0.00,0.00,0.00,0.10,17.50
S159,1487082343,0.00,0.00,0.00,0.00,0.10,17.50
S159,1487082642,0.00,0.00,0.00,0.00,0.10,17.50
S159,1487082941,0.00,0.00,0.00,0.00,0.10,17.50
S159,1487083240,0.00,0.00,0.00,0.00,0.10,17.50
S159,1487083539,0.00,0.00,0.00,0.00,0.10,17.50
S159,1487083838,0.00,0.00,0.00,0.00,0.10,17.50
S159,1487084137,0.00,0.00,0.00,0.00,0.10,17.50
S159,1487084436,0.00,0.00,0.00,0.00,0.10,17.50
S159,1487084735,0.00,0.00,0.00,0.00,0.10,17.50
S159,1487085034,0.00,0.00,0.00,0.00,0.10,17.50
S159,1487085333,0.00,0.00,0.00,0.00,0.10,17.50
S159,1487085632,0.00,0.00,0.00,0.00,0.10,17.50
S159,1487085931,0.00,0.00,0.00,0.00,0.10,17.50
S159,1487086230,0.00,0.00,0.00,0.00,0.10,17.50
S159,1487086529,0.00,0.00,0.00,0.00,0.10,17.50
S159,1487086828,0.00,0.00,0.00,0.00,0.10,17.50
S159,1487087127,0.00,0.00,0.00,0.00,0.10,17.50
S159,1487087426,0.00,0.00,0.00,0.00,0.10,17.50
S159,1487087725,0.00,0.00,0.00,0.00,0.10,17.50
S159,1487088024,0.00,0.00,0.00,0.00,0.10,17.50
S159,1487088323,0.00,0.00,0.00,0.00,0.10,17.50
S159,1487088622,0.00,0.00,0.00,0.00,0.10,17.50
S159,1487088921,0.00,0.00,0.00,0.00,0.10,17.50
S159,1487089220,0.00,0.00,0.00,0.00,0.10,17.50
S159,1487089519,0.00,0.00,0.00,0.00,0.10,17.50
S159,1487089818,0.00,0.00,0.00,0.00,0.10,17.50
S159,1487090117,0.00,0.00,0.00,0.00,0.10,17.50
S159,1487090416,0.00,0.00,0.00,0.00,0.10,17.50
S159,1487090715,0.00,0.00,0.00,0.00,0.10,17.50
S159,1487091014,0.00,0.00,0.00,0.00,0.10,17.50
S159,1487091313,0.00,0.00,0.00,0.00,0.10,17.50
S159,1487091612,0.00,0.00,0.00,0.00,0.10,17.50
S159,1487091911,0.00,0.00,0.00,0.00,0.10,17.50
S159,1487092210,0.00,0.00,0.00,0.00,0.10,17.50
S159,1487092509,0.00,0.00,0.00,0.00,0.10,17.50
S159,1487092808,0.00,0.00,0.00,0.00,0.10,17.50
S159,1487093107,0.00,0.00,0.00,0.00,0.10,17.50
S159,1487093406,0.00,0.00,0.00,0.00,0.10,17.50
S159,1487093705,0.00,0.00,0.00,0.00,0.10,17.50
S159,1487094004,0.00,0.00,0.00,0.00,0.10,17.50
S159,1487094303,0.00,0.00,0.00,0.00,0.10,17.50
S159,1487094602,0.00,0.00,0.00,0.00,0.10,17.50
S159,1487094901,0.00,0.00,0.00,0.00,0.10,17.50
S159,1487095200,0.00,0.00,0.00,0.00,0.10,17.50
S159,1487095499,0.00,0.00,0.00,0.00,0.10,17.50
S159,1487095798,0.00,0.00,0.00,0.00,0.10,17.50
S159,1487096097,0.00,0.00,0.00,0.00,0.10,17.50
S159,1487096396,0.00,0.00,0.00,0.00,0.10,17.50
S159,1487096695,0.00,0.00,0.00,0.00,0.10,17.50
S159,1487096994,0.00,0.00,0.00,0.00,0.10,17.50
S159,1487097293,0.00,0.00,0.00,0.00,0.10,17.50
S159,1487097592,0.00,0.00,0.00,0.00,0.10,17.50
S159,1487097891,0.00,0.00,0.00,0.00,0.10,17.50
S159,1487098190,0.00,0.00,0.00,0.00,0.10,17.50
S159,1487098489,0.00,0.00,0.00,0.00,0.10,17.50
S159,1487098788,0.00,0.00,0.00,0.00,0.10,17.50
S159,1487099087,0.00,0.00,0.00,0.00,0.10,17.50
S159,1487099386,0.00,0.00,0.00,0.00,0.10,17.50
S159,1487099685,0.00,0.00,0.00,0.00,0.10,17.50
S159,1487099984,0.00,0.00,0.00,0.00,0.10,17.50
S159,1487100283,0.00,0.00,0.00,0.00,0.10,17.50
S159,1487100582,0.00,0.00,0.00,0.00,0.10,17.50
S159,1487100881,0.00,0.00,0.00,0.00,0.10,17.50
S159,1487101180,0.00,0.00,0.00,0.00,0.10,17.50
S159,1487101479,0.00,0.00,0.00,0.00,0.10,17.50
S159,1487101778,0.00,0.00,0.00,0.00,0.10,17.50
S159,1487102077,0.00,0.00,0.00,0.00,0.10,17.50
S159,1487102376,0.00,0.00,0.00,0.00,0.10,17.50
S159,1487102675,0.00,0.00,0.00,0.00,0.10,17.50
S159,1487102974,0.00,0.00,0.00,0.00,0.10,17.50
S159,1487103274,0.00,0.00,0.00,0.00,0.10,17.50
S159,1487103573,0.00,0.00,0.00,0.00,0.10,17.50
S159,1487103872,0.00,0.00,0.00,0.00,0.10,17.50
S159,1487104171,0.00,0.00,0.00,0.00,0.10,17.50
S159,1487104470,0.00,0.00,0.00,0.00,0.10,17.50
S159,1487104769,0.00,0.00,0.00,0.00,0.10,17.50
S159,1487105068,0.00,0.00,0.00,0.00,0.10,17.50
S159,1487105367,0.00,0.00,0.00,0.00,0.10,17.50
S159,1487105666,0.00,0.00,0.00,0.00,0.10,17.50
S159,1487105965,0.00,0.00,0.00,0.00,0.10,17.50
S159,1487106264,0.00,0.00,0.00,0.00,0.10,17.50
S159,1487106563,0.00,0.00,0.00,0.00,0.10,17.50
S159,1487106862,0.00,0.00,0.00,0.00,0.10,17.50
S159,1487107161,0.00,0.00,0.00,0.00,0.10,17.50
S159,1487107460,0.00,0.00,0.00,0.00,0.10,17.50
S159,1487107759,0.00,0.00,0.00,0.00,0.10,17.50
S159,1487108058,0.00,0.00,0.00,0.00,0.10,17.50
S159,1487108357,0.00,0.00,0.00,0.00,0.10,17.50
S159,1487108656,0.00,0.00,0.00,0.00,0.10,17.50
S159,1487108955,0.00,0.00,0.00,0.00,0.10,17.50
S159,1487109254,0.00,0.00,0.00,0.00,0.10,17.50
S159,1487109553,0.00,0.00,0.00,0.00,0.10,17.50
S159,1487109852,0.00,0.00,0.00,0.00,0.10,17.50
S159,1487110151,0.00,0.00,0.00,0.00,0.10,17.50
S159,1487110450,0.00,0.00,0.00,0.00,0.10,17.50
S159,1487110749,0.00,0.00,0.00,0.00,0.10,17.50
S159,1487111048,0.00,0.00,0.00,0.00,0.10,17.50
S159,1487111347,0.00,0.00,0.00,0.00,0.10,17.50
S159,1487111646,0.00,0.00,0.00,0.00,0.10,17.50
S159,1487111945,0.00,0.00,0.00,0.00,0.10,17.50
S159,1487112244,0.00,0.00,0.00,0.00,0.10,17.50
S159,1487112543,0.00,0.00,0.00,0.00,0.10,17.50
S159,1487112842,0.00,0.00,0.00,0.00,0.10,17.50
S159,1487113141,0.00,0.00,0.00,0.00,0.10,17.50
S159,1487113440,0.00,0.00,0.00,0.00,0.10,17.50
S159,1487113739,0.00,0.00,0.00,0.00,0.10,17.50
S159,1487114038,0.00,0.00,0.00,0.00,0.10,17.50
S159,1487114337,0.00,0.00,0.00,0.00,0.10,17.50
S159,1487114636,0.00,0.00,0.00,0.00,0.10,17.50
S159,1487114935,0.00,0.00,0.00,0.00,0.10,17.50
S159,1487115234,0.00,0.00,0.00,0.00,0.10,17.50
S159,1487115533,0.00,0.00,0.00,0.00,0.10,17.50
S159,1487115832,0.00,0.00,0.00,0.00,0.10,17.50
S159,1487116131,0.00,0.00,0.00,0.00,0.10,17.50
S159,1487116430,0.00,0.00,0.00,0.00,0.10,17.50
S159,1487116729,0.00,0.00,0.00,0.00,0.10,17.50
S159,1487117028,0.00,0.00,0.00,0.00,0.10,17.50
S159,1487117327,0.00,0.00,0.00,0.00,0.10,17.50
S159,1487117626,0.00,0.00,0.00,0.00,0.10,17.50
S159,1487117925,0.00,0.00,0.00,0.00,0.10,17.50
S159,1487118224,0.00,0.00,0.00,0.00,0.10,17.50
S159,1487118523,0.00,0.00,0.00,0.00,0.10,17.50
S159,1487118822,0.00,0.00,0.00,0.00,0.10,17.50
S159,1487119121,0.00,0.00,0.00,0.00,0.10,17.50
S159,1487119420,0.00,0.00,0.00,0.00,0.10,17.50
S159,1487119719,0.00,0.00,0.00,0.00,0.10,17.50
S159,1487120018,0.00,0.00,0.00,0.00,0.10,17.50
S159,1487120317,0.00,0.00,0.00,0.00,0.10,17.50
S159,1487120616,0.00,0.00,0.00,0.00,0.10,17.50
S159,1487120915,0.00,0.00,0.00,0.00,0.10,17.50
S159,1487121214,0.00,0.00,0.00,0.00,0.10,17.50
S159,1487121513,0.00,0.00,0.00,0.00,0.10,17.50
S159,1487121812,0.00,0.00,0.00,0.00,0.10,17.50
S159,1487122111,0.00,0.00,0.00,0.00,0.10,17.50
S159,1487122410,0.00,0.00,0.00,0.00,0.10,17.50
S159,1487122709,0.00,0.00,0.00,0.00,0.10,17.50
S159,1487123008,0.00,0.00,0.00,0.00,0.10,17.50
S159,1487123307,0.00,0.00,0.00,0.00,0.10,17.50
S159,1487123606,0.00,0.00,0.00,0.00,0.10,17.50
S159,1487123905,0.00,0.00,0.00,0.00,0.10,17.50
S159,1487124204,0.00,0.00,0.00,0.00,0.10,17.50
S159,1487124503,0.00,0.00,0.00,0.00,0.10,17.50
S159,1487124802,0.00,0.00,0.00,0.00,0.10,17.50
S159,1487125101,0.00,0.00,0.00,0.00,0.10,17.50
S159,1487125400,0.00,0.00,0.00,0.00,0.10,17.50
S159,1487125699,0.00,0.00,0.00,0.00,0.10,17.50
S159,1487125998,0.00,0.00,0.00,0.00,0.10,17.50
S159,1487126297,0.00,0.00,0.00,0.00,0.10,17.50
S159,1487126596,0.00,0.00,0.00,0.00,0.10,17.50
S159,1487126895,0.00,0.00,0.00,0.00,0.10,17.50
S159,1487127194,0.00,0.00,0.00,0.00,0.10,17.50
S159,1487127493,0.00,0.00,0.00,0.00,0.10,17.50
S159,1487127792,0.00,0.00,0.00,0.00,0.10,17.50
S159,1487128091,0.00,0.00,0.00,0.00,0.10,17.50
S159,1487128390,0.00,0.00,0.00,0.00,0.10,17.50
S159,1487128689,0.00,0.00,0.00,0.00,0.10,17.50
S159,1487128988,0.00,0.00,0.00,0.00,0.10,17.50
S159,1487129287,0.00,0.00,0.00,0.00,0.10,17.50
S159,1487129586,0.00,0.00,0.00,0.00,0.10,17.50
S159,1487129885,0.00,0.00,0.00,0.00,0.10,17.50
S159,1487130184,0.00,0.00,0.00,0.00,0.10,17.50
S159,1487130483,0.00,0.00,0.00,0.00,0.10,17.50
S159,1487130782,0.00,0.00,0.00,0.00,0.10,17.50
S159,1487131081,0.00,0.00,0.00,0.00,0.10,17.50
S159,1487131380,0.00,0.00,0.00,0.00,0.10,17.50
S159,1487131679,0.00,0.00,0.00,0.00,0.10,17.50
S159,1487131978,0.00,0.00,0.00,0.00,0.10,17.50
S159,1487132277,0.00,0.00,0.00,0.00,0.10,17.50
S159,1487132576,0.00,0.00,0.00,0.00,0.10,17.50
S159,1487132875,0.00,0.00,0.00,0.00,0.10,17.50
S159,1487133174,0.00,0.00,0.00,0.00,0.10,17.50
S159,1487133473,0.00,0.00,0.00,0.00,0.10,17.50
S159,1487133772,0.00,0.00,0.00,0.00,0.10,17.50
S159,1487134071,0.00,0.00,0.00,0.00,0.10,17.50
S159,1487134370,0.00,0.00,0.00,0.00,0.10,17.50
S159,1487134669,0.00,0.00,0.00,0.00,0.10,17.50
S159,1487134968,0.00,0.00,0.00,0.00,0.10,17.50
S159,1487135267,0.00,0.00,0.00,0.00,0.10,17.50
S159,1487135566,0.00,0.00,0.00,0.00,0.10,17.50
S159,1487135865,0.00,0.00,0.00,0.00,0.10,17.50
S159,1487136164,0.00,0.00,0.00,0.00,0.10,17.50
S159,1487136463,0.00,0.00,0.00,0.00,0.10,17.50
S159,1487136762,0.00,0.00,0.00,0.00,0.10,17.50
S159,1487137061,0.00,0.00,0.00,0.00,0.10,17.50
S159,1487137360,0.00,0.00,0.00,0.00,0.10,17.50
S159,1487137659,0.00,0.00,0.00,0.00,0.10,17.50
S159,1487137958,0.00,0.00,0.00,0.00,0.10,17.50
S159,1487138257,0.00,0.00,0.00,0.00,0.10,17.50
S159,1487138556,0.00,0.00,0.00,0.00,0.10,17.50
S159,1487138855,0.00,0.00,0.00,0.00,0.10,17.50
S159,1487139154,0.00,0.00,0.00,0.00,0.10,17.50
S159,1487139453,0.00,0.00,0.00,0.00,0.10,17.50
S159,1487139752,0.00,0.00,0.00,0.00,0.10,17.50
S159,1487140051,0.00,0.00,0.00,0.00,0.10,17.50
S159,1487140350,0.00,0.00,0.00,0.00,0.10,17.50
S159,1487140649,0.00,0.00,0.00,0.00,0.10,17.50
S159,1487140948,0.00,0.00,0.00,0.00,0.10,17.50
S159,1487141247,0.00,0.00,0.00,0.00,0.10,17.50
S159,1487141547,0.00,0.00,0.00,0.00,0.10,17.50
S159,1487141846,0.00,0.00,0.00,0.00,0.10,17.50
S159,1487142145,0.00,0.00,0.00,0.00,0.10,17.50
S159,1487142444,0.00,0.00,0.00,0.00,0.10,17.50
S159,1487142743,0.00,0.00,0.00,0.00,0.10,17.50
S159,1487143042,0.00,0.00,0.00,0.00,0.10,17.50
S159,1487143341,0.00,0.00,0.00,0.00,0.10,17.50
S159,1487143640,0.00,0.00,0.00,0.00,0.10,17.50
S159,1487143939,0.00,0.00,0.00,0.00,0.10,17.50
S159,1487144238,0.00,0.00,0.00,0.00,0.10,17.50
S159,1487144537,0.00,0.00,0.00,0.00,0.10,17.50
S159,1487144836,0.00,0.00,0.00,0.00,0.10,17.50
S159,1487145135,0.00,0.00,0.00,0.00,0.10,17.50
S159,1487145434,0.00,0.00,0.00,0.00,0.10,17.50
S159,1487145733,0.00,0.00,0.00,0.00,0.10,17.50
S159,1487146032,0.00,0.00,0.00,0.00,0.10,17.50
S159,1487146331,0.00,0.00,0.00,0.00,0.10,17.50
S159,1487146630,0.00,0.00,0.00,0.00,0.10,17.50
S159,1487146929,0.00,0.00,0.00,0.00,0.10,17.50
S159,1487147228,0.00,0.00,0.00,0.00,0.10,17.50
S159,1487147527,0.00,0.00,0.00,0.00,0.10,17.50
S159,1487147826,0.00,0.00,0.00,0.00,0.10,17.50
S159,1487148125,0.00,0.00,0.00,0.00,0.10,17.50
S159,1487148424,0.00,0.00,0.00,0.00,0.10,17.50
S159,1487148723,0.00,0.00,0.00,0.00,0.10,17.50
S159,1487149022,0.00,0.00,0.00,0.00,0.10,17.50
S159,1487149321,0.00,0.00,0.00,0.00,0.10,17.50
S159,1487149620,0.00,0.00,0.00,0.00,0.10,17.50
S159,1487149919,0.00,0.00,0.00,0.00,0.10,17.50
S159,1487150218,0.00,0.00,0.00,0.00,0.10,17.50
S159,1487150517,0.00,0.00,0.00,0.00,0.10,17.50
S159,1487150816,0.00,0.00,0.00,0.00,0.10,17.50
S159,1487151115,0.00,0.00,0.00,0.00,0.10,17.50
S159,1487151414,0.00,0.00,0.00,0.00,0.10,17.50
S159,1487151713,0.00,0.00,0.00,0.00,0.10,17.50
S159,1487152012,0.00,0.00,0.00,0.00,0.10,17.50
S159,1487152311,0.00,0.00,0.00,0.00,0.10,17.50
S159,1487152610,0.00,0.00,0.00,0.00,0.10,17.50
S159,1487152909,0.00,0.00,0.00,0.00,0.10,17.50
S159,1487153208,0.00,0.00,0.00,0.00,0.10,17.50
S159,1487153507,0.00,0.00,0.00,0.00,0.10,17.50
S159,1487153806,0.00,0.00,0.00,0.00,0.10,17.50
S159,1487154105,0.00,0.00,0.00,0.00,0.10,17.50
S159,1487154404,0.00,0.00,0.00,0.00,0.10,17.50
S159,1487154703,0.00,0.00,0.00,0.00,0.10,17.50
S159,1487155002,0.00,0.00,0.00,0.00,0.10,17.50
S159,1487155301,0.00,0.00,0.00,0.00,0.10,17.50
S159,1487155600,0.00,0.00,0.00,0.00,0.10,17.50
S159,1487155899,0.00,0.00,0.00,0.00,0.10,17.50
S159,1487156198,0.00,0.00,0.00,0.00,0.10,17.50
S159,1487156497,0.00,0.00,0.00,0.00,0.10,17.50
S159,1487156796,0.00,0.00,0.00,0.00,0.10,17.50
S159,1487157095,0.00,0.00,0.00,0.00,0.10,17.50
S159,1487157394,0.00,0.00,0.00,0.00,0.10,17.50
S159,1487157693,0.00,0.00,0.00,0.00,0.10,17.50
S159,1487157992,0.00,0.00,0.00,0.00,0.10,17.50
S159,1487158291,0.00,0.00,0.00,0.00,0.10,17.50
S159,1487158590,0.00,0.00,0.00,0.00,0.10,17.50
S159,1487158889,0.00,0.00,0.00,0.00,0.10,17.50
S159,1487159188,0.00,0.00,0.00,0.00,0.10,17.50
S159,1487159487,0.00,0.00,0.00,0.00,0.10,17.50
S159,1487159786,0.00,0.00,0.00,0.00,0.10,17.50
