Device,Time,DHT1-OUT Temp,DHT1-OUT Hum,DHT2-IN Temp,DHT2-IN Hum,Soil,Infrared
S145,1486911899,0.00,0.00,0.00,0.00,0.10,17.50
S145,1486912198,0.00,0.00,0.00,0.00,0.10,17.50
S145,1486912497,0.00,0.00,0.00,0.00,0.10,17.50
S145,1486912796,0.00,0.00,0.00,0.00,0.10,17.50
S145,1486913095,0.00,0.00,0.00,0.00,0.10,17.50
S145,1486913394,0.00,0.00,0.00,0.00,0.10,17.50
S145,1486913693,0.00,0.00,0.00,0.00,0.10,17.50
S145,1486913992,0.00,0.00,0.00,0.00,0.10,17.50
S145,1486914291,0.00,0.00,0.00,0.00,0.10,17.50
S145,1486914590,0.00,0.00,0.00,0.00,0.10,17.50
S145,1486914889,0.00,0.00,0.00,0.00,0.10,17.50
S145,1486915188,0.00,0.00,0.00,0.00,0.10,17.50
S145,1486915487,0.00,0.00,0.00,0.00,0.10,17.50
S145,1486915786,0.00,0.00,0.00,0.00,0.10,17.50
S145,1486916085,0.00,0.00,0.00,0.00,0.10,17.50
S145,1486916384,0.00,0.00,0.00,0.00,0.10,17.50
S145,1486916683,0.00,0.00,0.00,0.00,0.10,17.50
S145,1486916982,0.00,0.00,0.00,0.00,0.10,17.50
S145,1486917281,0.00,0.00,0.00,0.00,0.10,17.50
S145,1486917580,0.00,0.00,0.00,0.00,0.10,17.50
S145,1486917879,0.00,0.00,0.00,0.00,0.10,17.50
S145,1486918178,0.00,0.00,0.00,0.00,0.10,17.50
S145,1486918477,0.00,0.00,0.00,0.00,0.10,17.50
S145,1486918776,0.00,0.00,0.00,0.00,0.10,17.50
S145,1486919076,0.00,0.00,0.00,0.00,0.10,17.50
S145,1486919375,0.00,0.00,0.00,0.00,0.10,17.50
S145,1486919674,0.00,0.00,0.00,0.00,0.10,17.50
S145,1486919974,0.00,0.00,0.00,0.00,0.10,17.50
S145,1486920273,0.00,0.00,0.00,0.00,0.10,17.50
S145,1486920572,0.00,0.00,0.00,0.00,0.10,17.50
S145,1486920871,0.00,0.00,0.00,0.00,0.10,17.50
S145,1486921171,0.00,0.00,0.00,0.00,0.10,17.50
S145,1486921470,0.00,0.00,0.00,0.00,0.10,17.50
S145,1486921769,0.00,0.00,0.00,0.00,0.10,17.50
S145,1486922068,0.00,0.00,0.00,0.00,0.10,17.50
S145,1486922368,0.00,0.00,0.00,0.00,0.10,17.50
S145,1486922667,0.00,0.00,0.00,0.00,0.10,17.50
S145,1486922967,0.00,0.00,0.00,0.00,0.10,17.50
S145,1486923266,0.00,0.00,0.00,0.00,0.10,17.50
S145,1486923565,0.00,0.00,0.00,0.00,0.10,17.50
S145,1486923864,0.00,0.00,0.00,0.00,0.10,17.50
S145,1486924163,0.00,0.00,0.00,0.00,0.10,17.50
S145,1486924462,0.00,0.00,0.00,0.00,0.10,17.50
S145,1486924762,0.00,0.00,0.00,0.00,0.10,17.50
S145,1486925061,0.00,0.00,0.00,0.00,0.10,17.50
S145,1486925360,0.00,0.00,0.00,0.00,0.10,17.50
S145,1486925659,0.00,0.00,0.00,0.00,0.10,17.50
S145,1486925959,0.00,0.00,0.00,0.00,0.10,17.50
S145,1486926258,0.00,0.00,0.00,0.00,0.10,17.50
S145,1486926557,0.00,0.00,0.00,0.00,0.10,17.50
S145,1486926856,0.00,0.00,0.00,0.00,0.10,17.50
S145,1486927155,0.00,0.00,0.00,0.00,0.10,17.50
S145,1486927454,0.00,0.00,0.00,0.00,0.10,17.50
S145,1486927753,0.00,0.00,0.00,0.00,0.10,17.50
S145,1486928052,0.00,0.00,0.00,0.00,0.10,17.50
S145,1486928351,0.00,0.00,0.00,0.00,0.10,17.50
S145,1486928650,0.00,0.00,0.00,0.00,0.10,17.50
S145,1486928949,0.00,0.00,0.00,0.00,0.10,17.50
S145,1486929248,0.00,0.00,0.00,0.00,0.10,17.50
S145,1486929547,0.00,0.00,0.00,0.00,0.10,17.50
S145,1486929846,0.00,0.00,0.00,0.00,0.10,17.50
S145,1486930145,0.00,0.00,0.00,0.00,0.10,17.50
S145,1486930444,0.00,0.00,0.00,0.00,0.10,17.50
S145,1486930744,0.00,0.00,0.00,0.00,0.10,17.50
S145,1486931043,0.00,0.00,0.00,0.00,0.10,17.50
S145,1486931342,0.00,0.00,0.00,0.00,0.10,17.50
S145,1486931641,0.00,0.00,0.00,0.00,0.10,17.50
S145,1486931940,0.00,0.00,0.00,0.00,0.10,17.50
S145,1486932239,0.00,0.00,0.00,0.00,0.10,17.50
S145,1486932538,0.00,0.00,0.00,0.00,0.10,17.50
S145,1486932837,0.00,0.00,0.00,0.00,0.10,17.50
S145,1486933136,0.00,0.00,0.00,0.00,0.10,17.50
S145,1486933435,0.00,0.00,0.00,0.00,0.10,17.50
S145,1486933734,0.00,0.00,0.00,0.00,0.10,17.50
S145,1486934033,0.00,0.00,0.00,0.00,0.10,17.50
S145,1486934332,0.00,0.00,0.00,0.00,0.10,17.50
S145,1486934631,0.00,0.00,0.00,0.00,0.10,17.50
S145,1486934930,0.00,0.00,0.00,0.00,0.10,17.50
S145,1486935229,0.00,0.00,0.00,0.00,0.10,17.50
S145,1486935528,0.00,0.00,0.00,0.00,0.10,17.50
S145,1486935827,0.00,0.00,0.00,0.00,0.10,17.50
S145,1486936126,0.00,0.00,0.00,0.00,0.10,17.50
S145,1486936425,0.00,0.00,0.00,0.00,0.10,17.50
S145,1486936724,0.00,0.00,0.00,0.00,0.10,17.50
S145,1486937023,0.00,0.00,0.00,0.00,0.10,17.50
S145,1486937322,0.00,0.00,0.00,0.00,0.10,17.50
S145,1486937621,0.00,0.00,0.00,0.00,0.10,17.50
S145,1486937920,0.00,0.00,0.00,0.00,0.10,17.50
S145,1486938219,0.00,0.00,0.00,0.00,0.10,17.50
S145,1486938518,0.00,0.00,0.00,0.00,0.10,17.50
S145,1486938817,0.00,0.00,0.00,0.00,0.10,17.50
S145,1486939116,0.00,0.00,0.00,0.00,0.10,17.50
S145,1486939415,0.00,0.00,0.00,0.00,0.10,17.50
S145,1486939714,0.00,0.00,0.00,0.00,0.10,17.50
S145,1486940013,0.00,0.00,0.00,0.00,0.10,17.50
S145,1486940312,0.00,0.00,0.00,0.00,0.10,17.50
S145,1486940611,0.00,0.00,0.00,0.00,0.10,17.50
S145,1486940910,0.00,0.00,0.00,0.00,0.10,17.50
S145,1486941209,0.00,0.00,0.00,0.00,0.10,17.50
S145,1486941508,0.00,0.00,0.00,0.00,0.10,17.50
S145,1486941807,0.00,0.00,0.00,0.00,0.10,17.50
S145,1486942106,0.00,0.00,0.00,0.00,0.10,17.50
S145,1486942405,0.00,0.00,0.00,0.00,0.10,17.50
S145,1486942704,0.00,0.00,0.00,0.00,0.10,17.50
S145,1486943003,0.00,0.00,0.00,0.00,0.10,17.50
S145,1486943302,0.00,0.00,0.00,0.00,0.10,17.50
S145,1486943601,0.00,0.00,0.00,0.00,0.10,17.50
S145,1486943900,0.00,0.00,0.00,0.00,0.10,17.50
S145,1486944199,0.00,0.00,0.00,0.00,0.10,17.50
S145,1486944498,0.00,0.00,0.00,0.00,0.10,17.50
S145,1486944797,0.00,0.00,0.00,0.00,0.10,17.50
S145,1486945096,0.00,0.00,0.00,0.00,0.10,17.50
S145,1486945395,0.00,0.00,0.00,0.00,0.10,17.50
S145,1486945694,0.00,0.00,0.00,0.00,0.10,17.50
S145,1486945993,0.00,0.00,0.00,0.00,0.10,17.50
S145,1486946292,0.00,0.00,0.00,0.00,0.10,17.50
S145,1486946591,0.00,0.00,0.00,0.00,0.10,17.50
S145,1486946890,0.00,0.00,0.00,0.00,0.10,17.50
S145,1486947189,0.00,0.00,0.00,0.00,0.10,17.50
S145,1486947488,0.00,0.00,0.00,0.00,0.10,17.50
S145,1486947787,0.00,0.00,0.00,0.00,0.10,17.50
S145,1486948086,0.00,0.00,0.00,0.00,0.10,17.50
S145,1486948385,0.00,0.00,0.00,0.00,0.10,17.50
S145,1486948684,0.00,0.00,0.00,0.00,0.10,17.50
S145,1486948983,0.00,0.00,0.00,0.00,0.10,17.50
S145,1486949282,0.00,0.00,0.00,0.00,0.10,17.50
S145,1486949581,0.00,0.00,0.00,0.00,0.10,17.50
S145,1486949880,0.00,0.00,0.00,0.00,0.10,17.50
S145,1486950180,0.00,0.00,0.00,0.00,0.10,17.50
S145,1486950479,0.00,0.00,0.00,0.00,0.10,17.50
S145,1486950778,0.00,0.00,0.00,0.00,0.10,17.50
S145,1486951077,0.00,0.00,0.00,0.00,0.10,17.50
S145,1486951376,0.00,0.00,0.00,0.00,0.10,17.50
S145,1486951675,0.00,0.00,0.00,0.00,0.10,17.50
S145,1486951974,0.00,0.00,0.00,0.00,0.10,17.50
S145,1486952273,0.00,0.00,0.00,0.00,0.10,17.50
S145,1486952572,0.00,0.00,0.00,0.00,0.10,17.50
S145,1486952871,0.00,0.00,0.00,0.00,0.10,17.50
S145,1486953170,0.00,0.00,0.00,0.00,0.10,17.50
S145,1486953469,0.00,0.00,0.00,0.00,0.10,17.50
S145,1486953768,0.00,0.00,0.00,0.00,0.10,17.50
S145,1486954067,0.00,0.00,0.00,0.00,0.10,17.50
S145,1486954366,0.00,0.00,0.00,0.00,0.10,17.50
S145,1486954665,0.00,0.00,0.00,0.00,0.10,17.50
S145,1486954964,0.00,0.00,0.00,0.00,0.10,17.50
S145,1486955263,0.00,0.00,0.00,0.00,0.10,17.50
S145,1486955562,0.00,0.00,0.00,0.00,0.10,17.50
S145,1486955861,0.00,0.00,0.00,0.00,0.10,17.50
S145,1486956160,0.00,0.00,0.00,0.00,0.10,17.50
S145,1486956459,0.00,0.00,0.00,0.00,0.10,17.50
S145,1486956758,0.00,0.00,0.00,0.00,0.10,17.50
S145,1486957057,0.00,0.00,0.00,0.00,0.10,17.50
S145,1486957356,0.00,0.00,0.00,0.00,0.10,17.50
S145,1486957655,0.00,0.00,0.00,0.00,0.10,17.50
S145,1486957954,0.00,0.00,0.00,0.00,0.10,17.50
S145,1486958253,0.00,0.00,0.00,0.00,0.10,17.50
S145,1486958552,0.00,0.00,0.00,0.00,0.10,17.50
S145,1486958851,0.00,0.00,0.00,0.00,0.10,17.50
S145,1486959150,0.00,0.00,0.00,0.00,0.10,17.50
S145,1486959449,0.00,0.00,0.00,0.00,0.10,17.50
S145,1486959748,0.00,0.00,0.00,0.00,0.10,17.50
S145,1486960047,0.00,0.00,0.00,0.00,0.10,17.50
S145,1486960346,0.00,0.00,0.00,0.00,0.10,17.50
S145,1486960645,0.00,0.00,0.00,0.00,0.10,17.50
S145,1486960944,0.00,0.00,0.00,0.00,0.10,17.50
S145,1486961243,0.00,0.00,0.00,0.00,0.10,17.50
S145,1486961542,0.00,0.00,0.00,0.00,0.10,17.50
S145,1486961841,0.00,0.00,0.00,0.00,0.10,17.50
S145,1486962140,0.00,0.00,0.00,0.00,0.10,17.50
S145,1486962439,0.00,0.00,0.00,0.00,0.10,17.50
S145,1486962738,0.00,0.00,0.00,0.00,0.10,17.50
S145,1486963037,0.00,0.00,0.00,0.00,0.10,17.50
S145,1486963336,0.00,0.00,0.00,0.00,0.10,17.50
S145,1486963635,0.00,0.00,0.00,0.00,0.10,17.50
S145,1486963934,0.00,0.00,0.00,0.00,0.10,17.50
S145,1486964233,0.00,0.00,0.00,0.00,0.10,17.50
S145,1486964532,0.00,0.00,0.00,0.00,0.10,17.50
S145,1486964831,0.00,0.00,0.00,0.00,0.10,17.50
S145,1486965130,0.00,0.00,0.00,0.00,0.10,17.50
S145,1486965429,0.00,0.00,0.00,0.00,0.10,17.50
S145,1486965728,0.00,0.00,0.00,0.00,0.10,17.50
S145,1486966027,0.00,0.00,0.00,0.00,0.10,17.50
S145,1486966326,0.00,0.00,0.00,0.00,0.10,17.50
S145,1486966625,0.00,0.00,0.00,0.00,0.10,17.50
S145,1486966924,0.00,0.00,0.00,0.00,0.10,17.50
S145,1486967223,0.00,0.00,0.00,0.00,0.10,17.50
S145,1486967522,0.00,0.00,0.00,0.00,0.10,17.50
S145,1486967821,0.00,0.00,0.00,0.00,0.10,17.50
S145,1486968120,0.00,0.00,0.00,0.00,0.10,17.50
S145,1486968419,0.00,0.00,0.00,0.00,0.10,17.50
S145,1486968718,0.00,0.00,0.00,0.00,0.10,17.50
S145,1486969017,0.00,0.00,0.00,0.00,0.10,17.50
S145,1486969316,0.00,0.00,0.00,0.00,0.10,17.50
S145,1486969615,0.00,0.00,0.00,0.00,0.10,17.50
S145,1486969914,0.00,0.00,0.00,0.00,0.10,17.50
S145,1486970213,0.00,0.00,0.00,0.00,0.10,17.50
S145,1486970512,0.00,0.00,0.00,0.00,0.10,17.50
S145,1486970811,0.00,0.00,0.00,0.00,0.10,17.50
S145,1486971110,0.00,0.00,0.00,0.00,0.10,17.50
S145,1486971409,0.00,0.00,0.00,0.00,0.10,17.50
S145,1486971708,0.00,0.00,0.00,0.00,0.10,17.50
S145,1486972007,0.00,0.00,0.00,0.00,0.10,17.50
S145,1486972306,0.00,0.00,0.00,0.00,0.10,17.50
S145,1486972605,0.00,0.00,0.00,0.00,0.10,17.50
S145,1486972904,0.00,0.00,0.00,0.00,0.10,17.50
S145,1486973203,0.00,0.00,0.00,0.00,0.10,17.50
S145,1486973502,0.00,0.00,0.00,0.00,0.10,17.50
S145,1486973801,0.00,0.00,0.00,0.00,0.10,17.50
S145,1486974100,0.00,0.00,0.00,0.00,0.10,17.50
S145,1486974399,0.00,0.00,0.00,0.00,0.10,17.50
S145,1486974698,0.00,0.00,0.00,0.00,0.10,17.50
S145,1486974997,0.00,0.00,0.00,0.00,0.10,17.50
S145,1486975296,0.00,0.00,0.00,0.00,0.10,17.50
S145,1486975595,0.00,0.00,0.00,0.00,0.10,17.50
S145,1486975894,0.00,0.00,0.00,0.00,0.10,17.50
S145,1486976193,0.00,0.00,0.00,0.00,0.10,17.50
S145,1486976492,0.00,0.00,0.00,0.00,0.10,17.50
S145,1486976791,0.00,0.00,0.00,0.00,0.10,17.50
S145,1486977090,0.00,0.00,0.00,0.00,0.10,17.50
S145,1486977389,0.00,0.00,0.00,0.00,0.10,17.50
S145,1486977688,0.00,0.00,0.00,0.00,0.10,17.50
S145,1486977987,0.00,0.00,0.00,0.00,0.10,17.50
S145,1486978286,0.00,0.00,0.00,0.00,0.10,17.50
S145,1486978585,0.00,0.00,0.00,0.00,0.10,17.50
S145,1486978884,0.00,0.00,0.00,0.00,0.10,17.50
S145,1486979183,0.00,0.00,0.00,0.00,0.10,17.50
S145,1486979482,0.00,0.00,0.00,0.00,0.10,17.50
S145,1486979781,0.00,0.00,0.00,0.00,0.10,17.50
S145,1486980080,0.00,0.00,0.00,0.00,0.10,17.50
S145,1486980379,0.00,0.00,0.00,0.00,0.10,17.50
S145,1486980678,0.00,0.00,0.00,0.00,0.10,17.50
S145,1486980977,0.00,0.00,0.00,0.00,0.10,17.50
S145,1486981276,0.00,0.00,0.00,0.00,0.10,17.50
S145,1486981575,0.00,0.00,0.00,0.00,0.10,17.50
S145,1486981874,0.00,0.00,0.00,0.00,0.10,17.50
S145,1486982173,0.00,0.00,0.00,0.00,0.10,17.50
S145,1486982472,0.00,0.00,0.00,0.00,0.10,17.50
S145,1486982771,0.00,0.00,0.00,0.00,0.10,17.50
S145,1486983070,0.00,0.00,0.00,0.00,0.10,17.50
S145,1486983369,0.00,0.00,0.00,0.00,0.10,17.50
S145,1486983668,0.00,0.00,0.00,0.00,0.10,17.50
S145,1486983967,0.00,0.00,0.00,0.00,0.10,17.50
S145,1486984266,0.00,0.00,0.00,0.00,0.10,17.50
S145,1486984565,0.00,0.00,0.00,0.00,0.10,17.50
S145,1486984864,0.00,0.00,0.00,0.00,0.10,17.50
S145,1486985163,0.00,0.00,0.00,0.00,0.10,17.50
S145,1486985462,0.00,0.00,0.00,0.00,0.10,17.50
S145,1486985761,0.00,0.00,0.00,0.00,0.10,17.50
S145,1486986060,0.00,0.00,0.00,0.00,0.10,17.50
S145,1486986359,0.00,0.00,0.00,0.00,0.10,17.50
S145,1486986658,0.00,0.00,0.00,0.00,0.10,17.50
S145,1486986957,0.00,0.00,0.00,0.00,0.10,17.50
S145,1486987256,0.00,0.00,0.00,0.00,0.10,17.50
S145,1486987555,0.00,0.00,0.00,0.00,0.10,17.50
S145,1486987854,0.00,0.00,0.00,0.00,0.10,17.50
S145,1486988153,0.00,0.00,0.00,0.00,0.10,17.50
S145,1486988453,0.00,0.00,0.00,0.00,0.10,17.50
S145,1486988752,0.00,0.00,0.00,0.00,0.10,17.50
S145,1486989051,0.00,0.00,0.00,0.00,0.10,17.50
S145,1486989350,0.00,0.00,0.00,0.00,0.10,17.50
S145,1486989649,0.00,0.00,0.00,0.00,0.10,17.50
S145,1486989948,0.00,0.00,0.00,0.00,0.10,17.50
S145,1486990247,0.00,0.00,0.00,0.00,0.10,17.50
S145,1486990546,0.00,0.00,0.00,0.00,0.10,17.50
S145,1486990845,0.00,0.00,0.00,0.00,0.10,17.50
S145,1486991144,0.00,0.00,0.00,0.00,0.10,17.50
S145,1486991443,0.00,0.00,0.00,0.00,0.10,17.50
S145,1486991742,0.00,0.00,0.00,0.00,0.10,17.50
S145,1486992041,0.00,0.00,0.00,0.00,0.10,17.50
S145,1486992340,0.00,0.00,0.00,0.00,0.10,17.50
S145,1486992639,0.00,0.00,0.00,0.00,0.10,17.50
S145,1486992938,0.00,0.00,0.00,0.00,0.10,17.50
S145,1486993237,0.00,0.00,0.00,0.00,0.10,17.50
S145,1486993536,0.00,0.00,0.00,0.00,0.10,17.50
S145,1486993835,0.00,0.00,0.00,0.00,0.10,17.50
S145,1486994134,0.00,0.00,0.00,0.00,0.10,17.50
S145,1486994433,0.00,0.00,0.00,0.00,0.10,17.50
S145,1486994732,0.00,0.00,0.00,0.00,0.10,17.50
S145,1486995031,0.00,0.00,0.00,0.00,0.10,17.50
S145,1486995330,0.00,0.00,0.00,0.00,0.10,17.50
S145,1486995629,0.00,0.00,0.00,0.00,0.10,17.50
S145,1486995928,0.00,0.00,0.00,0.00,0.10,17.50
S145,1486996227,0.00,0.00,0.00,0.00,0.10,17.50
S145,1486996526,0.00,0.00,0.00,0.00,0.10,17.50
S145,1486996825,0.00,0.00,0.00,0.00,0.10,17.50
S145,1486997124,0.00,0.00,0.00,0.00,0.10,17.50
S145,1486997423,0.00,0.00,0.00,0.00,0.10,17.50
S145,1486997722,0.00,0.00,0.00,0.00,0.10,17.50
S145,1486998021,0.00,0.00,0.00,0.00,0.10,17.50
S145,1486998320,0.00,0.00,0.00,0.00,0.10,17.50
S145,1486998619,0.00,0.00,0.00,0.00,0.10,17.50
S145,1486998918,0.00,0.00,0.00,0.00,0.10,17.50
S145,1486999217,0.00,0.00,0.00,0.00,0.10,17.50
S145,1486999516,0.00,0.00,0.00,0.00,0.10,17.50
S145,1486999815,0.00,0.00,0.00,0.00,0.10,17.50
S145,1487000114,0.00,0.00,0.00,0.00,0.10,17.50
S145,1487000413,0.00,0.00,0.00,0.00,0.10,17.50
S145,1487000712,0.00,0.00,0.00,0.00,0.10,17.50
S145,1487001011,0.00,0.00,0.00,0.00,0.10,17.50
S145,1487001310,0.00,0.00,0.00,0.00,0.10,17.50
S145,1487001609,0.00,0.00,0.00,0.00,0.10,17.50
S145,1487001908,0.00,0.00,0.00,0.00,0.10,17.50
S145,1487002207,0.00,0.00,0.00,0.00,0.10,17.50
S145,1487002506,0.00,0.00,0.00,0.00,0.10,17.50
S145,1487002805,0.00,0.00,0.00,0.00,0.10,17.50
S145,1487003104,0.00,0.00,0.00,0.00,0.10,17.50
S145,1487003403,0.00,0.00,0.00,0.00,0.10,17.50
S145,1487003702,0.00,0.00,0.00,0.00,0.10,17.50
S145,1487004001,0.00,0.00,0.00,0.00,0.10,17.50
S145,1487004300,0.00,0.00,0.00,0.00,0.10,17.50
S145,1487004599,0.00,0.00,0.00,0.00,0.10,17.50
S145,1487004898,0.00,0.00,0.00,0.00,0.10,17.50
S145,1487005197,0.00,0.00,0.00,0.00,0.10,17.50
S145,1487005496,0.00,0.00,0.00,0.00,0.10,17.50
S145,1487005795,0.00,0.00,0.00,0.00,0.10,17.50
S145,1487006094,0.00,0.00,0.00,0.00,0.10,17.50
S145,1487006393,0.00,0.00,0.00,0.00,0.10,17.50
S145,1487006692,0.00,0.00,0.00,0.00,0.10,17.50
S145,1487006991,0.00,0.00,0.00,0.00,0.10,17.50
S145,1487007290,0.00,0.00,0.00,0.00,0.10,17.50
S145,1487007589,0.00,0.00,0.00,0.00,0.10,17.50
S145,1487007888,0.00,0.00,0.00,0.00,0.10,17.50
S145,1487008187,0.00,0.00,0.00,0.00,0.10,17.50
S145,1487008486,0.00,0.00,0.00,0.00,0.10,17.50
S145,1487008785,0.00,0.00,0.00,0.00,0.10,17.50
S145,1487009084,0.00,0.00,0.00,0.00,0.10,17.50
S145,1487009383,0.00,0.00,0.00,0.00,0.10,17.50
S145,1487009682,0.00,0.00,0.00,0.00,0.10,17.50
S145,1487009981,0.00,0.00,0.00,0.00,0.10,17.50
S145,1487010280,0.00,0.00,0.00,0.00,0.10,17.50
S145,1487010579,0.00,0.00,0.00,0.00,0.10,17.50
S145,1487010878,0.00,0.00,0.00,0.00,0.10,17.50
S145,1487011177,0.00,0.00,0.00,0.00,0.10,17.50
S145,1487011476,0.00,0.00,0.00,0.00,0.10,17.50
S145,1487011775,0.00,0.00,0.00,0.00,0.10,17.50
S145,1487012074,0.00,0.00,0.00,0.00,0.10,17.50
S145,1487012373,0.00,0.00,0.00,0.00,0.10,17.50
S145,1487012672,0.00,0.00,0.00,0.00,0.10,17.50
S145,1487012971,0.00,0.00,0.00,0.00,0.10,17.50
S145,1487013270,0.00,0.00,0.00,0.00,0.10,17.50
S145,1487013569,0.00,0.00,0.00,0.00,0.10,17.50
S145,1487013868,0.00,0.00,0.00,0.00,0.10,17.50
S145,1487014167,0.00,0.00,0.00,0.00,0.10,17.50
S145,1487014466,0.00,0.00,0.00,0.00,0.10,17.50
S145,1487014765,0.00,0.00,0.00,0.00,0.10,17.50
S145,1487015064,0.00,0.00,0.00,0.00,0.10,17.50
S145,1487015363,0.00,0.00,0.00,0.00,0.10,17.50
S145,1487015662,0.00,0.00,0.00,0.00,0.10,17.50
S145,1487015961,0.00,0.00,0.00,0.00,0.10,17.50
S145,1487016260,0.00,0.00,0.00,0.00,0.10,17.50
S145,1487016559,0.00,0.00,0.00,0.00,0.10,17.50
S145,1487016858,0.00,0.00,0.00,0.00,0.10,17.50
S145,1487017157,0.00,0.00,0.00,0.00,0.10,17.50
S145,1487017456,0.00,0.00,0.00,0.00,0.10,17.50
S145,1487017755,0.00,0.00,0.00,0.00,0.10,17.50
S145,1487018054,0.00,0.00,0.00,0.00,0.10,17.50
S145,1487018353,0.00,0.00,0.00,0.00,0.10,17.50
S145,1487018652,0.00,0.00,0.00,0.00,0.10,17.50
S145,1487018951,0.00,0.00,0.00,0.00,0.10,17.50
S145,1487019250,0.00,0.00,0.00,0.00,0.10,17.50
S145,1487019549,0.00,0.00,0.00,0.00,0.10,17.50
S145,1487019848,0.00,0.00,0.00,0.00,0.10,17.50
S145,1487020147,0.00,0.00,0.00,0.00,0.10,17.50
S145,1487020446,0.00,0.00,0.00,0.00,0.10,17.50
S145,1487020745,0.00,0.00,0.00,0.00,0.10,17.50
S145,1487021044,0.00,0.00,0.00,0.00,0.10,17.50
S145,1487021343,0.00,0.00,0.00,0.00,0.10,17.50
S145,1487021642,0.00,0.00,0.00,0.00,0.10,17.50
S145,1487021941,0.00,0.00,0.00,0.00,0.10,17.50
S145,1487022240,0.00,0.00,0.00,0.00,0.10,17.50
S145,1487022539,0.00,0.00,0.00,0.00,0.10,17.50
S145,1487022838,0.00,0.00,0.00,0.00,0.10,17.50
S145,1487023137,0.00,0.00,0.00,0.00,0.10,17.50
S145,1487023436,0.00,0.00,0.00,0.00,0.10,17.50
S145,1487023735,0.00,0.00,0.00,0.00,0.10,17.50
S145,1487024034,0.00,0.00,0.00,0.00,0.10,17.50
S145,1487024333,0.00,0.00,0.00,0.00,0.10,17.50
S145,1487024632,0.00,0.00,0.00,0.00,0.10,17.50
S145,1487024931,0.00,0.00,0.00,0.00,0.10,17.50
S145,1487025230,0.00,0.00,0.00,0.00,0.10,17.50
S145,1487025529,0.00,0.00,0.00,0.00,0.10,17.50
S145,1487025828,0.00,0.00,0.00,0.00,0.10,17.50
S145,1487026127,0.00,0.00,0.00,0.00,0.10,17.50
S145,1487026426,0.00,0.00,0.00,0.00,0.10,17.50
S145,1487026726,0.00,0.00,0.00,0.00,0.10,17.50
S145,1487027025,0.00,0.00,0.00,0.00,0.10,17.50
S145,1487027324,0.00,0.00,0.00,0.00,0.10,17.50
S145,1487027623,0.00,0.00,0.00,0.00,0.10,17.50
S145,1487027922,0.00,0.00,0.00,0.00,0.10,17.50
S145,1487028221,0.00,0.00,0.00,0.00,0.10,17.50
S145,1487028520,0.00,0.00,0.00,0.00,0.10,17.50
S145,1487028819,0.00,0.00,0.00,0.00,0.10,17.50
S145,1487029118,0.00,0.00,0.00,0.00,0.10,17.50
S145,1487029417,0.00,0.00,0.00,0.00,0.10,17.50
S145,1487029716,0.00,0.00,0.00,0.00,0.10,17.50
S145,1487030015,0.00,0.00,0.00,0.00,0.10,17.50
S145,1487030314,0.00,0.00,0.00,0.00,0.10,17.50
S145,1487030613,0.00,0.00,0.00,0.00,0.10,17.50
S145,1487030912,0.00,0.00,0.00,0.00,0.10,17.50
S145,1487031211,0.00,0.00,0.00,0.00,0.10,17.50
S145,1487031510,0.00,0.00,0.00,0.00,0.10,17.50
S145,1487031809,0.00,0.00,0.00,0.00,0.10,17.50
S145,1487032108,0.00,0.00,0.00,0.00,0.10,17.50
S145,1487032407,0.00,0.00,0.00,0.00,0.10,17.50
S145,1487032706,0.00,0.00,0.00,0.00,0.10,17.50
S145,1487033005,0.00,0.00,0.00,0.00,0.10,17.50
S145,1487033304,0.00,0.00,0.00,0.00,0.10,17.50
S145,1487033603,0.00,0.00,0.00,0.00,0.10,17.50
S145,1487033902,0.00,0.00,0.00,0.00,0.10,17.50
S145,1487034201,0.00,0.00,0.00,0.00,0.10,17.50
S145,1487034500,0.00,0.00,0.00,0.00,0.10,17.50
S145,1487034799,0.00,0.00,0.00,0.00,0.10,17.50
S145,1487035098,0.00,0.00,0.00,0.00,0.10,17.50
S145,1487035397,0.00,0.00,0.00,0.00,0.10,17.50
S145,1487035696,0.00,0.00,0.00,0.00,0.10,17.50
S145,1487035995,0.00,0.00,0.00,0.00,0.10,17.50
S145,1487036294,0.00,0.00,0.00,0.00,0.10,17.50
S145,1487036593,0.00,0.00,0.00,0.00,0.10,17.50
S145,1487036892,0.00,0.00,0.00,0.00,0.10,17.50
S145,1487037191,0.00,0.00,0.00,0.00,0.10,17.50
S145,1487037490,0.00,0.00,0.00,0.00,0.10,17.50
S145,1487037789,0.00,0.00,0.00,0.00,0.10,17.50
S145,1487038088,0.00,0.00,0.00,0.00,0.10,17.50
S145,1487038387,0.00,0.00,0.00,0.00,0.10,17.50
S145,1487038686,0.00,0.00,0.00,0.00,0.10,17.50
S145,1487038985,0.00,0.00,0.00,0.00,0.10,17.50
S145,1487039284,0.00,0.00,0.00,0.00,0.10,17.50
S145,1487039583,0.00,0.00,0.00,0.00,0.10,17.50
S145,1487039882,0.00,0.00,0.00,0.00,0.10,17.50
S145,1487040181,0.00,0.00,0.00,0.00,0.10,17.50
S145,1487040480,0.00,0.00,0.00,0.00,0.10,17.50
S145,1487040779,0.00,0.00,0.00,0.00,0.10,17.50
S145,1487041078,0.00,0.00,0.00,0.00,0.10,17.50
S145,1487041377,0.00,0.00,0.00,0.00,0.10,17.50
S145,1487041676,0.00,0.00,0.00,0.00,0.10,17.50
S145,1487041975,0.00,0.00,0.00,0.00,0.10,17.50
S145,1487042274,0.00,0.00,0.00,0.00,0.10,17.50
S145,1487042573,0.00,0.00,0.00,0.00,0.10,17.50
S145,1487042872,0.00,0.00,0.00,0.00,0.10,17.50
S145,1487043171,0.00,0.00,0.00,0.00,0.10,17.50
S145,1487043470,0.00,0.00,0.00,0.00,0.10,17.50
S145,1487043769,0.00,0.00,0.00,0.00,0.10,17.50
S145,1487044068,0.00,0.00,0.00,0.00,0.10,17.50
S145,1487044367,0.00,0.00,0.00,0.00,0.10,17.50
S145,1487044666,0.00,0.00,0.00,0.00,0.10,17.50
S145,1487044965,0.00,0.00,0.00,0.00,0.10,17.50
S145,1487045264,0.00,0.00,0.00,0.00,0.10,17.50
S145,1487045563,0.00,0.00,0.00,0.00,0.10,17.50
S145,1487045862,0.00,0.00,0.00,0.00,0.10,17.50
S145,1487046161,0.00,0.00,0.00,0.00,0.10,17.50
S145,1487046460,0.00,0.00,0.00,0.00,0.10,17.50
S145,1487046759,0.00,0.00,0.00,0.00,0.10,17.50
S145,1487047058,0.00,0.00,0.00,0.00,0.10,17.50
S145,1487047357,0.00,0.00,0.00,0.00,0.10,17.50
S145,1487047656,0.00,0.00,0.00,0.00,0.10,17.50
S145,1487047955,0.00,0.00,0.00,0.00,0.10,17.50
S145,1487048254,0.00,0.00,0.00,0.00,0.10,17.50
S145,1487048553,0.00,0.00,0.00,0.00,0.10,17.50
S145,1487048852,0.00,0.00,0.00,0.00,0.10,17.50
S145,1487049151,0.00,0.00,0.00,0.00,0.10,17.50
S145,1487049450,0.00,0.00,0.00,0.00,0.10,17.50
S145,1487049749,0.00,0.00,0.00,0.00,0.10,17.50
S145,1487050048,0.00,0.00,0.00,0.00,0.10,17.50
S145,1487050347,0.00,0.00,0.00,0.00,0.10,17.50
S145,1487050646,0.00,0.00,0.00,0.00,0.10,17.50
S145,1487050945,0.00,0.00,0.00,0.00,0.10,17.50
S145,1487051244,0.00,0.00,0.00,0.00,0.10,17.50
S145,1487051543,0.00,0.00,0.00,0.00,0.10,17.50
S145,1487051842,0.00,0.00,0.00,0.00,0.10,17.50
S145,1487052141,0.00,0.00,0.00,0.00,0.10,17.50
S145,1487052440,0.00,0.00,0.00,0.00,0.10,17.50
S145,1487052739,0.00,0.00,0.00,0.00,0.10,17.50
S145,1487053038,0.00,0.00,0.00,0.00,0.10,17.50
S145,1487053337,0.00,0.00,0.00,0.00,0.10,17.50
S145,1487053636,0.00,0.00,0.00,0.00,0.10,17.50
S145,1487053935,0.00,0.00,0.00,0.00,0.10,17.50
S145,1487054234,0.00,0.00,0.00,0.00,0.10,17.50
S145,1487054533,0.00,0.00,0.00,0.00,0.10,17.50
S145,1487054832,0.00,0.00,0.00,0.00,0.10,17.50
S145,1487055131,0.00,0.00,0.00,0.00,0.10,17.50
S145,1487055430,0.00,0.00,0.00,0.00,0.10,17.50
S145,1487055729,0.00,0.00,0.00,0.00,0.10,17.50
S145,1487056028,0.00,0.00,0.00,0.00,0.10,17.50
S145,1487056327,0.00,0.00,0.00,0.00,0.10,17.50
S145,1487056626,0.00,0.00,0.00,0.00,0.10,17.50
S145,1487056925,0.00,0.00,0.00,0.00,0.10,17.50
S145,1487057224,0.00,0.00,0.00,0.00,0.10,17.50
S145,1487057523,0.00,0.00,0.00,0.00,0.10,17.50
S145,1487057822,0.00,0.00,0.00,0.00,0.10,17.50
S145,1487058121,0.00,0.00,0.00,0.00,0.10,17.50
S145,1487058420,0.00,0.00,0.00,0.00,0.10,17.50
S145,1487058719,0.00,0.00,0.00,0.00,0.10,17.50
S145,1487059018,0.00,0.00,0.00,0.00,0.10,17.50
S145,1487059317,0.00,0.00,0.00,0.00,0.10,17.50
S145,1487059616,0.00,0.00,0.00,0.00,0.10,17.50
S145,1487059915,0.00,0.00,0.00,0.00,0.10,17.50
S145,1487060214,0.00,0.00,0.00,0.00,0.10,17.50
S145,1487060513,0.00,0.00,0.00,0.00,0.10,17.50
S145,1487060812,0.00,0.00,0.00,0.00,0.10,17.50
S145,1487061111,0.00,0.00,0.00,0.00,0.10,17.50
S145,1487061410,0.00,0.00,0.00,0.00,0.10,17.50
S145,1487061709,0.00,0.00,0.00,0.00,0.10,17.50
S145,1487062008,0.00,0.00,0.00,0.00,0.10,17.50
S145,1487062307,0.00,0.00,0.00,0.00,0.10,17.50
S145,1487062606,0.00,0.00,0.00,0.00,0.10,17.50
S145,1487062905,0.00,0.00,0.00,0.00,0.10,17.50
S145,1487063204,0.00,0.00,0.00,0.00,0.10,17.50
S145,1487063503,0.00,0.00,0.00,0.00,0.10,17.50
S145,1487063802,0.00,0.00,0.00,0.00,0.10,17.50
S145,1487064101,0.00,0.00,0.00,0.00,0.10,17.50
S145,1487064400,0.00,0.00,0.00,0.00,0.10,17.50
S145,1487064699,0.00,0.00,0.00,0.00,0.10,17.50
S145,1487064999,0.00,0.00,0.00,0.00,0.10,17.50
S145,1487065298,0.00,0.00,0.00,0.00,0.10,17.50
S145,1487065597,0.00,0.00,0.00,0.00,0.10,17.50
S145,1487065896,0.00,0.00,0.00,0.00,0.10,17.50
S145,1487066195,0.00,0.00,0.00,0.00,0.10,17.50
S145,1487066494,0.00,0.00,0.00,0.00,0.10,17.50
S145,1487066793,0.00,0.00,0.00,0.00,0.10,17.50
S145,1487067092,0.00,0.00,0.00,0.00,0.10,17.50
S145,1487067391,0.00,0.00,0.00,0.00,0.10,17.50
S145,1487067690,0.00,0.00,0.00,0.00,0.10,17.50
S145,1487067989,0.00,0.00,0.00,0.00,0.10,17.50
S145,1487068288,0.00,0.00,0.00,0.00,0.10,17.50
S145,1487068587,0.00,0.00,0.00,0.00,0.10,17.50
S145,1487068886,0.00,0.00,0.00,0.00,0.10,17.50
S145,1487069185,0.00,0.00,0.00,0.00,0.10,17.50
S145,1487069484,0.00,0.00,0.00,0.00,0.10,17.50
S145,1487069783,0.00,0.00,0.00,0.00,0.10,17.50
S145,1487070082,0.00,0.00,0.00,0.00,0.10,17.50
S145,1487070381,0.00,0.00,0.00,0.00,0.10,17.50
S145,1487070680,0.00,0.00,0.00,0.00,0.10,17.50
S145,1487070979,0.00,0.00,0.00,0.00,0.10,17.50
S145,1487071278,0.00,0.00,0.00,0.00,0.10,17.50
S145,1487071577,0.00,0.00,0.00,0.00,0.10,17.50
S145,1487071876,0.00,0.00,0.00,0.00,0.10,17.50
S145,1487072175,0.00,0.00,0.00,0.00,0.10,17.50
S145,1487072474,0.00,0.00,0.00,0.00,0.10,17.50
S145,1487072773,0.00,0.00,0.00,0.00,0.10,17.50
S145,1487073072,0.00,0.00,0.00,0.00,0.10,17.50
S145,1487073371,0.00,0.00,0.00,0.00,0.10,17.50
S145,1487074183,0.00,0.00,0.00,0.00,0.10,17.50
S145,1487074270,0.00,0.00,0.00,0.00,0.10,17.50
S145,1487074569,0.00,0.00,0.00,0.00,0.10,17.50
S145,1487074868,0.00,0.00,0.00,0.00,0.10,17.50
S145,1487075167,0.00,0.00,0.00,0.00,0.10,17.50
S145,1487075466,0.00,0.00,0.00,0.00,0.10,17.50
S145,1487075765,0.00,0.00,0.00,0.00,0.10,17.50
S145,1487076064,0.00,0.00,0.00,0.00,0.10,17.50
S145,1487076363,0.00,0.00,0.00,0.00,0.10,17.50
S145,1487076662,0.00,0.00,0.00,0.00,0.10,17.50
S145,1487076961,0.00,0.00,0.00,0.00,0.10,17.50
S145,1487077260,0.00,0.00,0.00,0.00,0.10,17.50
S145,1487077559,0.00,0.00,0.00,0.00,0.10,17.50
S145,1487077858,0.00,0.00,0.00,0.00,0.10,17.50
S145,1487078157,0.00,0.00,0.00,0.00,0.10,17.50
S145,1487078456,0.00,0.00,0.00,0.00,0.10,17.50
S145,1487078755,0.00,0.00,0.00,0.00,0.10,17.50
S145,1487079054,0.00,0.00,0.00,0.00,0.10,17.50
S145,1487079353,0.00,0.00,0.00,0.00,0.10,17.50
S145,1487079652,0.00,0.00,0.00,0.00,0.10,17.50
S145,1487079951,0.00,0.00,0.00,0.00,0.10,17.50
S145,1487080250,0.00,0.00,0.00,0.00,0.10,17.50
S145,1487080549,0.00,0.00,0.00,0.00,0.10,17.50
S145,1487080848,0.00,0.00,0.00,0.00,0.10,17.50
S145,1487081147,0.00,0.00,0.00,0.00,0.10,17.50
S145,1487081446,0.00,0.00,0.00,0.00,0.10,17.50
S145,1487081745,0.00,0.00,0.00,0.00,0.10,17.50
S145,1487082044,0.00,0.00,0.00,0.00,0.10,17.50
S145,1487082343,0.00,0.00,0.00,0.00,0.10,17.50
S145,1487082642,0.00,0.00,0.00,0.00,0.10,17.50
S145,1487082941,0.00,0.00,0.00,0.00,0.10,17.50
S145,1487083240,0.00,0.00,0.00,0.00,0.10,17.50
S145,1487083539,0.00,0.00,0.00,0.00,0.10,17.50
S145,1487083838,0.00,0.00,0.00,0.00,0.10,17.50
S145,1487084137,0.00,0.00,0.00,0.00,0.10,17.50
S145,1487084436,0.00,0.00,0.00,0.00,0.10,17.50
S145,1487084735,0.00,0.00,0.00,0.00,0.10,17.50
S145,1487085034,0.00,0.00,0.00,0.00,0.10,17.50
S145,1487085333,0.00,0.00,0.00,0.00,0.10,17.50
S145,1487085632,0.00,0.00,0.00,0.00,0.10,17.50
S145,1487085931,0.00,0.00,0.00,0.00,0.10,17.50
S145,1487086230,0.00,0.00,0.00,0.00,0.10,17.50
S145,1487086529,0.00,0.00,0.00,0.00,0.10,17.50
S145,1487086828,0.00,0.00,0.00,0.00,0.10,17.50
S145,1487087127,0.00,0.00,0.00,0.00,0.10,17.50
S145,1487087426,0.00,0.00,0.00,0.00,0.10,17.50
S145,1487087725,0.00,0.00,0.00,0.00,0.10,17.50
S145,1487088024,0.00,0.00,0.00,0.00,0.10,17.50
S145,1487088323,0.00,0.00,0.00,0.00,0.10,17.50
S145,1487088622,0.00,0.00,0.00,0.00,0.10,17.50
S145,1487088921,0.00,0.00,0.00,0.00,0.10,17.50
S145,1487089220,0.00,0.00,0.00,0.00,0.10,17.50
S145,1487089519,0.00,0.00,0.00,0.00,0.10,17.50
S145,1487089818,0.00,0.00,0.00,0.00,0.10,17.50
S145,1487090117,0.00,0.00,0.00,0.00,0.10,17.50
S145,1487090416,0.00,0.00,0.00,0.00,0.10,17.50
S145,1487090715,0.00,0.00,0.00,0.00,0.10,17.50
S145,1487091014,0.00,0.00,0.00,0.00,0.10,17.50
S145,1487091313,0.00,0.00,0.00,0.00,0.10,17.50
S145,1487091612,0.00,0.00,0.00,0.00,0.10,17.50
S145,1487091911,0.00,0.00,0.00,0.00,0.10,17.50
S145,1487092210,0.00,0.00,0.00,0.00,0.10,17.50
S145,1487092509,0.00,0.00,0.00,0.00,0.10,17.50
S145,1487092808,0.00,0.00,0.00,0.00,0.10,17.50
S145,1487093107,0.00,0.00,0.00,0.00,0.10,17.50
S145,1487093406,0.00,0.00,0.00,0.00,0.10,17.50
S145,1487093705,0.00,0.00,0.00,0.00,0.10,17.50
S145,1487094004,0.00,0.00,0.00,0.00,0.10,17.50
S145,1487094303,0.00,0.00,0.00,0.00,0.10,17.50
S145,1487094602,0.00,0.00,0.00,0.00,0.10,17.50
S145,1487094901,0.00,0.00,0.00,0.00,0.10,17.50
S145,1487095200,0.00,0.00,0.00,0.00,0.10,17.50
S145,1487095499,0.00,0.00,0.00,0.00,0.10,17.50
S145,1487095798,0.00,0.00,0.00,0.00,0.10,17.50
S145,1487096097,0.00,0.00,0.00,0.00,0.10,17.50
S145,1487096396,0.00,0.00,0.00,0.00,0.10,17.50
S145,1487096695,0.00,0.00,0.00,0.00,0.10,17.50
S145,1487096994,0.00,0.00,0.00,0.00,0.10,17.50
S145,1487097293,0.00,0.00,0.00,0.00,0.10,17.50
S145,1487097592,0.00,0.00,0.00,0.00,0.10,17.50
S145,1487097891,0.00,0.00,0.00,0.00,0.10,17.50
S145,1487098190,0.00,0.00,0.00,0.00,0.10,17.50
S145,1487098489,0.00,0.00,0.00,0.00,0.10,17.50
S145,1487098788,0.00,0.00,0.00,0.00,0.10,17.50
S145,1487099087,0.00,0.00,0.00,0.00,0.10,17.50
S145,1487099386,0.00,0.00,0.00,0.00,0.10,17.50
S145,1487099685,0.00,0.00,0.00,0.00,0.10,17.50
S145,1487099984,0.00,0.00,0.00,0.00,0.10,17.50
S145,1487100283,0.00,0.00,0.00,0.00,0.10,17.50
S145,1487100582,0.00,0.00,0.00,0.00,0.10,17.50
S145,1487100881,0.00,0.00,0.00,0.00,0.10,17.50
S145,1487101180,0.00,0.00,0.00,0.00,0.10,17.50
S145,1487101479,0.00,0.00,0.00,0.00,0.10,17.50
S145,1487101778,0.00,0.00,0.00,0.00,0.10,17.50
S145,1487102077,0.00,0.00,0.00,0.00,0.10,17.50
S145,1487102376,0.00,0.00,0.00,0.00,0.10,17.50
S145,1487102675,0.00,0.00,0.00,0.00,0.10,17.50
S145,1487102974,0.00,0.00,0.00,0.00,0.10,17.50
S145,1487103274,0.00,0.00,0.00,0.00,0.10,17.50
S145,1487103573,0.00,0.00,0.00,0.00,0.10,17.50
S145,1487103872,0.00,0.00,0.00,0.00,0.10,17.50
S145,1487104171,0.00,0.00,0.00,0.00,0.10,17.50
S145,1487104470,0.00,0.00,0.00,0.00,0.10,17.50
S145,1487104769,0.00,0.00,0.00,0.00,0.10,17.50
S145,1487105068,0.00,0.00,0.00,0.00,0.10,17.50
S145,1487105367,0.00,0.00,0.00,0.00,0.10,17.50
S145,1487105666,0.00,0.00,0.00,0.00,0.10,17.50
S145,1487105965,0.00,0.00,0.00,0.00,0.10,17.50
S145,1487106264,0.00,0.00,0.00,0.00,0.10,17.50
S145,1487106563,0.00,0.00,0.00,0.00,0.10,17.50
S145,1487106862,0.00,0.00,0.00,0.00,0.10,17.50
S145,1487107161,0.00,0.00,0.00,0.00,0.10,17.50
S145,1487107460,0.00,0.00,0.00,0.00,0.10,17.50
S145,1487107759,0.00,0.00,0.00,0.00,0.10,17.50
S145,1487108058,0.00,0.00,0.00,0.00,0.10,17.50
S145,1487108357,0.00,0.00,0.00,0.00,0.10,17.50
S145,1487108656,0.00,0.00,0.00,0.00,0.10,17.50
S145,1487108955,0.00,0.00,0.00,0.00,0.10,17.50
S145,1487109254,0.00,0.00,0.00,0.00,0.10,17.50
S145,1487109553,0.00,0.00,0.00,0.00,0.10,17.50
S145,1487109852,0.00,0.00,0.00,0.00,0.10,17.50
S145,1487110151,0.00,0.00,0.00,0.00,0.10,17.50
S145,1487110450,0.00,0.00,0.00,0.00,0.10,17.50
S145,1487110749,0.00,0.00,0.00,0.00,0.10,17.50
S145,1487111048,0.00,0.00,0.00,0.00,0.10,17.50
S145,1487111347,0.00,0.00,0.00,0.00,0.10,17.50
S145,1487111646,0.00,0.00,0.00,0.00,0.10,17.50
S145,1487112458,0.00,0.00,0.00,0.00,0.10,17.50
S145,1487112545,0.00,0.00,0.00,0.00,0.10,17.50
S145,1487112844,0.00,0.00,0.00,0.00,0.10,17.50
S145,1487113143,0.00,0.00,0.00,0.00,0.10,17.50
S145,1487113442,0.00,0.00,0.00,0.00,0.10,17.50
S145,1487113741,0.00,0.00,0.00,0.00,0.10,17.50
S145,1487114040,0.00,0.00,0.00,0.00,0.10,17.50
S145,1487114339,0.00,0.00,0.00,0.00,0.10,17.50
S145,1487114638,0.00,0.00,0.00,0.00,0.10,17.50
S145,1487114937,0.00,0.00,0.00,0.00,0.10,17.50
S145,1487115236,0.00,0.00,0.00,0.00,0.10,17.50
S145,1487115535,0.00,0.00,0.00,0.00,0.10,17.50
S145,1487115834,0.00,0.00,0.00,0.00,0.10,17.50
S145,1487116133,0.00,0.00,0.00,0.00,0.10,17.50
S145,1487116432,0.00,0.00,0.00,0.00,0.10,17.50
S145,1487116731,0.00,0.00,0.00,0.00,0.10,17.50
S145,1487117030,0.00,0.00,0.00,0.00,0.10,17.50
S145,1487117329,0.00,0.00,0.00,0.00,0.10,17.50
S145,1487117628,0.00,0.00,0.00,0.00,0.10,17.50
S145,1487117927,0.00,0.00,0.00,0.00,0.10,17.50
S145,1487118226,0.00,0.00,0.00,0.00,0.10,17.50
S145,1487118525,0.00,0.00,0.00,0.00,0.10,17.50
S145,1487118824,0.00,0.00,0.00,0.00,0.10,17.50
S145,1487119123,0.00,0.00,0.00,0.00,0.10,17.50
S145,1487119422,0.00,0.00,0.00,0.00,0.10,17.50
S145,1487119721,0.00,0.00,0.00,0.00,0.10,17.50
S145,1487120020,0.00,0.00,0.00,0.00,0.10,17.50
S145,1487120319,0.00,0.00,0.00,0.00,0.10,17.50
S145,1487120618,0.00,0.00,0.00,0.00,0.10,17.50
S145,1487120917,0.00,0.00,0.00,0.00,0.10,17.50
S145,1487121216,0.00,0.00,0.00,0.00,0.10,17.50
S145,1487121515,0.00,0.00,0.00,0.00,0.10,17.50
S145,1487121814,0.00,0.00,0.00,0.00,0.10,17.50
S145,1487122113,0.00,0.00,0.00,0.00,0.10,17.50
S145,1487122412,0.00,0.00,0.00,0.00,0.10,17.50
S145,1487122711,0.00,0.00,0.00,0.00,0.10,17.50
S145,1487123010,0.00,0.00,0.00,0.00,0.10,17.50
S145,1487123309,0.00,0.00,0.00,0.00,0.10,17.50
S145,1487123608,0.00,0.00,0.00,0.00,0.10,17.50
S145,1487123907,0.00,0.00,0.00,0.00,0.10,17.50
S145,1487124206,0.00,0.00,0.00,0.00,0.10,17.50
S145,1487124505,0.00,0.00,0.00,0.00,0.10,17.50
S145,1487124804,0.00,0.00,0.00,0.00,0.10,17.50
S145,1487125103,0.00,0.00,0.00,0.00,0.10,17.50
S145,1487125402,0.00,0.00,0.00,0.00,0.10,17.50
S145,1487125701,0.00,0.00,0.00,0.00,0.10,17.50
S145,1487126000,0.00,0.00,0.00,0.00,0.10,17.50
S145,1487126299,0.00,0.00,0.00,0.00,0.10,17.50
S145,1487126598,0.00,0.00,0.00,0.00,0.10,17.50
S145,1487126897,0.00,0.00,0.00,0.00,0.10,17.50
S145,1487127196,0.00,0.00,0.00,0.00,0.10,17.50
S145,1487127495,0.00,0.00,0.00,0.00,0.10,17.50
S145,1487127794,0.00,0.00,0.00,0.00,0.10,17.50
S145,1487128093,0.00,0.00,0.00,0.00,0.10,17.50
S145,1487128392,0.00,0.00,0.00,0.00,0.10,17.50
S145,1487128691,0.00,0.00,0.00,0.00,0.10,17.50
S145,1487128990,0.00,0.00,0.00,0.00,0.10,17.50
S145,1487129289,0.00,0.00,0.00,0.00,0.10,17.50
S145,1487129588,0.00,0.00,0.00,0.00,0.10,17.50
S145,1487129887,0.00,0.00,0.00,0.00,0.10,17.50
S145,1487130186,0.00,0.00,0.00,0.00,0.10,17.50
S145,1487130485,0.00,0.00,0.00,0.00,0.10,17.50
S145,1487130784,0.00,0.00,0.00,0.00,0.10,17.50
S145,1487131083,0.00,0.00,0.00,0.00,0.10,17.50
S145,1487131382,0.00,0.00,0.00,0.00,0.10,17.50
S145,1487131681,0.00,0.00,0.00,0.00,0.10,17.50
S145,1487131980,0.00,0.00,0.00,0.00,0.10,17.50
S145,1487132279,0.00,0.00,0.00,0.00,0.10,17.50
S145,1487132578,0.00,0.00,0.00,0.00,0.10,17.50
S145,1487132877,0.00,0.00,0.00,0.00,0.10,17.50
S145,1487133176,0.00,0.00,0.00,0.00,0.10,17.50
S145,1487133475,0.00,0.00,0.00,0.00,0.10,17.50
S145,1487133774,0.00,0.00,0.00,0.00,0.10,17.50
S145,1487134073,0.00,0.00,0.00,0.00,0.10,17.50
S145,1487134372,0.00,0.00,0.00,0.00,0.10,17.50
S145,1487134671,0.00,0.00,0.00,0.00,0.10,17.50
S145,1487134970,0.00,0.00,0.00,0.00,0.10,17.50
S145,1487135269,0.00,0.00,0.00,0.00,0.10,17.50
S145,1487135568,0.00,0.00,0.00,0.00,0.10,17.50
S145,1487135867,0.00,0.00,0.00,0.00,0.10,17.50
S145,1487136166,0.00,0.00,0.00,0.00,0.10,17.50
S145,1487136465,0.00,0.00,0.00,0.00,0.10,17.50
S145,1487136764,0.00,0.00,0.00,0.00,0.10,17.50
S145,1487137063,0.00,0.00,0.00,0.00,0.10,17.50
S145,1487137362,0.00,0.00,0.00,0.00,0.10,17.50
S145,1487137661,0.00,0.00,0.00,0.00,0.10,17.50
S145,1487137960,0.00,0.00,0.00,0.00,0.10,17.50
S145,1487138259,0.00,0.00,0.00,0.00,0.10,17.50
S145,1487138558,0.00,0.00,0.00,0.00,0.10,17.50
S145,1487138857,0.00,0.00,0.00,0.00,0.10,17.50
S145,1487139156,0.00,0.00,0.00,0.00,0.10,17.50
S145,1487139455,0.00,0.00,0.00,0.00,0.10,17.50
S145,1487139754,0.00,0.00,0.00,0.00,0.10,17.50
S145,1487140053,0.00,0.00,0.00,0.00,0.10,17.50
S145,1487140352,0.00,0.00,0.00,0.00,0.10,17.50
S145,1487140651,0.00,0.00,0.00,0.00,0.10,17.50
S145,1487140950,0.00,0.00,0.00,0.00,0.10,17.50
S145,1487141249,0.00,0.00,0.00,0.00,0.10,17.50
S145,1487141549,0.00,0.00,0.00,0.00,0.10,17.50
S145,1487141848,0.00,0.00,0.00,0.00,0.10,17.50
S145,1487142147,0.00,0.00,0.00,0.00,0.10,17.50
S145,1487142446,0.00,0.00,0.00,0.00,0.10,17.50
S145,1487142745,0.00,0.00,0.00,0.00,0.10,17.50
S145,1487143044,0.00,0.00,0.00,0.00,0.10,17.50
S145,1487143343,0.00,0.00,0.00,0.00,0.10,17.50
S145,1487143642,0.00,0.00,0.00,0.00,0.10,17.50
S145,1487143941,0.00,0.00,0.00,0.00,0.10,17.50
S145,1487144240,0.00,0.00,0.00,0.00,0.10,17.50
S145,1487144539,0.00,0.00,0.00,0.00,0.10,17.50
S145,1487144838,0.00,0.00,0.00,0.00,0.10,17.50
S145,1487145137,0.00,0.00,0.00,0.00,0.10,17.50
S145,1487145436,0.00,0.00,0.00,0.00,0.10,17.50
S145,1487145735,0.00,0.00,0.00,0.00,0.10,17.50
S145,1487146034,0.00,0.00,0.00,0.00,0.10,17.50
S145,1487146333,0.00,0.00,0.00,0.00,0.10,17.50
S145,1487146632,0.00,0.00,0.00,0.00,0.10,17.50
S145,1487146931,0.00,0.00,0.00,0.00,0.10,17.50
S145,1487147230,0.00,0.00,0.00,0.00,0.10,17.50
S145,1487147529,0.00,0.00,0.00,0.00,0.10,17.50
S145,1487147828,0.00,0.00,0.00,0.00,0.10,17.50
S145,1487148127,0.00,0.00,0.00,0.00,0.10,17.50
S145,1487148426,0.00,0.00,0.00,0.00,0.10,17.50
S145,1487148725,0.00,0.00,0.00,0.00,0.10,17.50
S145,1487149024,0.00,0.00,0.00,0.00,0.10,17.50
S145,1487149323,0.00,0.00,0.00,0.00,0.10,17.50
S145,1487149622,0.00,0.00,0.00,0.00,0.10,17.50
S145,1487149921,0.00,0.00,0.00,0.00,0.10,17.50
S145,1487150220,0.00,0.00,0.00,0.00,0.10,17.50
S145,1487150519,0.00,0.00,0.00,0.00,0.10,17.50
S145,1487150818,0.00,0.00,0.00,0.00,0.10,17.50
S145,1487151117,0.00,0.00,0.00,0.00,0.10,17.50
S145,1487151416,0.00,0.00,0.00,0.00,0.10,17.50
S145,1487151715,0.00,0.00,0.00,0.00,0.10,17.50
S145,1487152014,0.00,0.00,0.00,0.00,0.10,17.50
S145,1487152313,0.00,0.00,0.00,0.00,0.10,17.50
S145,1487152612,0.00,0.00,0.00,0.00,0.10,17.50
S145,1487152911,0.00,0.00,0.00,0.00,0.10,17.50
S145,1487153210,0.00,0.00,0.00,0.00,0.10,17.50
S145,1487153509,0.00,0.00,0.00,0.00,0.10,17.50
S145,1487153808,0.00,0.00,0.00,0.00,0.10,17.50
S145,1487154107,0.00,0.00,0.00,0.00,0.10,17.50
S145,1487154406,0.00,0.00,0.00,0.00,0.10,17.50
S145,1487154705,0.00,0.00,0.00,0.00,0.10,17.50
S145,1487155004,0.00,0.00,0.00,0.00,0.10,17.50
S145,1487155303,0.00,0.00,0.00,0.00,0.10,17.50
S145,1487155602,0.00,0.00,0.00,0.00,0.10,17.50
S145,1487155901,0.00,0.00,0.00,0.00,0.10,17.50
S145,1487156200,0.00,0.00,0.00,0.00,0.10,17.50
S145,1487156499,0.00,0.00,0.00,0.00,0.10,17.50
S145,1487156798,0.00,0.00,0.00,0.00,0.10,17.50
S145,1487157097,0.00,0.00,0.00,0.00,0.10,17.50
S145,1487157396,0.00,0.00,0.00,0.00,0.10,17.50
S145,1487157695,0.00,0.00,0.00,0.00,0.10,17.50
S145,1487157994,0.00,0.00,0.00,0.00,0.10,17.50
S145,1487158293,0.00,0.00,0.00,0.00,0.10,17.50
S145,1487158592,0.00,0.00,0.00,0.00,0.10,17.50
S145,1487158891,0.00,0.00,0.00,0.00,0.10,17.50
S145,1487159190,0.00,0.00,0.00,0.00,0.10,17.50
S145,1487159489,0.00,0.00,0.00,0.00,0.10,17.50
S145,1487159788,0.00,0.00,0.00,0.00,0.10,17.50
S145,1487160087,0.00,0.00,0.00,0.00,0.10,17.50
S145,1487160386,0.00,0.00,0.00,0.00,0.10,17.50
