Device,Time,DHT1-OUT Temp,DHT1-OUT Hum,DHT2-IN Temp,DHT2-IN Hum,Soil,Infrared
S118,1486911899,21.60,6.50,21.40,11.20,0.10,17.50
S118,1486912198,21.60,6.30,21.40,11.20,0.10,17.50
S118,1486912497,21.60,6.00,21.40,11.30,0.10,17.50
S118,1486912796,21.60,7.20,21.30,11.20,0.10,17.50
S118,1486913095,21.60,7.60,21.30,11.30,0.10,17.50
S118,1486913394,21.60,7.40,21.30,11.20,0.10,17.50
S118,1486913693,21.50,7.50,21.30,11.40,0.10,17.50
S118,1486913992,21.50,7.90,21.40,11.30,0.10,17.50
S118,1486914291,21.50,8.00,21.40,11.80,0.10,17.50
S118,1486914590,21.50,8.00,21.50,11.30,0.10,17.50
S118,1486914889,21.50,7.80,21.50,10.90,0.10,17.50
S118,1486915188,21.50,7.90,21.50,11.00,0.10,17.50
S118,1486915487,21.50,7.60,21.40,11.20,0.10,17.50
S118,1486915786,21.50,7.70,21.40,11.20,0.10,17.50
S118,1486916085,21.50,7.20,21.30,11.00,0.10,17.50
S118,1486916384,21.50,7.60,21.30,10.90,0.10,17.50
S118,1486916683,21.50,7.40,21.20,10.60,0.10,17.50
S118,1486916982,21.50,7.30,21.20,11.00,0.10,17.50
S118,1486917281,21.50,7.60,21.20,11.00,0.10,17.50
S118,1486917580,21.50,7.60,21.20,10.70,0.10,17.50
S118,1486917879,21.50,7.60,21.20,10.90,0.10,17.50
S118,1486918178,21.40,7.40,21.20,10.60,0.10,17.50
S118,1486918477,21.40,6.80,21.20,10.70,0.10,17.50
S118,1486918776,21.40,7.00,21.10,10.60,0.10,17.50
S118,1486919075,21.40,7.30,21.10,10.70,0.10,17.50
S118,1486919374,21.40,7.50,21.20,10.60,0.10,17.50
S118,1486919673,21.40,7.40,21.30,10.70,0.10,17.50
S118,1486919973,21.40,7.60,21.30,10.70,0.10,17.50
S118,1486920272,21.40,7.20,21.30,10.70,0.10,17.50
S118,1486920571,21.40,6.90,21.20,10.60,0.10,17.50
S118,1486920870,21.40,6.90,21.20,10.60,0.10,17.50
S118,1486921169,21.40,7.30,21.20,10.60,0.10,17.50
S118,1486921469,21.40,7.30,21.20,10.60,0.10,17.50
S118,1486921768,21.30,7.50,21.30,10.70,0.10,17.50
S118,1486922067,21.40,7.40,21.30,10.60,0.10,17.50
S118,1486922367,21.40,7.30,21.30,10.70,0.10,17.50
S118,1486922666,21.40,7.40,21.20,10.60,0.10,17.50
S118,1486922966,21.30,7.10,21.20,10.60,0.10,17.50
S118,1486923265,21.30,7.30,21.10,10.60,0.10,17.50
S118,1486923564,21.30,7.30,21.20,10.60,0.10,17.50
S118,1486923863,21.30,7.50,21.20,10.60,0.10,17.50
S118,1486924162,21.30,7.50,21.20,10.60,0.10,17.50
S118,1486924461,21.30,7.30,21.20,10.60,0.10,17.50
S118,1486924761,21.30,7.30,21.20,10.60,0.10,17.50
S118,1486925060,21.30,7.30,21.10,10.60,0.10,17.50
S118,1486925359,21.30,7.30,21.10,10.80,0.10,17.50
S118,1486925658,21.30,7.30,21.20,10.60,0.10,17.50
S118,1486925958,21.30,7.50,21.20,10.60,0.10,17.50
S118,1486926257,21.30,7.50,21.30,10.70,0.10,17.50
S118,1486926557,21.30,7.20,21.20,10.60,0.10,17.50
S118,1486926856,21.30,7.20,21.20,10.60,0.10,17.50
S118,1486927155,21.30,7.00,21.10,10.60,0.10,17.50
S118,1486927454,21.30,7.20,21.20,10.60,0.10,17.50
S118,1486927753,21.30,7.40,21.20,10.60,0.10,17.50
S118,1486928052,21.30,7.30,21.20,10.60,0.10,17.50
S118,1486928352,21.30,7.10,21.20,11.00,0.10,17.50
S118,1486928651,21.30,7.30,21.20,10.40,0.10,17.50
S118,1486928950,21.30,7.10,21.20,10.60,0.10,17.50
S118,1486929249,21.30,7.10,21.10,10.60,0.10,17.50
S118,1486929548,21.30,7.10,21.20,10.60,0.10,17.50
S118,1486929847,21.30,7.10,21.20,10.60,0.10,17.50
S118,1486930146,21.30,7.30,21.30,10.70,0.10,17.50
S118,1486930445,21.30,7.10,21.30,10.60,0.10,17.50
S118,1486930745,21.30,7.10,21.20,10.60,0.10,17.50
S118,1486931044,21.30,7.00,21.10,10.40,0.10,17.50
S118,1486931343,21.30,7.00,21.10,10.60,0.10,17.50
S118,1486931642,21.30,7.20,21.20,10.60,0.10,17.50
S118,1486931941,21.30,7.30,21.20,10.60,0.10,17.50
S118,1486932240,21.30,7.20,21.20,10.60,0.10,17.50
S118,1486932540,21.30,7.30,21.30,10.50,0.10,17.50
S118,1486932839,21.30,7.40,21.20,10.60,0.10,17.50
S118,1486933138,21.30,7.00,21.20,10.60,0.10,17.50
S118,1486933437,21.30,7.10,21.00,10.50,0.10,17.50
S118,1486933736,21.30,7.20,21.10,10.60,0.10,17.50
S118,1486934035,21.20,7.30,21.10,10.60,0.10,17.50
S118,1486934334,21.20,7.20,21.10,10.60,0.10,17.50
S118,1486934633,21.20,7.20,21.00,10.50,0.10,17.50
S118,1486934932,21.20,7.00,20.70,10.30,0.10,17.50
S118,1486935231,21.20,6.70,20.50,10.60,0.10,17.50
S118,1486935530,21.10,6.70,20.30,10.60,0.10,17.50
S118,1486935829,21.10,6.70,20.20,10.70,0.10,17.50
S118,1486936129,21.00,6.60,20.10,10.80,0.10,17.50
S118,1486936428,21.00,6.70,20.10,11.00,0.10,17.50
S118,1486936727,20.90,6.60,19.90,11.00,0.10,17.50
S118,1486937026,20.80,6.80,20.00,11.10,0.10,17.50
S118,1486937325,20.80,6.80,19.90,11.20,0.10,17.50
S118,1486937624,20.70,6.90,19.80,11.30,0.10,17.50
S118,1486937923,20.70,7.10,19.80,11.60,0.10,17.50
S118,1486938222,20.70,7.40,19.80,11.70,0.10,17.50
S118,1486938521,20.60,7.40,19.90,11.90,0.10,17.50
S118,1486938820,20.60,7.40,19.80,11.90,0.10,17.50
S118,1486939119,20.60,7.70,19.80,12.00,0.10,17.50
S118,1486939418,20.50,7.50,19.80,12.00,0.10,17.50
S118,1486939717,20.50,7.70,19.80,12.10,0.10,17.50
S118,1486940016,20.50,7.70,19.70,12.10,0.10,17.50
S118,1486940316,20.50,7.80,19.70,12.20,0.10,17.50
S118,1486940615,20.50,7.90,19.70,12.20,0.10,17.50
S118,1486940914,20.40,7.90,19.60,12.20,0.10,17.50
S118,1486941213,20.40,7.90,19.60,12.30,0.10,17.50
S118,1486941512,20.40,7.90,19.60,12.50,0.10,17.50
S118,1486941811,20.40,8.20,19.60,12.60,0.10,17.50
S118,1486942110,20.30,8.10,19.60,12.70,0.10,17.50
S118,1486942409,20.30,8.20,19.50,12.80,0.10,17.50
S118,1486942708,20.30,8.30,19.50,12.80,0.10,17.50
S118,1486943007,20.20,8.20,19.50,12.80,0.10,17.50
S118,1486943306,20.20,8.10,19.40,12.80,0.10,17.50
S118,1486943605,20.20,8.30,19.40,12.90,0.10,17.50
S118,1486943904,20.20,8.30,19.40,12.90,0.10,17.50
S118,1486944203,20.20,8.40,19.40,13.00,0.10,17.50
S118,1486944502,20.10,8.30,19.30,13.10,0.10,17.50
S118,1486944801,20.10,8.30,19.20,13.20,0.10,17.50
S118,1486945100,20.10,8.30,19.20,13.20,0.10,17.50
S118,1486945399,20.00,8.40,19.10,13.10,0.10,17.50
S118,1486945698,20.00,8.50,19.10,13.10,0.10,17.50
S118,1486945997,19.90,8.40,19.10,13.10,0.10,17.50
S118,1486946296,19.90,8.50,19.00,13.10,0.10,17.50
S118,1486946595,19.80,8.60,19.00,13.10,0.10,17.50
S118,1486946894,19.80,8.80,18.90,13.00,0.10,17.50
S118,1486947193,19.70,8.50,18.90,13.00,0.10,17.50
S118,1486947492,19.70,8.80,18.90,13.00,0.10,17.50
S118,1486947791,19.70,8.50,18.90,13.10,0.10,17.50
S118,1486948090,19.60,8.80,18.80,12.90,0.10,17.50
S118,1486948389,19.60,8.70,18.80,13.10,0.10,17.50
S118,1486948688,19.60,8.80,18.80,13.00,0.10,17.50
S118,1486948987,19.50,8.70,18.80,13.30,0.10,17.50
S118,1486949286,19.50,8.70,18.70,12.90,0.10,17.50
S118,1486949585,19.50,8.70,18.70,13.10,0.10,17.50
S118,1486949884,19.40,8.60,18.70,13.20,0.10,17.50
S118,1486950184,19.40,8.60,18.70,13.20,0.10,17.50
S118,1486950483,19.40,8.60,18.70,13.20,0.10,17.50
S118,1486950782,19.30,8.60,18.70,13.30,0.10,17.50
S118,1486951081,19.30,8.60,18.60,13.40,0.10,17.50
S118,1486951380,19.30,8.60,18.60,13.50,0.10,17.50
S118,1486951679,19.20,8.50,18.60,13.70,0.10,17.40
S118,1486951978,19.20,8.50,18.50,13.70,0.10,17.50
S118,1486952277,19.20,8.50,18.50,13.70,0.10,17.50
S118,1486952576,19.20,8.50,18.50,13.80,0.10,17.50
S118,1486952875,19.10,8.70,18.50,13.80,0.10,17.50
S118,1486953174,19.10,8.40,18.50,13.70,0.10,17.50
S118,1486953473,19.10,8.60,18.40,13.80,0.10,17.50
S118,1486953772,19.10,8.40,18.40,13.70,0.10,17.50
S118,1486954071,19.00,8.40,18.40,13.80,0.10,17.50
S118,1486954370,19.00,8.70,18.40,13.90,0.10,17.40
S118,1486954669,19.00,8.80,18.40,13.80,0.10,17.50
S118,1486954968,19.00,8.40,18.30,13.60,0.10,17.50
S118,1486955267,18.90,8.30,18.30,13.60,0.10,17.50
S118,1486955566,18.90,8.30,18.30,13.60,0.10,17.50
S118,1486955865,18.90,8.60,18.30,13.80,0.10,17.40
S118,1486956164,18.90,8.80,18.30,13.90,0.10,17.50
S118,1486956463,18.80,8.60,18.20,13.80,0.10,17.50
S118,1486956762,18.80,8.70,18.20,13.80,0.10,17.50
S118,1486957061,18.80,8.90,18.20,13.70,0.10,17.50
S118,1486957360,18.80,8.60,18.20,13.60,0.10,17.50
S118,1486957659,18.80,8.50,18.20,13.70,0.10,17.40
S118,1486957958,18.70,8.50,18.20,13.60,0.10,17.40
S118,1486958257,18.70,8.30,18.20,13.60,0.10,17.50
S118,1486958556,18.70,8.50,18.10,13.60,0.10,17.50
S118,1486958855,18.70,8.80,18.10,13.70,0.10,17.50
S118,1486959154,18.70,8.90,18.10,13.80,0.10,17.50
S118,1486959453,18.70,9.00,18.20,13.70,0.10,17.50
S118,1486959752,18.70,9.00,18.30,13.60,0.10,17.50
S118,1486960051,18.60,8.90,18.30,13.60,0.10,17.50
S118,1486960350,18.70,8.90,18.30,13.50,0.10,17.50
S118,1486960649,18.70,8.80,18.30,13.40,0.10,17.50
S118,1486960948,18.70,8.80,18.30,13.20,0.10,17.50
S118,1486961247,18.70,8.80,18.30,13.20,0.10,17.50
S118,1486961546,18.70,8.80,18.30,13.10,0.10,17.50
S118,1486961845,18.70,8.60,18.20,13.10,0.10,17.40
S118,1486962144,18.70,8.40,18.10,13.00,0.10,17.50
S118,1486962443,18.70,8.30,18.10,13.00,0.10,17.40
S118,1486962742,18.60,8.20,18.10,13.00,0.10,17.50
S118,1486963041,18.60,8.40,18.10,13.00,0.10,17.50
S118,1486963340,18.60,8.40,18.10,13.10,0.10,17.50
S118,1486963639,18.60,8.70,18.30,13.20,0.10,17.50
S118,1486963938,18.60,8.90,18.40,13.10,0.10,17.40
S118,1486964237,18.60,9.00,18.50,13.20,0.10,17.50
S118,1486964536,18.60,9.10,18.60,13.20,0.10,17.40
S118,1486964835,18.60,9.10,18.70,13.20,0.10,17.50
S118,1486965134,18.60,9.10,18.80,12.90,0.10,17.50
S118,1486965433,18.70,9.20,18.90,13.00,0.10,17.50
S118,1486965732,18.70,9.20,18.90,13.00,0.10,17.50
S118,1486966031,18.70,9.20,18.90,13.00,0.10,17.50
S118,1486966330,18.70,9.10,19.00,13.10,0.10,17.50
S118,1486966629,18.80,9.20,19.00,13.10,0.10,17.50
S118,1486966928,18.80,9.20,19.10,13.10,0.10,17.50
S118,1486967227,18.80,9.20,19.10,13.10,0.10,17.50
S118,1486967526,18.90,9.20,19.20,13.20,0.10,17.50
S118,1486967825,18.90,9.20,19.20,13.20,0.10,17.50
S118,1486968124,19.00,9.20,19.20,13.20,0.10,17.50
S118,1486968423,19.00,9.20,19.30,13.30,0.10,17.50
S118,1486968722,19.00,9.10,19.30,13.30,0.10,17.50
S118,1486969021,19.10,9.20,19.40,13.30,0.10,17.50
S118,1486969320,19.10,9.20,19.40,13.30,0.10,17.50
S118,1486969619,19.10,9.20,19.50,13.10,0.10,17.50
S118,1486969918,19.20,9.20,19.50,13.20,0.10,17.50
S118,1486970217,19.20,9.10,19.50,13.10,0.10,17.50
S118,1486970516,19.20,9.00,19.50,13.30,0.10,17.50
S118,1486970815,19.30,9.10,19.60,13.30,0.10,17.50
S118,1486971114,19.30,9.00,19.60,13.20,0.10,17.50
S118,1486971413,19.30,9.00,19.60,13.10,0.10,17.50
S118,1486971712,19.30,8.80,19.70,13.00,0.10,17.50
S118,1486972011,19.40,8.90,19.70,13.20,0.10,17.50
S118,1486972310,19.40,8.60,19.70,13.20,0.10,17.50
S118,1486972609,19.40,8.80,19.70,13.00,0.10,17.50
S118,1486972908,19.40,8.60,19.70,12.80,0.10,17.50
S118,1486973207,19.50,8.70,19.70,12.70,0.10,17.50
S118,1486973506,19.50,8.70,19.80,13.00,0.10,17.50
S118,1486973805,19.50,8.70,19.80,12.90,0.10,17.50
S118,1486974104,19.50,8.70,19.80,12.80,0.10,17.50
S118,1486974403,19.50,8.70,19.90,12.70,0.10,17.50
S118,1486974702,19.60,8.80,19.90,12.70,0.10,17.50
S118,1486975001,19.60,8.80,19.90,12.70,0.10,17.50
S118,1486975300,19.60,8.80,19.90,12.70,0.10,17.50
S118,1486975599,19.60,8.80,19.90,12.70,0.10,17.50
S118,1486975898,19.60,8.80,20.00,12.80,0.10,17.50
S118,1486976197,19.70,8.80,20.10,12.70,0.10,17.50
S118,1486976496,19.70,8.80,20.10,12.40,0.10,17.50
S118,1486976795,19.80,8.90,20.20,12.80,0.10,17.50
S118,1486977094,19.80,12.20,20.30,14.00,0.10,17.50
S118,1486977393,19.80,9.40,20.40,12.60,0.10,17.50
S118,1486977692,19.90,9.00,20.40,12.70,0.10,17.50
S118,1486977991,19.90,9.00,20.50,12.50,0.10,17.50
S118,1486978290,20.00,9.10,20.50,12.30,0.10,17.50
S118,1486978589,20.00,9.10,20.50,12.30,0.10,17.50
S118,1486978888,20.10,9.10,20.50,12.30,0.10,17.50
S118,1486979187,20.10,9.10,20.50,12.20,0.10,17.50
S118,1486979486,20.10,8.80,20.50,12.30,0.10,17.50
S118,1486979785,20.20,9.20,20.50,12.20,0.10,17.50
S118,1486980084,20.20,9.20,20.60,12.30,0.10,17.50
S118,1486980383,20.20,8.80,20.60,12.10,0.10,17.50
S118,1486980682,20.30,8.90,20.60,12.20,0.10,17.50
S118,1486980981,20.30,9.20,20.60,12.10,0.10,17.50
S118,1486981280,20.30,8.80,20.70,12.30,0.10,17.50
S118,1486981579,20.40,8.90,20.70,12.20,0.10,17.50
S118,1486981878,20.40,9.10,20.80,12.30,0.10,17.50
S118,1486982177,20.40,9.10,20.80,12.20,0.10,17.50
S118,1486982476,20.50,9.00,20.80,12.20,0.10,17.50
S118,1486982775,20.50,9.40,20.90,12.00,0.10,17.50
S118,1486983074,20.50,10.00,21.00,12.30,0.10,17.50
S118,1486983373,20.60,9.10,21.00,13.50,0.10,17.50
S118,1486983672,20.60,9.50,21.00,12.10,0.10,17.50
S118,1486983971,20.70,8.80,21.00,12.20,0.10,17.50
S118,1486984270,20.70,9.50,21.10,12.60,0.10,17.50
S118,1486984569,20.70,8.90,21.00,12.00,0.10,17.50
S118,1486984868,20.70,8.90,21.00,12.10,0.10,17.50
S118,1486985167,20.80,8.80,21.00,12.10,0.10,17.50
S118,1486985466,20.80,8.70,21.00,11.70,0.10,17.50
S118,1486985765,20.80,8.70,21.10,11.70,0.10,17.50
S118,1486986064,20.80,8.40,21.00,11.70,0.10,17.50
S118,1486986363,20.90,8.60,21.10,11.90,0.10,17.50
S118,1486986662,20.90,8.60,21.10,12.00,0.10,17.50
S118,1486986961,20.90,8.50,21.10,11.70,0.10,17.50
S118,1486987260,20.90,8.40,21.00,11.70,0.10,17.50
S118,1486987559,20.90,8.40,21.00,11.80,0.10,17.50
S118,1486987858,20.90,7.90,21.10,11.40,0.10,17.50
S118,1486988157,20.90,8.40,21.10,11.60,0.10,17.50
S118,1486988457,20.90,8.30,21.10,11.60,0.10,17.50
S118,1486988756,21.00,8.40,21.10,11.60,0.10,17.50
S118,1486989055,20.90,8.30,21.10,11.40,0.10,17.50
S118,1486989354,21.00,8.40,21.10,11.60,0.10,17.50
S118,1486989653,21.00,8.50,21.10,12.10,0.10,17.50
S118,1486989952,21.00,8.50,21.10,11.60,0.10,17.50
S118,1486990251,21.00,8.40,21.20,11.70,0.10,17.50
S118,1486990550,21.00,8.50,21.20,11.80,0.10,17.50
S118,1486990849,21.00,8.40,21.20,11.60,0.10,17.50
S118,1486991148,21.00,8.30,21.10,11.60,0.10,17.50
S118,1486991447,21.00,7.80,21.10,10.70,0.10,17.50
S118,1486991746,21.00,7.80,21.10,11.00,0.10,17.50
S118,1486992045,21.00,7.80,21.00,11.00,0.10,17.50
S118,1486992344,21.00,7.70,21.00,10.80,0.10,17.50
S118,1486992643,21.10,7.70,21.00,11.10,0.10,17.50
S118,1486992942,21.00,7.60,21.20,11.40,0.10,17.50
S118,1486993241,21.00,7.80,21.20,11.30,0.10,17.50
S118,1486993540,21.00,7.90,21.20,10.60,0.10,17.50
S118,1486993839,21.10,7.90,21.20,10.60,0.10,17.50
S118,1486994138,21.10,7.60,21.10,10.60,0.10,17.50
S118,1486994437,21.10,7.70,21.10,10.80,0.10,17.50
S118,1486994736,21.10,7.40,21.10,10.60,0.10,17.50
S118,1486995035,21.10,7.60,21.10,10.80,0.10,17.50
S118,1486995334,21.10,7.70,21.10,11.00,0.10,17.50
S118,1486995633,21.10,7.70,21.10,10.90,0.10,17.50
S118,1486995932,21.10,7.70,21.10,10.80,0.10,17.50
S118,1486996231,21.10,7.80,21.10,10.90,0.10,17.50
S118,1486996530,21.10,7.70,21.10,10.60,0.10,17.50
S118,1486996829,21.10,7.50,21.10,10.80,0.10,17.50
S118,1486997128,21.10,7.40,21.10,10.90,0.10,17.50
S118,1486997427,21.10,7.50,21.20,10.60,0.10,17.50
S118,1486997726,21.10,7.20,21.10,10.60,0.10,17.50
S118,1486998025,21.10,7.40,21.20,10.60,0.10,17.50
S118,1486998324,21.10,7.40,21.10,10.60,0.10,17.50
S118,1486998623,21.10,7.40,21.10,10.60,0.10,17.50
S118,1486998922,21.10,7.30,21.20,10.50,0.10,17.50
S118,1486999221,21.10,7.20,21.20,10.60,0.10,17.50
S118,1486999520,21.10,7.40,21.20,10.50,0.10,17.50
S118,1486999819,21.10,7.40,21.20,10.60,0.10,17.50
S118,1487000118,21.10,7.30,21.20,10.60,0.10,17.50
S118,1487000417,21.10,7.20,21.20,10.10,0.10,17.50
S118,1487000716,21.20,6.80,21.10,10.80,0.10,17.50
S118,1487001015,21.10,6.80,21.10,10.60,0.10,17.50
S118,1487001314,21.20,7.00,21.10,10.60,0.10,17.50
S118,1487001613,21.10,7.00,21.20,10.30,0.10,17.50
S118,1487001912,21.10,6.90,21.20,10.60,0.10,17.50
S118,1487002211,21.10,7.00,21.20,10.60,0.10,17.50
S118,1487002510,21.10,6.90,21.20,10.30,0.10,17.50
S118,1487002809,21.10,6.90,21.20,10.40,0.10,17.50
S118,1487003108,21.20,6.90,21.10,10.60,0.10,17.50
S118,1487003407,21.10,6.60,21.00,10.30,0.10,17.50
S118,1487003706,21.10,6.70,21.00,10.50,0.10,17.50
S118,1487004005,21.10,6.80,21.00,10.30,0.10,17.50
S118,1487004304,21.10,6.90,21.10,10.60,0.10,17.50
S118,1487004603,21.10,6.90,21.20,10.60,0.10,17.50
S118,1487004902,21.20,7.30,21.20,10.60,0.10,17.50
S118,1487005201,21.10,7.10,21.20,10.60,0.10,17.50
S118,1487005500,21.10,7.00,21.20,10.30,0.10,17.50
S118,1487005799,21.10,6.80,21.20,10.30,0.10,17.50
S118,1487006098,21.20,7.00,21.10,10.50,0.10,17.50
S118,1487006397,21.10,6.90,21.10,10.40,0.10,17.50
S118,1487006696,21.10,6.90,21.20,10.60,0.10,17.50
S118,1487006995,21.10,7.10,21.20,10.60,0.10,17.50
S118,1487007294,21.10,7.10,21.20,10.60,0.10,17.50
S118,1487007593,21.20,7.00,21.10,10.50,0.10,17.50
S118,1487007892,21.20,6.70,21.10,10.60,0.10,17.50
S118,1487008191,21.20,7.00,21.10,10.60,0.10,17.50
S118,1487008490,21.10,7.00,21.10,10.60,0.10,17.50
S118,1487008789,21.20,7.20,21.20,10.60,0.10,17.50
S118,1487009088,21.10,7.00,21.20,10.60,0.10,17.50
S118,1487009387,21.20,6.90,21.10,10.60,0.10,17.50
S118,1487009686,21.20,7.00,21.00,10.50,0.10,17.50
S118,1487009985,21.10,6.90,21.00,10.90,0.10,17.50
S118,1487010284,21.10,7.00,21.10,10.60,0.10,17.50
S118,1487010583,21.10,7.00,21.20,10.60,0.10,17.50
S118,1487010882,21.20,6.90,21.20,10.60,0.10,17.50
S118,1487011181,21.10,7.00,21.00,10.50,0.10,17.50
S118,1487011480,21.20,7.00,21.00,10.60,0.10,17.50
S118,1487011779,21.20,7.10,21.00,10.50,0.10,17.50
S118,1487012078,21.10,6.80,21.00,10.50,0.10,17.50
S118,1487012377,21.10,7.00,21.10,10.60,0.10,17.50
S118,1487012676,21.10,7.00,21.10,10.60,0.10,17.50
S118,1487012975,21.20,6.80,21.10,10.60,0.10,17.50
S118,1487013274,21.10,6.80,20.90,10.40,0.10,17.50
S118,1487013573,21.20,7.10,20.90,10.40,0.10,17.50
S118,1487013872,21.10,6.80,21.10,10.60,0.10,17.50
S118,1487014171,21.10,6.90,21.20,10.60,0.10,17.50
S118,1487014470,21.10,6.80,21.30,10.70,0.10,17.50
S118,1487014769,21.10,6.70,21.30,10.50,0.10,17.50
S118,1487015068,21.10,6.50,21.30,10.40,0.10,17.50
S118,1487015367,21.20,6.40,21.30,10.20,0.10,17.50
S118,1487015666,21.20,6.70,21.30,10.30,0.10,17.50
S118,1487015965,21.20,6.60,21.30,10.20,0.10,17.50
S118,1487016264,21.10,6.70,21.30,10.20,0.10,17.50
S118,1487016563,21.20,6.70,21.40,10.50,0.10,17.50
S118,1487016862,21.20,6.60,21.40,10.20,0.10,17.50
S118,1487017161,21.20,6.50,21.40,10.30,0.10,17.50
S118,1487017460,21.20,6.30,21.40,10.20,0.10,17.50
S118,1487017759,21.20,6.40,21.40,10.30,0.10,17.50
S118,1487018058,21.20,6.60,21.40,10.30,0.10,17.50
S118,1487018357,21.20,6.70,21.30,10.40,0.10,17.50
S118,1487018656,21.20,6.70,21.30,10.30,0.10,17.50
S118,1487018955,21.20,6.70,21.30,10.30,0.10,17.50
S118,1487019254,21.20,6.30,21.10,10.10,0.10,17.50
S118,1487019553,21.20,6.60,21.10,10.30,0.10,17.50
S118,1487019852,21.20,6.40,21.10,10.10,0.10,17.50
S118,1487020151,21.20,6.40,21.20,10.30,0.10,17.50
S118,1487020450,21.20,6.70,21.20,10.30,0.10,17.50
S118,1487020749,21.20,6.60,21.10,9.90,0.10,17.50
S118,1487021048,21.20,6.30,20.80,9.80,0.10,17.50
S118,1487021347,21.20,6.30,20.60,10.00,0.10,17.50
S118,1487021646,21.10,6.00,20.40,10.10,0.10,17.50
S118,1487021945,21.10,5.90,20.30,10.00,0.10,17.50
S118,1487022244,21.00,6.00,20.20,9.90,0.10,17.50
S118,1487022543,21.00,6.00,20.00,10.00,0.10,17.50
S118,1487022842,21.00,5.80,19.80,10.10,0.10,17.50
S118,1487023141,20.90,5.50,19.70,10.30,0.10,17.50
S118,1487023440,20.80,5.60,19.60,10.30,0.10,17.50
S118,1487023739,20.80,5.70,19.50,10.30,0.10,17.50
S118,1487024038,20.70,5.80,19.40,10.30,0.10,17.50
S118,1487024337,20.60,5.70,19.40,10.40,0.10,17.50
S118,1487024636,20.60,5.80,19.30,10.50,0.10,17.50
S118,1487024935,20.50,5.90,19.20,10.50,0.10,17.50
S118,1487025234,20.40,6.10,19.20,10.70,0.10,17.50
S118,1487025533,20.40,6.10,19.20,10.90,0.10,17.50
S118,1487025832,20.30,6.20,19.10,11.00,0.10,17.50
S118,1487026131,20.20,6.20,19.10,11.10,0.10,17.50
S118,1487026430,20.20,6.30,19.00,11.20,0.10,17.50
S118,1487026730,20.10,6.40,19.00,11.30,0.10,17.50
S118,1487027029,20.10,6.60,19.00,11.40,0.10,17.50
S118,1487027328,20.00,6.60,18.90,11.40,0.10,17.50
S118,1487027627,20.00,6.70,18.90,11.50,0.10,17.50
S118,1487027926,19.90,6.60,18.90,11.60,0.10,17.50
S118,1487028225,19.90,6.80,18.80,11.60,0.10,17.50
S118,1487028524,19.80,6.90,18.80,11.70,0.10,17.50
S118,1487028823,19.80,6.80,18.80,11.80,0.10,17.50
S118,1487029122,19.80,7.00,18.70,11.70,0.10,17.50
S118,1487029421,19.70,7.00,18.70,11.90,0.10,17.50
S118,1487029720,19.70,7.00,18.60,11.80,0.10,17.50
S118,1487030019,19.70,7.00,18.60,11.90,0.10,17.50
S118,1487030318,19.60,6.90,18.60,12.00,0.10,17.50
S118,1487030617,19.60,7.00,18.60,12.00,0.10,17.50
S118,1487030916,19.60,7.20,18.60,12.10,0.10,17.50
S118,1487031215,19.50,7.10,18.70,12.10,0.10,17.50
S118,1487031514,19.50,7.30,18.70,12.10,0.10,17.50
S118,1487031813,19.50,7.30,18.70,12.10,0.10,17.50
S118,1487032112,19.50,7.30,18.60,12.10,0.10,17.50
S118,1487032411,19.50,7.30,18.60,12.10,0.10,17.50
S118,1487032710,19.50,7.30,18.60,12.10,0.10,17.50
S118,1487033009,19.40,7.20,18.60,12.10,0.10,17.50
S118,1487033308,19.40,7.30,18.60,12.20,0.10,17.50
S118,1487033607,19.40,7.30,18.50,12.20,0.10,17.50
S118,1487033906,19.40,7.30,18.40,12.20,0.10,17.50
S118,1487034205,19.30,7.40,18.40,12.30,0.10,17.50
S118,1487034504,19.30,7.40,18.30,12.40,0.10,17.50
S118,1487034803,19.20,7.30,18.30,12.60,0.10,17.50
S118,1487035102,19.20,7.30,18.30,12.60,0.10,17.50
S118,1487035401,19.20,7.40,18.20,12.50,0.10,17.50
S118,1487035700,19.10,7.50,18.20,12.50,0.10,17.50
S118,1487035999,19.10,7.40,18.20,12.50,0.10,17.50
S118,1487036298,19.00,7.40,18.20,12.50,0.10,17.50
S118,1487036597,19.00,7.40,18.20,12.50,0.10,17.50
S118,1487036896,19.00,7.60,18.20,12.50,0.10,17.50
S118,1487037195,18.90,7.40,18.20,12.50,0.10,17.50
S118,1487037494,18.90,7.60,18.10,12.40,0.10,17.50
S118,1487037793,18.90,7.50,18.10,12.40,0.10,17.50
S118,1487038092,18.80,7.50,18.10,12.40,0.10,17.50
S118,1487038391,18.80,7.60,18.10,12.40,0.10,17.50
S118,1487038690,18.80,7.70,18.10,12.40,0.10,17.50
S118,1487038989,18.80,7.70,18.00,12.40,0.10,17.50
S118,1487039288,18.70,7.70,18.00,12.40,0.10,17.40
S118,1487039587,18.70,7.70,18.00,12.40,0.10,17.50
S118,1487039886,18.70,7.60,18.00,12.40,0.10,17.50
S118,1487040185,18.70,7.80,17.90,12.30,0.10,17.50
S118,1487040484,18.60,7.80,17.90,12.30,0.10,17.50
S118,1487040783,18.60,7.90,17.90,12.30,0.10,17.40
S118,1487041082,18.60,8.10,17.90,12.30,0.10,17.50
S118,1487041381,18.60,7.90,17.90,12.30,0.10,17.50
S118,1487041680,18.60,8.10,17.90,12.50,0.10,17.50
S118,1487041979,18.50,8.00,17.90,12.50,0.10,17.50
S118,1487042278,18.50,8.00,17.90,12.60,0.10,17.50
S118,1487042577,18.50,8.00,17.90,12.70,0.10,17.40
S118,1487042876,18.50,8.00,17.90,12.70,0.10,17.50
S118,1487043175,18.50,8.00,17.80,12.70,0.10,17.50
S118,1487043474,18.40,8.00,17.80,12.70,0.10,17.40
S118,1487043773,18.40,8.00,17.80,12.80,0.10,17.40
S118,1487044072,18.40,8.00,17.80,12.80,0.10,17.50
S118,1487044371,18.40,8.00,17.80,12.90,0.10,17.40
S118,1487044670,18.30,7.90,17.80,12.90,0.10,17.50
S118,1487044969,18.30,7.90,17.70,12.90,0.10,17.50
S118,1487045268,18.30,7.90,17.70,12.90,0.10,17.50
S118,1487045567,18.30,7.90,17.70,12.90,0.10,17.50
S118,1487045866,18.30,7.90,17.70,13.00,0.10,17.50
S118,1487046165,18.30,7.90,17.70,13.10,0.10,17.40
S118,1487046464,18.20,7.80,17.70,13.10,0.10,17.40
S118,1487046763,18.20,7.80,17.70,13.20,0.10,17.50
S118,1487047062,18.30,7.90,17.70,13.20,0.10,17.50
S118,1487047361,18.20,8.00,17.70,13.20,0.10,17.50
S118,1487047660,18.20,8.10,17.60,13.10,0.10,17.50
S118,1487047959,18.20,7.90,17.70,13.20,0.10,17.50
S118,1487048258,18.20,8.00,17.60,13.20,0.10,17.40
S118,1487048557,18.20,7.90,17.60,13.20,0.10,17.50
S118,1487048856,18.20,8.10,17.60,13.20,0.10,17.50
S118,1487049155,18.10,8.00,17.60,13.20,0.10,17.50
S118,1487049454,18.10,8.30,17.60,13.20,0.10,17.50
S118,1487049753,18.10,8.40,17.80,13.10,0.10,17.50
S118,1487050052,18.10,8.40,18.00,13.10,0.10,17.50
S118,1487050351,18.10,8.50,18.10,13.00,0.10,17.50
S118,1487050650,18.10,8.60,18.20,13.00,0.10,17.50
S118,1487050949,18.20,8.70,18.30,13.00,0.10,17.50
S118,1487051248,18.20,8.70,18.40,13.00,0.10,17.40
S118,1487051547,18.20,8.80,18.40,12.90,0.10,17.50
S118,1487051846,18.20,8.80,18.50,12.90,0.10,17.50
S118,1487052145,18.30,8.90,18.50,12.80,0.10,17.50
S118,1487052444,18.30,8.90,18.60,12.80,0.10,17.50
S118,1487052743,18.30,8.80,18.70,12.90,0.10,17.50
S118,1487053042,18.40,8.90,18.70,12.90,0.10,17.50
S118,1487053341,18.40,8.90,18.80,12.90,0.10,17.50
S118,1487053640,18.50,9.00,18.80,12.90,0.10,17.50
S118,1487053939,18.50,9.00,18.80,12.90,0.10,17.50
S118,1487054238,18.50,9.00,18.90,13.00,0.10,17.50
S118,1487054537,18.60,9.00,19.00,13.10,0.10,17.50
S118,1487054837,18.60,9.10,19.00,13.10,0.10,17.50
S118,1487055136,18.60,9.00,19.00,13.10,0.10,17.50
S118,1487055435,18.70,9.10,19.10,13.10,0.10,17.50
S118,1487055734,18.70,9.00,19.10,13.10,0.10,17.50
S118,1487056033,18.70,9.00,19.10,13.10,0.10,17.50
S118,1487056332,18.80,9.10,19.20,13.20,0.10,17.50
S118,1487056631,18.80,9.10,19.20,13.20,0.10,17.50
S118,1487056930,18.80,9.10,19.30,13.30,0.10,17.50
S118,1487057229,18.90,9.10,19.30,13.30,0.10,17.50
S118,1487057528,18.90,9.10,19.30,13.30,0.10,17.50
S118,1487057827,18.90,9.10,19.30,13.30,0.10,17.50
S118,1487058126,19.00,9.20,19.40,13.30,0.10,17.50
S118,1487058425,19.00,9.10,19.40,13.30,0.10,17.50
S118,1487058724,19.00,9.20,19.40,13.30,0.10,17.50
S118,1487059023,19.10,9.20,19.50,13.40,0.10,17.50
S118,1487059322,19.10,9.20,19.50,13.40,0.10,17.50
S118,1487059621,19.10,9.20,19.60,13.50,0.10,17.50
S118,1487059920,19.20,9.20,19.60,13.50,0.10,17.50
S118,1487060219,19.20,9.20,19.60,13.50,0.10,17.50
S118,1487060518,19.20,9.20,19.60,13.50,0.10,17.50
S118,1487060817,19.30,9.20,19.70,13.60,0.10,17.50
S118,1487061116,19.30,9.30,19.70,13.50,0.10,17.50
S118,1487061415,19.30,9.30,19.70,13.40,0.10,17.50
S118,1487061714,19.30,9.20,19.80,13.60,0.10,17.50
S118,1487062013,19.40,9.30,19.80,13.20,0.10,17.50
S118,1487062312,19.40,9.20,19.90,13.60,0.10,17.50
S118,1487062611,19.40,9.20,19.90,13.40,0.10,17.50
S118,1487062910,19.50,9.30,20.00,13.10,0.10,17.50
S118,1487063209,19.50,9.20,20.10,13.30,0.10,17.50
S118,1487063508,19.60,9.30,20.20,13.10,0.10,17.50
S118,1487063807,19.60,9.20,20.20,12.90,0.10,17.50
S118,1487064106,19.70,9.20,20.20,12.80,0.10,17.50
S118,1487064405,19.70,9.20,20.30,12.90,0.10,17.50
S118,1487064704,19.80,9.00,20.30,12.90,0.10,17.50
S118,1487065004,19.80,8.90,20.40,12.70,0.10,17.50
S118,1487065303,19.80,8.90,20.50,12.70,0.10,17.50
S118,1487065602,19.90,9.00,20.40,12.60,0.10,17.50
S118,1487065901,20.00,9.10,20.40,12.50,0.10,17.50
S118,1487066200,19.90,9.00,20.40,12.50,0.10,17.50
S118,1487066499,20.00,9.10,20.40,12.50,0.10,17.50
S118,1487066798,20.00,9.10,20.40,12.50,0.10,17.50
S118,1487067097,20.10,9.10,20.50,12.30,0.10,17.50
S118,1487067396,20.10,9.10,20.50,12.10,0.10,17.50
S118,1487067695,20.10,9.10,20.60,12.20,0.10,17.50
S118,1487067994,20.10,9.00,20.60,12.10,0.10,17.50
S118,1487068293,20.20,8.90,20.60,11.70,0.10,17.50
S118,1487068592,20.20,8.80,20.70,11.80,0.10,17.50
S118,1487068891,20.20,8.70,20.70,11.70,0.10,17.50
S118,1487069190,20.30,8.70,20.70,12.00,0.10,17.50
S118,1487069489,20.30,8.70,20.70,11.70,0.10,17.50
S118,1487069788,20.30,8.60,20.60,11.70,0.10,17.50
S118,1487070087,20.30,8.70,20.70,11.80,0.10,17.50
S118,1487070386,20.30,8.60,20.60,11.90,0.10,17.50
S118,1487070685,20.40,8.70,20.60,12.00,0.10,17.50
S118,1487070984,20.40,8.70,20.60,12.00,0.10,17.50
S118,1487071283,20.40,8.70,20.60,11.90,0.10,17.50
S118,1487071582,20.40,8.60,20.50,11.80,0.10,17.50
S118,1487071881,20.40,8.60,20.60,11.80,0.10,17.50
S118,1487072180,20.40,8.60,20.50,11.70,0.10,17.50
S118,1487072479,20.40,8.50,20.60,11.70,0.10,17.50
S118,1487072778,20.40,8.40,20.60,11.70,0.10,17.50
S118,1487073077,20.40,8.40,20.60,11.60,0.10,17.50
S118,1487073376,20.40,8.30,20.60,11.40,0.10,17.50
S118,1487073675,20.40,8.30,20.60,11.30,0.10,17.50
S118,1487073974,20.40,8.20,20.60,11.30,0.10,17.50
S118,1487074273,20.40,8.20,20.60,11.40,0.10,17.50
S118,1487074572,20.40,8.20,20.60,11.40,0.10,17.50
S118,1487074871,20.50,8.20,20.60,11.40,0.10,17.50
S118,1487075170,20.40,7.90,20.60,11.30,0.10,17.50
S118,1487075469,20.40,8.00,20.60,11.30,0.10,17.50
S118,1487075768,20.50,8.10,20.60,11.40,0.10,17.50
S118,1487076067,20.50,7.90,20.60,11.00,0.10,17.50
S118,1487076366,20.40,7.80,20.50,11.00,0.10,17.50
S118,1487076665,20.40,7.80,20.60,11.20,0.10,17.50
S118,1487076964,20.40,7.80,20.70,11.20,0.10,17.50
S118,1487077263,20.50,7.90,20.70,11.10,0.10,17.50
S118,1487077562,20.50,7.90,20.80,11.20,0.10,17.50
S118,1487077861,20.50,7.90,20.90,11.30,0.10,17.50
S118,1487078160,20.50,7.90,20.90,11.10,0.10,17.50
S118,1487078459,20.60,8.00,20.90,11.20,0.10,17.50
S118,1487078758,20.60,7.90,21.00,11.10,0.10,17.50
S118,1487079057,20.60,7.90,21.00,11.10,0.10,17.50
S118,1487079356,20.60,8.00,21.00,11.10,0.10,17.50
S118,1487079655,20.70,8.00,21.10,11.20,0.10,17.50
S118,1487079954,20.70,7.90,21.10,11.10,0.10,17.50
S118,1487080253,20.70,7.90,21.10,10.70,0.10,17.50
S118,1487080552,20.70,7.50,21.10,10.60,0.10,17.50
S118,1487080851,20.80,7.50,21.00,10.50,0.10,17.50
S118,1487081150,20.80,7.30,21.00,10.50,0.10,17.50
S118,1487081449,20.80,7.20,21.00,10.50,0.10,17.50
S118,1487081748,20.80,7.10,21.00,10.60,0.10,17.50
S118,1487082047,20.80,7.00,21.00,10.50,0.10,17.50
S118,1487082346,20.80,7.30,21.10,10.60,0.10,17.50
S118,1487082645,20.90,7.20,21.10,10.40,0.10,17.50
S118,1487082944,20.90,7.10,21.30,10.50,0.10,17.50
S118,1487083243,20.90,7.30,21.30,10.30,0.10,17.50
S118,1487083542,20.90,7.20,21.20,10.60,0.10,17.50
S118,1487083841,20.90,7.00,21.20,10.20,0.10,17.50
S118,1487084140,20.90,6.80,21.10,10.30,0.10,17.50
S118,1487084439,20.90,6.60,21.20,10.30,0.10,17.50
S118,1487084738,20.90,6.70,21.20,10.50,0.10,17.50
S118,1487085037,20.90,6.90,21.20,10.30,0.10,17.50
S118,1487085336,20.90,7.00,21.20,10.20,0.10,17.50
S118,1487085635,21.00,7.00,21.30,10.20,0.10,17.50
S118,1487085934,21.00,7.10,21.30,10.40,0.10,17.50
S118,1487086233,21.00,7.10,21.40,10.40,0.10,17.50
S118,1487086532,21.00,6.90,21.30,10.00,0.10,17.50
S118,1487086831,21.00,6.80,21.30,10.30,0.10,17.50
S118,1487087130,21.00,6.60,21.20,10.10,0.10,17.50
S118,1487087429,21.00,6.40,21.20,10.20,0.10,17.50
S118,1487087728,21.00,6.50,21.20,10.30,0.10,17.50
S118,1487088027,21.00,6.60,21.20,10.10,0.10,17.50
S118,1487088326,21.00,6.60,21.20,10.30,0.10,17.50
S118,1487088625,21.00,6.60,21.30,10.20,0.10,17.50
S118,1487088924,21.00,6.40,21.20,10.30,0.10,17.50
S118,1487089223,21.00,6.60,21.20,10.20,0.10,17.50
S118,1487089522,21.00,6.40,21.30,10.60,0.10,17.50
S118,1487089821,21.00,6.60,21.20,10.30,0.10,17.50
S118,1487090120,21.00,6.60,21.30,10.10,0.10,17.50
S118,1487090419,21.00,6.50,21.40,10.20,0.10,17.50
S118,1487090718,21.00,6.30,21.30,10.30,0.10,17.50
S118,1487091017,21.00,6.60,21.40,10.10,0.10,17.50
S118,1487091316,21.00,6.40,21.20,10.10,0.10,17.50
S118,1487091615,21.00,6.30,21.20,10.10,0.10,17.50
S118,1487091914,21.00,6.20,21.30,10.00,0.10,17.50
S118,1487092213,21.00,5.70,21.30,9.70,0.10,17.50
S118,1487092512,21.00,6.10,21.30,10.20,0.10,17.50
S118,1487092811,21.00,6.20,21.30,9.70,0.10,17.50
S118,1487093110,21.00,6.10,21.30,9.80,0.10,17.50
S118,1487093409,21.00,6.10,21.20,9.80,0.10,17.50
S118,1487093708,21.00,6.00,21.20,9.90,0.10,17.50
S118,1487094007,21.00,6.00,21.20,9.90,0.10,17.50
S118,1487094306,21.00,6.00,21.20,9.80,0.10,17.50
S118,1487094605,21.00,6.00,21.20,10.00,0.10,17.50
S118,1487094904,21.00,5.80,21.10,9.60,0.10,17.50
S118,1487095203,21.00,6.10,21.20,9.90,0.10,17.50
S118,1487095502,21.00,6.30,21.20,9.70,0.10,17.50
S118,1487095801,21.00,6.20,21.10,9.50,0.10,17.50
S118,1487096100,21.00,6.40,21.20,9.90,0.10,17.50
S118,1487096399,21.00,6.50,21.20,9.90,0.10,17.50
S118,1487096698,21.00,6.30,21.20,9.60,0.10,17.50
S118,1487096997,21.00,6.40,21.20,9.60,0.10,17.50
S118,1487097296,21.00,6.20,21.20,9.80,0.10,17.50
S118,1487097595,21.00,5.80,21.20,9.60,0.10,17.50
S118,1487097894,21.00,5.80,21.20,9.30,0.10,17.50
S118,1487098193,21.00,5.60,21.10,9.30,0.10,17.50
S118,1487098492,21.00,5.80,21.10,9.50,0.10,17.50
S118,1487098791,21.00,5.90,21.20,9.30,0.10,17.50
S118,1487099090,21.00,5.60,21.20,9.20,0.10,17.50
S118,1487099389,21.00,5.60,21.20,9.80,0.10,17.50
S118,1487099688,21.00,5.80,21.20,9.50,0.10,17.50
S118,1487099987,21.00,5.80,21.20,9.10,0.10,17.50
S118,1487100286,21.00,5.60,21.10,8.90,0.10,17.50
S118,1487100585,21.00,5.60,21.10,8.90,0.10,17.50
S118,1487100884,21.00,5.60,21.10,9.30,0.10,17.50
S118,1487101183,21.00,5.80,21.00,9.30,0.10,17.50
S118,1487101482,21.00,5.90,21.00,9.10,0.10,17.50
S118,1487101781,21.00,5.80,20.90,9.40,0.10,17.50
S118,1487102080,21.00,5.60,21.00,9.50,0.10,17.50
S118,1487102379,21.00,5.80,20.90,9.40,0.10,17.50
S118,1487102678,21.00,5.60,20.80,9.40,0.10,17.50
S118,1487102977,20.90,5.50,20.80,9.50,0.10,17.50
S118,1487103277,20.90,5.50,20.70,9.50,0.10,17.50
S118,1487103576,20.90,5.80,20.60,9.40,0.10,17.50
S118,1487103875,20.90,5.70,20.60,9.50,0.10,17.50
S118,1487104174,20.80,5.60,20.60,9.50,0.10,17.50
S118,1487104473,20.80,5.80,20.60,9.50,0.10,17.50
S118,1487104772,20.80,5.40,20.50,9.50,0.10,17.50
S118,1487105071,20.80,5.70,20.50,9.50,0.10,17.50
S118,1487105370,20.70,5.70,20.50,9.40,0.10,17.50
S118,1487105669,20.70,5.70,20.50,9.50,0.10,17.50
S118,1487105968,20.70,5.70,20.50,9.40,0.10,17.50
S118,1487106267,20.70,5.60,20.50,9.50,0.10,17.50
S118,1487106566,20.70,5.70,20.50,9.50,0.10,17.50
S118,1487106865,20.60,5.70,20.40,9.40,0.10,17.50
S118,1487107164,20.60,5.30,20.20,9.30,0.10,17.50
S118,1487107463,20.60,5.30,20.00,9.40,0.10,17.50
S118,1487107762,20.60,5.30,19.80,9.40,0.10,17.50
S118,1487108061,20.50,5.20,19.70,9.60,0.10,17.50
S118,1487108360,20.40,5.20,19.60,9.50,0.10,17.50
S118,1487108659,20.40,5.20,19.50,9.50,0.10,17.50
S118,1487108958,20.30,5.10,19.40,9.40,0.10,17.50
S118,1487109257,20.30,5.10,19.40,9.40,0.10,17.50
S118,1487109556,20.20,5.00,19.30,9.30,0.10,17.50
S118,1487109855,20.20,5.00,19.20,9.30,0.10,17.50
S118,1487110154,20.10,4.90,19.20,9.60,0.10,17.50
S118,1487110453,20.10,4.90,19.10,9.60,0.10,17.50
S118,1487110752,20.00,4.90,19.10,9.60,0.10,17.50
S118,1487111051,20.00,5.20,19.00,9.60,0.10,17.50
S118,1487111350,19.90,4.80,18.90,9.70,0.10,17.50
S118,1487111649,19.80,4.90,18.80,9.70,0.10,17.50
S118,1487111948,19.80,4.80,18.80,9.70,0.10,17.50
S118,1487112247,19.70,4.90,18.80,9.80,0.10,17.50
S118,1487112546,19.70,5.00,18.70,9.90,0.10,17.50
S118,1487112845,19.70,5.40,18.80,10.20,0.10,17.50
S118,1487113144,19.60,5.30,18.80,10.10,0.10,17.50
S118,1487113443,19.60,5.20,18.80,10.00,0.10,17.50
S118,1487113742,19.60,5.20,18.80,10.00,0.10,17.50
S118,1487114041,19.50,5.20,18.80,9.90,0.10,17.50
S118,1487114340,19.50,5.20,18.80,9.90,0.10,17.50
S118,1487114639,19.50,5.40,18.80,9.90,0.10,17.50
S118,1487114938,19.50,5.50,18.80,9.90,0.10,17.50
S118,1487115237,19.50,5.50,18.80,10.50,0.10,17.50
S118,1487115536,19.40,6.20,18.80,11.00,0.10,17.50
S118,1487115835,19.40,6.00,18.80,10.60,0.10,17.50
S118,1487116134,19.40,6.00,18.80,10.40,0.10,17.50
S118,1487116433,19.40,5.90,18.70,10.10,0.10,17.50
S118,1487116732,19.40,5.70,18.70,9.80,0.10,17.50
S118,1487117031,19.30,5.50,18.70,9.70,0.10,17.50
S118,1487117330,19.30,5.30,18.70,9.60,0.10,17.50
S118,1487117629,19.30,5.10,18.70,9.40,0.10,17.50
S118,1487117928,19.30,5.10,18.60,9.30,0.10,17.50
S118,1487118227,19.30,4.90,18.50,9.40,0.10,17.50
S118,1487118526,19.20,4.60,18.50,9.30,0.10,17.50
S118,1487118825,19.20,4.30,18.40,9.20,0.10,17.50
S118,1487119124,19.20,4.50,18.30,9.20,0.10,17.50
S118,1487119423,19.10,4.30,18.30,9.10,0.10,17.50
S118,1487119722,19.10,4.30,18.30,9.20,0.10,17.50
S118,1487120021,19.00,4.40,18.30,9.30,0.10,17.50
S118,1487120320,19.00,4.20,18.20,9.10,0.10,17.50
S118,1487120619,19.00,4.20,18.20,9.20,0.10,17.50
S118,1487120918,19.00,4.50,18.10,9.10,0.10,17.50
S118,1487121217,18.90,4.20,18.10,9.20,0.10,17.50
S118,1487121516,18.90,4.50,18.10,9.20,0.10,17.50
S118,1487121815,18.80,4.10,18.00,9.20,0.10,17.50
S118,1487122114,18.80,4.50,18.00,9.30,0.10,17.50
S118,1487122413,18.80,4.10,18.00,9.40,0.10,17.50
S118,1487122712,18.70,4.50,17.90,9.30,0.10,17.50
S118,1487123011,18.70,4.50,17.90,9.30,0.10,17.50
S118,1487123310,18.70,4.50,17.90,9.40,0.10,17.50
S118,1487123609,18.60,4.50,17.90,9.50,0.10,17.40
S118,1487123908,18.60,5.20,17.80,9.60,0.10,17.50
S118,1487124207,18.60,4.50,17.80,9.60,0.10,17.40
S118,1487124506,18.60,4.70,17.80,9.60,0.10,17.50
S118,1487124805,18.50,4.40,17.80,9.70,0.10,17.50
S118,1487125104,18.50,4.80,17.80,9.70,0.10,17.50
S118,1487125403,18.50,4.90,17.70,9.60,0.10,17.50
S118,1487125702,18.40,4.80,17.70,9.60,0.10,17.50
S118,1487126001,18.40,4.70,17.70,9.60,0.10,17.50
S118,1487126300,18.40,4.80,17.70,9.60,0.10,17.50
S118,1487126599,18.40,4.80,17.60,9.60,0.10,17.50
S118,1487126898,18.30,4.60,17.70,9.60,0.10,17.50
S118,1487127197,18.30,4.80,17.60,9.50,0.10,17.40
S118,1487127496,18.30,4.80,17.60,9.40,0.10,17.50
S118,1487127795,18.30,4.60,17.60,9.40,0.10,17.40
S118,1487128094,18.20,4.50,17.60,9.40,0.10,17.50
S118,1487128393,18.20,4.60,17.50,9.40,0.10,17.50
S118,1487128692,18.20,4.60,17.50,9.50,0.10,17.50
S118,1487128991,18.20,4.50,17.50,9.50,0.10,17.50
S118,1487129290,18.20,4.50,17.50,9.50,0.10,17.50
S118,1487129589,18.10,4.50,17.50,9.50,0.10,17.40
S118,1487129888,18.10,4.40,17.40,9.50,0.10,17.50
S118,1487130187,18.10,4.40,17.40,9.50,0.10,17.50
S118,1487130486,18.10,4.70,17.40,9.60,0.10,17.40
S118,1487130785,18.00,4.60,17.40,9.70,0.10,17.40
S118,1487131084,18.00,4.70,17.40,9.70,0.10,17.50
S118,1487131383,18.00,4.80,17.40,9.80,0.10,17.50
S118,1487131682,18.00,4.90,17.40,9.90,0.10,17.50
S118,1487131981,18.00,4.90,17.30,9.90,0.10,17.40
S118,1487132280,18.00,4.90,17.30,9.90,0.10,17.50
S118,1487132579,17.90,5.10,17.30,10.00,0.10,17.40
S118,1487132878,17.90,5.00,17.30,10.10,0.10,17.40
S118,1487133177,17.90,5.00,17.30,10.10,0.10,17.40
S118,1487133476,17.90,5.10,17.30,10.20,0.10,17.40
S118,1487133775,17.90,5.40,17.40,10.20,0.10,17.50
S118,1487134074,17.90,5.30,17.40,10.10,0.10,17.40
S118,1487134373,17.90,5.50,17.40,10.10,0.10,17.50
S118,1487134672,17.90,5.50,17.50,10.10,0.10,17.50
S118,1487134971,17.90,5.50,17.50,10.10,0.10,17.50
S118,1487135270,17.90,5.60,17.50,10.10,0.10,17.50
S118,1487135569,17.90,5.60,17.50,10.10,0.10,17.50
S118,1487135868,17.90,5.70,17.70,10.20,0.10,17.50
S118,1487136167,17.90,5.80,17.90,10.20,0.10,17.50
S118,1487136466,17.90,5.90,17.90,10.20,0.10,17.50
S118,1487136765,17.90,5.90,18.00,10.20,0.10,17.50
S118,1487137064,18.00,6.00,18.10,10.30,0.10,17.50
S118,1487137363,18.00,6.10,18.10,10.10,0.10,17.50
S118,1487137662,18.00,6.10,18.20,10.30,0.10,17.40
S118,1487137961,18.10,6.20,18.30,10.30,0.10,17.50
S118,1487138260,18.10,6.20,18.30,10.30,0.10,17.50
S118,1487138559,18.10,6.20,18.40,10.20,0.10,17.50
S118,1487138858,18.20,6.20,18.40,10.10,0.10,17.50
S118,1487139157,18.20,6.20,18.50,10.20,0.10,17.50
S118,1487139456,18.20,6.20,18.50,10.20,0.10,17.50
S118,1487139755,18.20,6.10,18.50,10.00,0.10,17.40
S118,1487140054,18.30,6.10,18.60,9.90,0.10,17.50
S118,1487140353,18.30,6.10,18.60,10.00,0.10,17.50
S118,1487140652,18.30,6.10,18.60,9.80,0.10,17.50
S118,1487140951,18.30,6.00,18.70,9.80,0.10,17.50
S118,1487141250,18.40,6.10,18.70,9.80,0.10,17.50
S118,1487141550,18.40,6.10,18.70,9.80,0.10,17.50
S118,1487141849,18.50,6.10,18.80,9.70,0.10,17.50
S118,1487142148,18.50,6.00,18.80,9.70,0.10,17.50
S118,1487142447,18.50,6.10,18.80,9.70,0.10,17.50
S118,1487142746,18.50,6.00,18.90,9.80,0.10,17.50
S118,1487143045,18.60,6.00,18.90,9.70,0.10,17.50
S118,1487143344,18.60,6.00,18.90,9.60,0.10,17.50
S118,1487143643,18.60,6.00,19.00,9.70,0.10,17.50
S118,1487143942,18.60,6.00,19.00,9.60,0.10,17.50
S118,1487144241,18.70,5.90,19.00,10.00,0.10,17.50
S118,1487144540,18.70,5.90,19.00,9.40,0.10,17.50
S118,1487144839,18.70,5.80,19.10,9.90,0.10,17.50
S118,1487145138,18.80,5.80,19.10,9.60,0.10,17.50
S118,1487145437,18.80,5.80,19.10,9.20,0.10,17.50
S118,1487145736,18.80,5.60,19.20,9.30,0.10,17.50
S118,1487146035,18.90,5.60,19.20,9.30,0.10,17.50
S118,1487146334,18.90,5.50,19.20,9.30,0.10,17.50
S118,1487146633,18.90,5.40,19.20,9.30,0.10,17.50
S118,1487146932,19.00,5.50,19.20,9.30,0.10,17.50
S118,1487147231,19.00,5.50,19.20,9.20,0.10,17.50
S118,1487147530,19.00,5.40,19.10,9.20,0.10,17.50
S118,1487147829,19.00,5.30,19.10,9.20,0.10,17.50
S118,1487148128,19.00,5.20,19.00,9.10,0.10,17.50
S118,1487148427,19.10,5.30,19.00,9.10,0.10,17.50
S118,1487148726,19.10,5.30,19.00,9.10,0.10,17.50
S118,1487149025,19.10,5.20,18.90,9.40,0.10,17.50
S118,1487149324,19.10,5.40,18.90,9.50,0.10,17.50
S118,1487149623,19.10,5.60,18.90,9.80,0.10,17.50
S118,1487149922,19.10,5.60,18.90,9.80,0.10,17.50
S118,1487150221,19.10,5.70,18.80,9.80,0.10,17.50
S118,1487150520,19.10,5.40,18.80,9.60,0.10,17.50
S118,1487150819,19.10,5.40,18.70,9.60,0.10,17.50
S118,1487151118,19.10,5.50,18.80,10.20,0.10,17.50
S118,1487151417,19.10,5.80,18.90,10.00,0.10,17.50
S118,1487151716,19.10,5.80,19.00,9.70,0.10,17.50
S118,1487152015,19.10,5.50,19.10,9.50,0.10,17.50
S118,1487152314,19.10,5.60,19.30,9.70,0.10,17.50
S118,1487152613,19.10,5.70,19.40,9.60,0.10,17.50
S118,1487152912,19.20,6.00,19.50,9.50,0.10,17.50
S118,1487153211,19.20,6.00,19.60,9.90,0.10,17.50
S118,1487153510,19.20,6.20,19.70,9.60,0.10,17.50
S118,1487153809,19.30,5.90,19.80,9.50,0.10,17.50
S118,1487154108,19.30,5.90,19.90,9.50,0.10,17.50
S118,1487154407,19.30,5.90,19.90,9.40,0.10,17.50
S118,1487154706,19.40,5.60,20.00,9.80,0.10,17.50
S118,1487155005,19.40,5.70,20.00,9.20,0.10,17.50
S118,1487155304,19.50,5.80,20.00,9.80,0.10,17.50
S118,1487155603,19.50,5.80,20.00,9.10,0.10,17.50
S118,1487155902,19.60,5.70,20.00,9.20,0.10,17.50
S118,1487156201,19.60,5.60,20.00,8.80,0.10,17.50
S118,1487156500,19.60,5.30,20.10,9.10,0.10,17.50
S118,1487156799,19.60,5.30,20.10,8.90,0.10,17.50
S118,1487157098,19.60,5.40,20.10,8.80,0.10,17.50
S118,1487157397,19.70,5.10,20.10,8.90,0.10,17.50
S118,1487157696,19.70,5.10,20.10,8.50,0.10,17.50
S118,1487157995,19.70,5.10,20.20,9.00,0.10,17.50
S118,1487158294,19.80,5.20,20.20,8.60,0.10,17.50
S118,1487158593,19.80,5.20,20.20,8.50,0.10,17.50
S118,1487158892,19.80,4.80,20.30,8.50,0.10,17.50
S118,1487159191,19.90,4.90,20.30,8.30,0.10,17.50
S118,1487159490,19.90,4.80,20.30,8.70,0.10,17.50
S118,1487159789,19.90,4.90,20.30,8.40,0.10,17.50
