Device,Time,DHT1-OUT Temp,DHT1-OUT Hum,DHT2-IN Temp,DHT2-IN Hum,Soil,Infrared
S154,1486911899,21.40,8.50,21.70,11.20,0.10,17.50
S154,1486912198,21.40,8.50,21.70,11.40,0.10,17.50
S154,1486912497,21.30,8.50,21.70,11.30,0.10,17.50
S154,1486912796,21.40,13.60,21.70,11.40,0.10,17.50
S154,1486913095,21.40,9.20,21.60,11.50,0.10,17.50
S154,1486913394,21.30,8.60,21.60,11.40,0.10,17.50
S154,1486913693,21.30,9.20,21.60,11.60,0.10,17.50
S154,1486913992,21.30,9.70,21.60,11.70,0.10,17.50
S154,1486914291,21.30,9.30,21.70,11.50,0.10,17.50
S154,1486914590,21.30,9.30,21.70,11.50,0.10,17.50
S154,1486914889,21.30,8.90,21.70,11.30,0.10,17.50
S154,1486915188,21.30,9.30,21.70,11.30,0.10,17.50
S154,1486915487,21.30,9.30,21.70,11.60,0.10,17.50
S154,1486915786,21.30,9.30,21.60,11.30,0.10,17.50
S154,1486916085,21.30,9.30,21.60,11.60,0.10,17.50
S154,1486916384,21.30,9.30,21.50,11.20,0.10,17.50
S154,1486916683,21.30,8.80,21.50,11.20,0.10,17.50
S154,1486916982,21.20,8.90,21.50,11.10,0.10,17.50
S154,1486917281,21.20,9.10,21.50,11.20,0.10,17.50
S154,1486917580,21.20,9.20,21.50,11.30,0.10,17.50
S154,1486917879,21.20,9.10,21.50,11.30,0.10,17.50
S154,1486918179,21.20,8.60,21.50,11.20,0.10,17.50
S154,1486918478,21.20,8.60,21.40,11.00,0.10,17.50
S154,1486918777,21.20,8.60,21.40,10.80,0.10,17.50
S154,1486919077,21.20,9.10,21.40,10.90,0.10,17.50
S154,1486919376,21.10,8.90,21.50,11.00,0.10,17.50
S154,1486919675,21.20,8.90,21.50,10.60,0.10,17.50
S154,1486919975,21.10,9.00,21.50,10.70,0.10,17.50
S154,1486920274,21.10,8.40,21.50,10.80,0.10,17.50
S154,1486920573,21.10,8.40,21.50,10.80,0.10,17.50
S154,1486920872,21.10,8.20,21.50,10.90,0.10,17.50
S154,1486921172,21.10,8.80,21.50,10.60,0.10,17.50
S154,1486921471,21.10,9.10,21.50,11.20,0.10,17.50
S154,1486921770,21.10,9.10,21.50,11.00,0.10,17.50
S154,1486922069,21.10,8.90,21.50,10.80,0.10,17.50
S154,1486922369,21.10,8.50,21.50,10.90,0.10,17.50
S154,1486922668,21.10,8.30,21.50,10.60,0.10,17.50
S154,1486922968,21.10,8.30,21.40,10.70,0.10,17.50
S154,1486923267,21.10,8.70,21.40,10.60,0.10,17.50
S154,1486923566,21.10,9.10,21.40,10.70,0.10,17.50
S154,1486923865,21.10,9.10,21.50,10.80,0.10,17.50
S154,1486924164,21.10,8.80,21.50,10.70,0.10,17.50
S154,1486924463,21.10,8.50,21.50,11.00,0.10,17.50
S154,1486924763,21.10,8.40,21.40,10.60,0.10,17.50
S154,1486925062,21.10,8.30,21.40,10.70,0.10,17.50
S154,1486925361,21.10,8.80,21.40,10.50,0.10,17.50
S154,1486925660,21.10,9.00,21.50,10.60,0.10,17.50
S154,1486925960,21.10,9.10,21.50,10.90,0.10,17.50
S154,1486926259,21.10,8.70,21.50,10.80,0.10,17.50
S154,1486926558,21.10,8.40,21.50,10.70,0.10,17.50
S154,1486926857,21.10,8.30,21.40,10.50,0.10,17.50
S154,1486927156,21.10,8.30,21.40,10.80,0.10,17.50
S154,1486927455,21.10,8.80,21.40,10.50,0.10,17.50
S154,1486927754,21.10,8.90,21.40,10.60,0.10,17.50
S154,1486928053,21.10,8.80,21.50,10.60,0.10,17.50
S154,1486928352,21.10,8.70,21.50,10.90,0.10,17.50
S154,1486928651,21.10,8.20,21.50,10.60,0.10,17.50
S154,1486928950,21.10,8.00,21.50,10.60,0.10,17.50
S154,1486929249,21.10,8.50,21.40,10.50,0.10,17.50
S154,1486929548,21.10,8.80,21.50,10.50,0.10,17.50
S154,1486929847,21.10,9.10,21.50,10.80,0.10,17.50
S154,1486930146,21.10,8.80,21.50,10.80,0.10,17.50
S154,1486930445,21.10,8.90,21.50,10.40,0.10,17.50
S154,1486930744,21.10,8.20,21.50,10.60,0.10,17.50
S154,1486931043,21.10,8.10,21.50,10.40,0.10,17.50
S154,1486931342,21.10,8.30,21.40,10.60,0.10,17.50
S154,1486931641,21.10,8.70,21.40,10.40,0.10,17.50
S154,1486931940,21.00,8.80,21.40,10.50,0.10,17.50
S154,1486932239,21.10,9.10,21.50,10.80,0.10,17.50
S154,1486932538,21.10,8.70,21.50,10.60,0.10,17.50
S154,1486932837,21.10,8.40,21.50,10.60,0.10,17.50
S154,1486933136,21.10,8.00,21.40,10.50,0.10,17.50
S154,1486933435,21.00,8.20,21.40,10.60,0.10,17.50
S154,1486933734,21.00,8.70,21.30,10.50,0.10,17.50
S154,1486934033,21.00,8.80,21.30,10.80,0.10,17.50
S154,1486934332,21.00,9.10,21.30,10.90,0.10,17.50
S154,1486934631,21.00,8.80,21.20,10.60,0.10,17.50
S154,1486934930,20.90,8.40,20.90,10.60,0.10,17.50
S154,1486935229,20.90,8.60,20.70,10.70,0.10,17.50
S154,1486935528,20.80,8.70,20.60,10.80,0.10,17.50
S154,1486935827,20.80,8.50,20.50,10.90,0.10,17.50
S154,1486936126,20.70,8.70,20.40,10.90,0.10,17.50
S154,1486936425,20.70,8.30,20.30,11.00,0.10,17.50
S154,1486936724,20.60,8.80,20.20,11.10,0.10,17.50
S154,1486937023,20.50,8.70,20.20,11.30,0.10,17.50
S154,1486937322,20.50,8.70,20.10,11.30,0.10,17.40
S154,1486937621,20.40,8.70,20.10,11.50,0.10,17.40
S154,1486937920,20.40,8.70,20.10,11.80,0.10,17.50
S154,1486938219,20.30,8.80,20.10,12.00,0.10,17.50
S154,1486938518,20.30,8.90,20.10,12.10,0.10,17.40
S154,1486938817,20.30,9.10,20.00,12.20,0.10,17.50
S154,1486939116,20.20,9.20,20.00,12.20,0.10,17.40
S154,1486939415,20.20,8.80,20.00,12.20,0.10,17.40
S154,1486939714,20.20,9.10,20.00,12.20,0.10,17.50
S154,1486940013,20.10,9.10,19.90,12.10,0.10,17.40
S154,1486940312,20.10,9.30,19.90,12.10,0.10,17.40
S154,1486940611,20.10,9.20,19.90,12.10,0.10,17.40
S154,1486940910,20.10,9.30,19.80,12.10,0.10,17.40
S154,1486941209,20.00,9.30,19.80,12.20,0.10,17.40
S154,1486941508,20.00,9.50,19.80,12.40,0.10,17.40
S154,1486941807,20.00,9.60,19.80,12.60,0.10,17.40
S154,1486942106,20.00,9.70,19.80,12.60,0.10,17.40
S154,1486942405,19.90,9.80,19.80,12.70,0.10,17.50
S154,1486942704,19.90,9.80,19.70,12.60,0.10,17.40
S154,1486943003,19.90,9.70,19.70,12.70,0.10,17.40
S154,1486943302,19.90,9.80,19.60,12.70,0.10,17.50
S154,1486943601,19.80,9.90,19.60,12.80,0.10,17.40
S154,1486943900,19.80,10.00,19.60,12.80,0.10,17.40
S154,1486944199,19.80,9.90,19.60,12.90,0.10,17.40
S154,1486944498,19.70,9.90,19.50,12.90,0.10,17.40
S154,1486944797,19.70,9.80,19.40,13.00,0.10,17.40
S154,1486945096,19.70,9.90,19.40,13.00,0.10,17.40
S154,1486945395,19.60,9.90,19.30,13.10,0.10,17.40
S154,1486945694,19.60,10.20,19.30,13.10,0.10,17.40
S154,1486945993,19.50,10.00,19.30,13.20,0.10,17.40
S154,1486946292,19.50,10.10,19.20,13.20,0.10,17.40
S154,1486946591,19.40,10.00,19.20,13.30,0.10,17.40
S154,1486946890,19.40,10.20,19.20,13.40,0.10,17.40
S154,1486947189,19.30,10.00,19.10,13.40,0.10,17.40
S154,1486947488,19.30,10.20,19.10,13.40,0.10,17.40
S154,1486947787,19.30,10.20,19.10,13.40,0.10,17.40
S154,1486948086,19.20,10.10,19.10,13.50,0.10,17.40
S154,1486948385,19.20,10.20,19.00,13.40,0.10,17.40
S154,1486948684,19.10,10.10,19.00,13.50,0.10,17.40
S154,1486948983,19.10,10.30,19.00,13.40,0.10,17.40
S154,1486949282,19.10,10.30,18.90,13.60,0.10,17.40
S154,1486949581,19.00,10.20,18.90,13.40,0.10,17.40
S154,1486949880,19.00,10.20,18.90,13.40,0.10,17.40
S154,1486950180,19.00,10.30,18.90,13.50,0.10,17.40
S154,1486950479,18.90,10.20,18.90,13.40,0.10,17.40
S154,1486950778,18.90,10.30,18.80,13.40,0.10,17.40
S154,1486951077,18.90,10.30,18.80,13.60,0.10,17.40
S154,1486951376,18.90,10.50,18.80,13.80,0.10,17.40
S154,1486951675,18.80,10.60,18.80,13.90,0.10,17.40
S154,1486951974,18.80,10.70,18.80,13.90,0.10,17.40
S154,1486952273,18.70,10.60,18.70,14.00,0.10,17.40
S154,1486952572,18.80,10.70,18.70,13.90,0.10,17.40
S154,1486952871,18.70,10.60,18.70,14.00,0.10,17.40
S154,1486953170,18.70,10.60,18.70,14.00,0.10,17.40
S154,1486953469,18.70,10.50,18.60,13.80,0.10,17.40
S154,1486953768,18.60,10.60,18.60,13.80,0.10,17.40
S154,1486954067,18.60,10.70,18.60,13.90,0.10,17.40
S154,1486954366,18.60,10.70,18.60,13.90,0.10,17.40
S154,1486954665,18.60,10.60,18.60,13.90,0.10,17.40
S154,1486954964,18.60,10.50,18.50,13.70,0.10,17.40
S154,1486955263,18.50,10.40,18.50,13.70,0.10,17.40
S154,1486955562,18.50,10.60,18.50,13.90,0.10,17.40
S154,1486955861,18.50,10.70,18.50,13.90,0.10,17.40
S154,1486956160,18.50,10.70,18.50,14.00,0.10,17.40
S154,1486956459,18.50,10.80,18.40,13.90,0.10,17.40
S154,1486956758,18.40,10.70,18.40,13.90,0.10,17.40
S154,1486957057,18.40,10.60,18.40,13.80,0.10,17.40
S154,1486957356,18.40,10.70,18.40,13.80,0.10,17.40
S154,1486957655,18.40,10.70,18.40,13.90,0.10,17.40
S154,1486957954,18.30,10.60,18.40,13.80,0.10,17.40
S154,1486958253,18.30,10.60,18.30,13.70,0.10,17.40
S154,1486958552,18.30,10.60,18.30,13.80,0.10,17.40
S154,1486958851,18.30,10.80,18.30,13.80,0.10,17.40
S154,1486959150,18.20,11.30,18.40,13.90,0.10,17.40
S154,1486959449,18.20,10.90,18.40,13.80,0.10,17.40
S154,1486959748,18.30,11.00,18.40,13.80,0.10,17.40
S154,1486960047,18.20,10.80,18.50,13.70,0.10,17.40
S154,1486960346,18.30,10.90,18.50,13.60,0.10,17.40
S154,1486960645,18.30,10.80,18.50,13.50,0.10,17.40
S154,1486960944,18.30,10.80,18.50,13.30,0.10,17.40
S154,1486961243,18.30,10.60,18.50,13.30,0.10,17.40
S154,1486961542,18.30,10.50,18.50,13.30,0.10,17.40
S154,1486961841,18.30,10.40,18.40,13.30,0.10,17.40
S154,1486962140,18.20,10.40,18.40,13.20,0.10,17.40
S154,1486962439,18.20,10.40,18.30,13.20,0.10,17.40
S154,1486962738,18.20,10.30,18.30,13.20,0.10,17.40
S154,1486963037,18.20,10.20,18.30,13.30,0.10,17.40
S154,1486963336,18.20,10.60,18.30,13.30,0.10,17.40
S154,1486963635,18.20,10.90,18.40,13.40,0.10,17.40
S154,1486963934,18.20,11.00,18.60,13.50,0.10,17.40
S154,1486964233,18.20,11.00,18.70,13.60,0.10,17.40
S154,1486964532,18.30,11.20,18.80,13.70,0.10,17.40
S154,1486964831,18.30,11.30,18.80,13.60,0.10,17.40
S154,1486965130,18.40,11.30,18.90,13.60,0.10,17.40
S154,1486965429,18.40,11.20,19.00,13.70,0.10,17.40
S154,1486965728,18.40,11.20,19.10,13.70,0.10,17.40
S154,1486966027,18.50,11.20,19.10,13.60,0.10,17.40
S154,1486966326,18.50,11.20,19.20,13.60,0.10,17.40
S154,1486966625,18.50,11.20,19.20,13.50,0.10,17.40
S154,1486966924,18.60,11.20,19.20,13.50,0.10,17.40
S154,1486967223,18.60,11.20,19.30,13.50,0.10,17.40
S154,1486967522,18.70,11.10,19.40,13.60,0.10,17.40
S154,1486967821,18.70,11.10,19.40,13.40,0.10,17.40
S154,1486968120,18.70,11.10,19.40,13.50,0.10,17.40
S154,1486968419,18.80,11.20,19.50,13.50,0.10,17.40
S154,1486968718,18.80,11.10,19.50,13.50,0.10,17.40
S154,1486969017,18.90,11.20,19.60,13.50,0.10,17.40
S154,1486969316,18.90,11.10,19.60,13.40,0.10,17.40
S154,1486969615,18.90,11.10,19.70,13.40,0.10,17.40
S154,1486969914,19.00,11.10,19.60,13.20,0.10,17.40
S154,1486970213,19.00,11.10,19.70,13.20,0.10,17.40
S154,1486970512,19.00,11.00,19.70,13.30,0.10,17.40
S154,1486970811,19.10,11.00,19.70,13.30,0.10,17.40
S154,1486971110,19.10,11.10,19.80,13.30,0.10,17.40
S154,1486971409,19.10,11.00,19.80,13.20,0.10,17.40
S154,1486971708,19.20,11.00,19.80,13.10,0.10,17.40
S154,1486972007,19.20,11.00,19.80,13.00,0.10,17.40
S154,1486972306,19.20,11.00,19.80,13.00,0.10,17.50
S154,1486972605,19.20,10.80,19.90,12.80,0.10,17.40
S154,1486972904,19.20,10.80,19.90,12.90,0.10,17.40
S154,1486973203,19.30,10.90,19.90,13.00,0.10,17.40
S154,1486973502,19.30,10.90,19.90,13.00,0.10,17.40
S154,1486973801,19.30,10.90,20.00,12.90,0.10,17.40
S154,1486974100,19.40,10.90,20.00,13.00,0.10,17.40
S154,1486974399,19.40,10.90,20.00,12.90,0.10,17.40
S154,1486974698,19.40,10.80,20.00,12.70,0.10,17.50
S154,1486974997,19.40,10.80,20.10,12.90,0.10,17.40
S154,1486975296,19.40,10.90,20.10,12.80,0.10,17.50
S154,1486975595,19.50,10.80,20.10,13.00,0.10,17.40
S154,1486975894,19.50,10.60,20.20,12.80,0.10,17.40
S154,1486976193,19.50,10.80,20.20,12.90,0.10,17.40
S154,1486976492,19.50,10.80,20.30,12.90,0.10,17.50
S154,1486976791,19.60,10.80,20.40,12.90,0.10,17.40
S154,1486977090,19.70,13.20,20.50,13.30,0.10,17.50
S154,1486977389,19.70,11.10,20.60,12.90,0.10,17.50
S154,1486977688,19.80,10.80,20.60,12.70,0.10,17.40
S154,1486977987,19.80,10.30,20.70,12.70,0.10,17.50
S154,1486978286,19.90,10.30,20.70,12.70,0.10,17.50
S154,1486978585,19.90,10.40,20.70,12.70,0.10,17.50
S154,1486978884,19.90,10.20,20.70,12.70,0.10,17.50
S154,1486979183,20.00,10.20,20.70,12.70,0.10,17.50
S154,1486979482,20.00,10.20,20.80,12.80,0.10,17.50
S154,1486979781,20.00,10.20,20.80,12.80,0.10,17.50
S154,1486980080,20.10,10.50,20.90,12.80,0.10,17.40
S154,1486980379,20.10,10.10,20.90,12.80,0.10,17.50
S154,1486980678,20.10,10.00,20.90,12.60,0.10,17.50
S154,1486980977,20.20,10.30,20.90,12.50,0.10,17.50
S154,1486981276,20.20,10.20,21.00,12.50,0.10,17.50
S154,1486981575,20.20,10.40,21.00,12.60,0.10,17.50
S154,1486981874,20.20,10.40,21.00,12.50,0.10,17.40
S154,1486982173,20.20,9.80,21.00,12.40,0.10,17.50
S154,1486982472,20.30,12.10,21.10,12.60,0.10,17.50
S154,1486982771,20.40,11.10,21.00,12.70,0.10,17.50
S154,1486983070,20.50,10.90,21.10,13.00,0.10,17.50
S154,1486983369,20.50,10.40,21.10,13.00,0.10,17.50
S154,1486983668,20.50,10.50,21.10,12.80,0.10,17.50
S154,1486983967,20.60,10.30,21.10,13.00,0.10,17.50
S154,1486984266,20.60,10.20,21.10,12.90,0.10,17.50
S154,1486984565,20.60,10.10,21.10,12.40,0.10,17.50
S154,1486984864,20.70,10.10,21.10,12.50,0.10,17.50
S154,1486985163,20.70,10.00,21.10,12.50,0.10,17.50
S154,1486985462,20.70,9.80,21.10,12.10,0.10,17.50
S154,1486985761,20.70,10.10,21.10,12.00,0.10,17.50
S154,1486986060,20.70,10.00,21.20,12.20,0.10,17.50
S154,1486986359,20.80,10.00,21.20,12.10,0.10,17.50
S154,1486986658,20.80,10.10,21.20,12.30,0.10,17.50
S154,1486986957,20.80,9.90,21.20,12.10,0.10,17.50
S154,1486987256,20.80,9.90,21.20,12.20,0.10,17.50
S154,1486987555,20.80,9.90,21.20,11.90,0.10,17.50
S154,1486987854,20.80,10.00,21.20,12.00,0.10,17.50
S154,1486988153,20.80,10.00,21.20,12.10,0.10,17.50
S154,1486988453,20.80,10.10,21.30,12.10,0.10,17.50
S154,1486988752,20.80,10.00,21.30,12.10,0.10,17.50
S154,1486989051,20.80,10.10,21.20,12.00,0.10,17.50
S154,1486989350,20.80,10.10,21.30,12.10,0.10,17.50
S154,1486989649,20.80,10.10,21.30,12.10,0.10,17.50
S154,1486989948,20.80,10.10,21.30,12.40,0.10,17.50
S154,1486990247,20.80,10.00,21.30,12.00,0.10,17.50
S154,1486990546,20.90,10.20,21.30,12.20,0.10,17.50
S154,1486990845,20.90,10.20,21.30,12.40,0.10,17.50
S154,1486991144,20.90,10.10,21.30,11.50,0.10,17.50
S154,1486991443,20.90,9.90,21.30,11.40,0.10,17.50
S154,1486991742,20.90,9.70,21.30,11.30,0.10,17.50
S154,1486992041,20.90,9.70,21.30,11.30,0.10,17.50
S154,1486992340,20.90,9.60,21.30,11.40,0.10,17.50
S154,1486992639,20.90,9.70,21.30,11.60,0.10,17.50
S154,1486992938,20.90,9.50,21.30,11.80,0.10,17.50
S154,1486993237,20.90,9.70,21.30,11.60,0.10,17.50
S154,1486993536,20.90,9.50,21.30,11.30,0.10,17.50
S154,1486993835,20.90,9.40,21.40,11.20,0.10,17.50
S154,1486994134,20.90,9.60,21.30,11.20,0.10,17.50
S154,1486994433,20.90,9.50,21.30,11.20,0.10,17.50
S154,1486994732,20.90,9.20,21.30,11.30,0.10,17.50
S154,1486995031,20.90,9.30,21.30,11.30,0.10,17.50
S154,1486995330,20.90,9.40,21.30,11.20,0.10,17.50
S154,1486995629,20.90,9.60,21.30,11.40,0.10,17.50
S154,1486995928,20.90,9.60,21.30,11.30,0.10,17.50
S154,1486996227,20.90,9.60,21.30,11.40,0.10,17.50
S154,1486996526,20.90,9.60,21.30,11.40,0.10,17.50
S154,1486996825,20.90,9.60,21.30,11.30,0.10,17.50
S154,1486997124,20.90,9.00,21.30,11.10,0.10,17.50
S154,1486997423,20.90,9.40,21.40,11.10,0.10,17.50
S154,1486997722,20.90,9.30,21.30,10.90,0.10,17.50
S154,1486998021,20.90,9.40,21.40,11.00,0.10,17.50
S154,1486998320,20.90,9.00,21.40,11.10,0.10,17.50
S154,1486998619,20.90,9.20,21.40,10.80,0.10,17.50
S154,1486998918,20.90,9.10,21.40,10.80,0.10,17.50
S154,1486999217,20.90,9.00,21.40,11.00,0.10,17.50
S154,1486999516,20.90,9.00,21.40,10.70,0.10,17.50
S154,1486999815,20.90,9.00,21.40,11.00,0.10,17.50
S154,1487000114,20.90,9.00,21.40,10.80,0.10,17.50
S154,1487000413,20.90,9.00,21.40,10.70,0.10,17.50
S154,1487000712,20.90,9.00,21.40,10.90,0.10,17.50
S154,1487001011,20.90,9.00,21.40,10.70,0.10,17.50
S154,1487001310,20.90,9.00,21.40,10.70,0.10,17.50
S154,1487001609,20.90,9.00,21.40,10.80,0.10,17.50
S154,1487001908,21.00,9.10,21.40,10.70,0.10,17.50
S154,1487002207,20.90,9.00,21.40,10.90,0.10,17.50
S154,1487002506,21.00,9.10,21.40,10.60,0.10,17.50
S154,1487002805,20.90,9.00,21.40,10.50,0.10,17.50
S154,1487003104,20.90,9.00,21.40,10.50,0.10,17.50
S154,1487003403,20.90,8.70,21.30,10.70,0.10,17.50
S154,1487003702,20.90,8.50,21.30,10.60,0.10,17.50
S154,1487004001,20.90,8.80,21.40,10.70,0.10,17.50
S154,1487004300,20.90,9.00,21.40,10.80,0.10,17.50
S154,1487004599,20.90,9.00,21.40,10.80,0.10,17.50
S154,1487004898,20.90,9.00,21.40,11.00,0.10,17.50
S154,1487005197,20.90,9.00,21.40,10.80,0.10,17.50
S154,1487005496,20.90,9.00,21.40,10.60,0.10,17.50
S154,1487005795,20.90,8.90,21.40,10.60,0.10,17.50
S154,1487006094,20.90,9.00,21.40,10.50,0.10,17.50
S154,1487006393,20.90,9.00,21.40,10.70,0.10,17.50
S154,1487006692,21.00,9.10,21.40,10.80,0.10,17.50
S154,1487006991,21.00,9.10,21.40,10.70,0.10,17.50
S154,1487007290,21.00,9.10,21.40,10.70,0.10,17.50
S154,1487007589,21.00,9.10,21.40,10.90,0.10,17.50
S154,1487007888,20.90,8.90,21.40,10.90,0.10,17.50
S154,1487008187,21.00,8.90,21.40,10.90,0.10,17.50
S154,1487008486,20.90,9.00,21.40,10.90,0.10,17.50
S154,1487008785,21.00,9.10,21.40,11.00,0.10,17.50
S154,1487009084,21.00,9.10,21.40,10.90,0.10,17.50
S154,1487009383,20.90,9.00,21.40,11.00,0.10,17.50
S154,1487009682,20.90,9.00,21.30,10.90,0.10,17.50
S154,1487009981,20.90,9.00,21.40,10.90,0.10,17.50
S154,1487010280,20.90,9.00,21.40,11.00,0.10,17.50
S154,1487010579,20.90,9.00,21.40,11.10,0.10,17.50
S154,1487010878,20.90,9.00,21.40,11.00,0.10,17.50
S154,1487011177,20.90,9.00,21.40,10.90,0.10,17.50
S154,1487011476,20.90,8.80,21.30,10.90,0.10,17.50
S154,1487011775,20.90,9.00,21.30,10.80,0.10,17.50
S154,1487012074,20.90,9.00,21.40,11.00,0.10,17.50
S154,1487012373,20.90,9.00,21.40,10.80,0.10,17.50
S154,1487012672,20.90,9.00,21.40,11.00,0.10,17.50
S154,1487012971,20.90,9.00,21.30,10.80,0.10,17.50
S154,1487013270,20.90,8.90,21.30,10.80,0.10,17.50
S154,1487013569,20.90,8.90,21.30,10.70,0.10,17.50
S154,1487013868,20.90,9.00,21.40,11.10,0.10,17.50
S154,1487014167,20.90,9.00,21.40,10.90,0.10,17.50
S154,1487014466,20.90,9.00,21.50,11.00,0.10,17.50
S154,1487014765,20.90,9.00,21.50,10.70,0.10,17.50
S154,1487015064,20.90,8.90,21.50,10.60,0.10,17.50
S154,1487015363,20.90,8.70,21.50,10.50,0.10,17.50
S154,1487015662,20.90,8.80,21.50,10.70,0.10,17.50
S154,1487015961,21.00,8.90,21.50,10.60,0.10,17.50
S154,1487016260,21.00,9.10,21.50,10.60,0.10,17.50
S154,1487016559,21.00,9.00,21.50,10.80,0.10,17.50
S154,1487016858,21.00,8.90,21.50,10.60,0.10,17.50
S154,1487017157,21.00,8.40,21.60,10.70,0.10,17.50
S154,1487017456,21.00,8.50,21.60,10.70,0.10,17.50
S154,1487017755,21.00,8.40,21.60,10.60,0.10,17.50
S154,1487018054,21.00,8.70,21.60,10.70,0.10,17.50
S154,1487018353,21.00,8.90,21.50,10.70,0.10,17.50
S154,1487018652,21.00,8.90,21.50,10.60,0.10,17.50
S154,1487018951,21.00,8.90,21.50,10.60,0.10,17.50
S154,1487019250,21.00,8.70,21.40,10.50,0.10,17.50
S154,1487019549,21.00,8.60,21.40,10.50,0.10,17.50
S154,1487019848,21.00,8.60,21.40,10.50,0.10,17.50
S154,1487020147,21.00,8.80,21.40,10.60,0.10,17.50
S154,1487020446,21.00,8.80,21.40,10.50,0.10,17.50
S154,1487020745,21.00,8.70,21.30,10.20,0.10,17.50
S154,1487021044,21.00,8.60,21.20,10.10,0.10,17.50
S154,1487021343,20.90,8.50,21.00,10.10,0.10,17.50
S154,1487021642,20.90,8.50,20.90,10.20,0.10,17.50
S154,1487021941,20.80,8.40,20.80,10.20,0.10,17.40
S154,1487022240,20.80,8.40,20.70,10.20,0.10,17.50
S154,1487022539,20.70,8.40,20.60,10.30,0.10,17.50
S154,1487022838,20.70,8.40,20.50,10.30,0.10,17.50
S154,1487023137,20.60,8.30,20.30,10.30,0.10,17.50
S154,1487023436,20.50,8.20,20.20,10.30,0.10,17.50
S154,1487023735,20.40,8.20,20.20,10.40,0.10,17.40
S154,1487024034,20.40,8.20,20.10,10.40,0.10,17.40
S154,1487024333,20.30,8.20,20.00,10.40,0.10,17.40
S154,1487024632,20.20,8.20,20.00,10.50,0.10,17.40
S154,1487024931,20.20,8.40,19.90,10.60,0.10,17.40
S154,1487025230,20.10,8.10,19.80,10.70,0.10,17.40
S154,1487025529,20.10,8.50,19.80,10.90,0.10,17.40
S154,1487025828,20.00,8.40,19.70,11.00,0.10,17.40
S154,1487026127,19.90,8.40,19.60,11.10,0.10,17.40
S154,1487026426,19.90,8.40,19.60,11.20,0.10,17.40
S154,1487026726,19.80,8.30,19.60,11.40,0.10,17.50
S154,1487027025,19.80,8.50,19.50,11.40,0.10,17.40
S154,1487027324,19.70,8.70,19.50,11.50,0.10,17.40
S154,1487027623,19.70,8.80,19.50,11.60,0.10,17.40
S154,1487027922,19.60,8.80,19.40,11.70,0.10,17.40
S154,1487028221,19.60,8.80,19.40,11.80,0.10,17.40
S154,1487028520,19.50,8.90,19.30,11.70,0.10,17.40
S154,1487028819,19.50,8.90,19.30,11.70,0.10,17.40
S154,1487029118,19.40,9.00,19.20,11.70,0.10,17.40
S154,1487029417,19.40,9.00,19.20,11.70,0.10,17.40
S154,1487029716,19.40,9.10,19.20,11.70,0.10,17.40
S154,1487030015,19.30,9.00,19.20,11.70,0.10,17.40
S154,1487030314,19.30,9.00,19.10,11.60,0.10,17.40
S154,1487030613,19.20,9.10,19.10,11.60,0.10,17.40
S154,1487030912,19.20,9.20,19.20,11.80,0.10,17.40
S154,1487031211,19.20,9.10,19.20,11.80,0.10,17.40
S154,1487031510,19.20,9.10,19.10,11.70,0.10,17.40
S154,1487031809,19.10,9.10,19.10,11.70,0.10,17.40
S154,1487032108,19.10,9.00,19.10,11.70,0.10,17.40
S154,1487032407,19.10,9.20,19.10,11.80,0.10,17.40
S154,1487032706,19.00,9.10,19.10,11.90,0.10,17.40
S154,1487033005,19.00,9.10,19.00,11.80,0.10,17.40
S154,1487033304,19.00,9.10,19.00,11.80,0.10,17.40
S154,1487033603,19.00,9.30,19.00,11.90,0.10,17.40
S154,1487033902,18.90,9.20,18.90,11.90,0.10,17.40
S154,1487034201,18.90,9.30,18.80,12.00,0.10,17.40
S154,1487034500,18.90,9.30,18.80,12.00,0.10,17.40
S154,1487034799,18.90,9.30,18.80,12.10,0.10,17.40
S154,1487035098,18.80,9.40,18.70,12.10,0.10,17.40
S154,1487035397,18.80,9.30,18.70,12.10,0.10,17.40
S154,1487035696,18.70,9.20,18.70,12.60,0.10,17.40
S154,1487035995,18.70,9.30,18.70,12.20,0.10,17.40
S154,1487036294,18.70,9.50,18.60,12.20,0.10,17.40
S154,1487036593,18.60,9.40,18.60,12.30,0.10,17.40
S154,1487036892,18.60,9.30,18.60,12.30,0.10,17.40
S154,1487037191,18.60,9.60,18.60,12.30,0.10,17.40
S154,1487037490,18.50,9.40,18.50,12.30,0.10,17.40
S154,1487037789,18.50,9.60,18.50,12.30,0.10,17.40
S154,1487038088,18.50,9.50,18.50,12.40,0.10,17.40
S154,1487038387,18.50,9.70,18.50,12.40,0.10,17.40
S154,1487038686,18.40,9.60,18.50,12.40,0.10,17.40
S154,1487038985,18.40,9.60,18.50,12.40,0.10,17.40
S154,1487039284,18.40,9.70,18.40,12.40,0.10,17.40
S154,1487039583,18.40,9.80,18.40,12.40,0.10,17.40
S154,1487039882,18.30,9.70,18.40,12.50,0.10,17.40
S154,1487040181,18.30,9.70,18.40,12.50,0.10,17.40
S154,1487040480,18.30,9.70,18.40,12.60,0.10,17.40
S154,1487040779,18.30,9.80,18.30,12.50,0.10,17.40
S154,1487041078,18.20,9.80,18.30,12.60,0.10,17.40
S154,1487041377,18.20,9.80,18.30,12.60,0.10,17.40
S154,1487041676,18.20,9.90,18.30,12.70,0.10,17.40
S154,1487041975,18.20,9.90,18.30,12.70,0.10,17.40
S154,1487042274,18.20,10.00,18.30,12.80,0.10,17.40
S154,1487042573,18.10,9.80,18.20,12.80,0.10,17.40
S154,1487042872,18.10,10.00,18.20,12.80,0.10,17.40
S154,1487043171,18.10,10.10,18.20,12.80,0.10,17.40
S154,1487043470,18.10,10.10,18.20,12.90,0.10,17.40
S154,1487043769,18.10,10.10,18.20,12.90,0.10,17.40
S154,1487044068,18.10,10.20,18.20,12.90,0.10,17.40
S154,1487044367,18.00,10.10,18.10,12.90,0.10,17.40
S154,1487044666,18.00,10.10,18.10,12.90,0.10,17.40
S154,1487044965,18.00,10.20,18.10,12.90,0.10,17.40
S154,1487045264,18.00,10.20,18.10,13.00,0.10,17.40
S154,1487045563,18.00,10.30,18.10,13.00,0.10,17.40
S154,1487045862,17.90,10.30,18.10,13.10,0.10,17.40
S154,1487046161,17.90,10.30,18.10,13.10,0.10,17.40
S154,1487046460,17.90,10.30,18.10,13.10,0.10,17.40
S154,1487046759,17.90,10.30,18.10,13.20,0.10,17.40
S154,1487047058,17.90,10.40,18.00,13.20,0.10,17.40
S154,1487047357,17.90,10.40,18.00,13.10,0.10,17.40
S154,1487047656,17.90,10.30,18.00,13.10,0.10,17.40
S154,1487047955,17.80,10.40,18.00,13.20,0.10,17.40
S154,1487048254,17.80,10.40,18.00,13.20,0.10,17.40
S154,1487048553,17.80,10.40,18.00,13.20,0.10,17.40
S154,1487048852,17.80,10.40,18.00,13.20,0.10,17.40
S154,1487049151,17.80,10.40,18.00,13.20,0.10,17.40
S154,1487049450,17.80,10.60,18.00,13.20,0.10,17.40
S154,1487049749,17.80,10.70,18.10,13.40,0.10,17.40
S154,1487050048,17.80,10.70,18.20,13.40,0.10,17.40
S154,1487050347,17.80,10.80,18.20,13.30,0.10,17.40
S154,1487050646,17.90,10.80,18.40,13.40,0.10,17.40
S154,1487050945,17.90,10.80,18.40,13.50,0.10,17.40
S154,1487051244,17.90,10.90,18.50,13.50,0.10,17.40
S154,1487051543,18.00,10.90,18.50,13.50,0.10,17.40
S154,1487051842,18.00,11.00,18.60,13.50,0.10,17.40
S154,1487052141,18.00,11.00,18.60,13.50,0.10,17.40
S154,1487052440,18.10,11.00,18.70,13.50,0.10,17.40
S154,1487052739,18.10,11.00,18.70,13.50,0.10,17.40
S154,1487053038,18.20,11.10,18.80,13.60,0.10,17.40
S154,1487053337,18.20,11.10,18.80,13.50,0.10,17.40
S154,1487053636,18.20,11.00,18.90,13.50,0.10,17.40
S154,1487053935,18.30,11.10,18.90,13.50,0.10,17.40
S154,1487054234,18.30,11.10,18.90,13.50,0.10,17.40
S154,1487054533,18.30,11.10,19.00,13.60,0.10,17.40
S154,1487054832,18.40,11.20,19.00,13.60,0.10,17.40
S154,1487055131,18.40,11.10,19.10,13.60,0.10,17.40
S154,1487055430,18.40,11.10,19.10,13.60,0.10,17.40
S154,1487055729,18.50,11.20,19.10,13.50,0.10,17.40
S154,1487056028,18.50,11.20,19.20,13.60,0.10,17.40
S154,1487056327,18.50,11.20,19.20,13.50,0.10,17.40
S154,1487056626,18.60,11.20,19.20,13.60,0.10,17.40
S154,1487056925,18.60,11.20,19.30,13.60,0.10,17.40
S154,1487057224,18.70,11.20,19.30,13.60,0.10,17.40
S154,1487057523,18.70,11.20,19.40,13.60,0.10,17.40
S154,1487057822,18.70,11.20,19.40,13.60,0.10,17.40
S154,1487058121,18.80,11.30,19.40,13.60,0.10,17.40
S154,1487058420,18.80,11.30,19.50,13.60,0.10,17.40
S154,1487058719,18.80,11.20,19.50,13.60,0.10,17.40
S154,1487059018,18.90,11.30,19.50,13.60,0.10,17.40
S154,1487059317,18.90,11.30,19.50,13.60,0.10,17.40
S154,1487059616,18.90,11.20,19.60,13.60,0.10,17.40
S154,1487059915,19.00,11.20,19.60,13.50,0.10,17.40
S154,1487060214,19.00,11.30,19.60,13.60,0.10,17.40
S154,1487060513,19.00,11.20,19.70,13.60,0.10,17.40
S154,1487060812,19.00,11.20,19.70,13.50,0.10,17.40
S154,1487061111,19.10,11.20,19.70,13.60,0.10,17.40
S154,1487061410,19.10,11.20,19.80,13.60,0.10,17.40
S154,1487061709,19.10,11.20,19.80,13.60,0.10,17.40
S154,1487062008,19.20,11.20,19.80,13.50,0.10,17.40
S154,1487062307,19.20,11.30,19.90,13.70,0.10,17.40
S154,1487062606,19.30,11.30,20.00,13.50,0.10,17.40
S154,1487062905,19.30,11.20,20.00,13.50,0.10,17.50
S154,1487063204,19.30,11.20,20.10,13.50,0.10,17.40
S154,1487063503,19.40,11.30,20.20,13.50,0.10,17.50
S154,1487063802,19.50,11.20,20.20,13.40,0.10,17.50
S154,1487064101,19.50,11.20,20.30,13.40,0.10,17.50
S154,1487064400,19.50,11.10,20.30,13.20,0.10,17.50
S154,1487064699,19.60,11.10,20.40,13.20,0.10,17.40
S154,1487064999,19.60,11.10,20.40,13.00,0.10,17.50
S154,1487065298,19.70,11.10,20.50,13.00,0.10,17.50
S154,1487065597,19.70,11.10,20.50,13.00,0.10,17.50
S154,1487065896,19.80,11.10,20.50,13.00,0.10,17.50
S154,1487066195,19.80,11.00,20.40,12.70,0.10,17.50
S154,1487066494,19.80,10.90,20.40,12.60,0.10,17.50
S154,1487066793,19.90,11.00,20.50,12.50,0.10,17.50
S154,1487067092,19.90,11.00,20.50,12.50,0.10,17.40
S154,1487067391,19.90,10.80,20.60,12.60,0.10,17.50
S154,1487067690,20.00,10.80,20.60,12.60,0.10,17.50
S154,1487067989,20.00,10.80,20.60,12.60,0.10,17.50
S154,1487068288,20.00,10.70,20.70,12.60,0.10,17.50
S154,1487068587,20.10,10.60,20.70,12.40,0.10,17.50
S154,1487068886,20.10,10.60,20.70,12.30,0.10,17.50
S154,1487069185,20.10,10.60,20.70,12.40,0.10,17.50
S154,1487069484,20.10,10.60,20.70,12.30,0.10,17.50
S154,1487069783,20.20,10.50,20.70,12.40,0.10,17.50
S154,1487070082,20.20,10.40,20.70,12.40,0.10,17.50
S154,1487070381,20.20,10.50,20.70,12.50,0.10,17.50
S154,1487070680,20.20,10.50,20.70,12.70,0.10,17.50
S154,1487070979,20.20,10.50,20.60,12.60,0.10,17.50
S154,1487071278,20.20,10.50,20.60,12.60,0.10,17.50
S154,1487071577,20.20,10.40,20.60,12.60,0.10,17.50
S154,1487071876,20.20,10.40,20.60,12.40,0.10,17.50
S154,1487072175,20.20,10.30,20.60,12.30,0.10,17.50
S154,1487072474,20.20,10.30,20.60,12.20,0.10,17.50
S154,1487072773,20.20,10.30,20.70,12.30,0.10,17.50
S154,1487073072,20.20,10.20,20.70,12.00,0.10,17.50
S154,1487073371,20.20,10.20,20.70,12.20,0.10,17.50
S154,1487073670,20.20,10.20,20.70,12.00,0.10,17.50
S154,1487073969,20.20,10.10,20.70,12.00,0.10,17.50
S154,1487074268,20.20,10.20,20.70,12.00,0.10,17.50
S154,1487074567,20.30,10.20,20.70,12.00,0.10,17.50
S154,1487074866,20.20,10.10,20.70,11.90,0.10,17.50
S154,1487075165,20.30,10.10,20.70,11.90,0.10,17.50
S154,1487075464,20.30,10.10,20.70,11.70,0.10,17.50
S154,1487075763,20.30,10.10,20.70,11.90,0.10,17.50
S154,1487076062,20.30,10.10,20.70,11.70,0.10,17.50
S154,1487076361,20.30,10.00,20.70,11.70,0.10,17.50
S154,1487076660,20.30,9.30,20.70,11.50,0.10,17.50
S154,1487076959,20.30,9.80,20.80,11.90,0.10,17.50
S154,1487077258,20.30,9.90,20.80,11.80,0.10,17.50
S154,1487077557,20.30,9.90,20.90,11.90,0.10,17.50
S154,1487077856,20.40,9.90,20.90,11.90,0.10,17.50
S154,1487078155,20.40,9.90,20.90,11.70,0.10,17.50
S154,1487078454,20.40,9.90,21.00,11.90,0.10,17.50
S154,1487078753,20.40,9.90,21.00,11.60,0.10,17.50
S154,1487079052,20.50,10.00,21.00,11.90,0.10,17.50
S154,1487079351,20.50,10.00,21.10,11.90,0.10,17.50
S154,1487079650,20.50,9.90,21.10,11.80,0.10,17.50
S154,1487079949,20.50,9.60,21.10,11.70,0.10,17.50
S154,1487080248,20.60,9.40,21.10,11.20,0.10,17.50
S154,1487080547,20.60,9.30,21.20,11.10,0.10,17.50
S154,1487080846,20.60,8.80,21.10,11.00,0.10,17.50
S154,1487081145,20.60,8.80,21.10,11.00,0.10,17.50
S154,1487081444,20.60,8.80,21.10,11.00,0.10,17.50
S154,1487081743,20.60,8.80,21.10,11.00,0.10,17.50
S154,1487082042,20.60,8.80,21.20,10.90,0.10,17.50
S154,1487082341,20.60,8.80,21.20,11.00,0.10,17.50
S154,1487082640,20.70,8.90,21.20,11.10,0.10,17.50
S154,1487082939,20.70,8.90,21.20,10.90,0.10,17.50
S154,1487083238,20.70,8.90,21.20,11.30,0.10,17.50
S154,1487083537,20.70,8.90,21.30,10.80,0.10,17.50
S154,1487083836,20.70,8.90,21.30,10.80,0.10,17.50
S154,1487084135,20.70,8.90,21.20,10.80,0.10,17.50
S154,1487084434,20.70,8.30,21.20,10.50,0.10,17.50
S154,1487084733,20.70,8.70,21.20,10.60,0.10,17.50
S154,1487085032,20.70,8.90,21.30,10.90,0.10,17.50
S154,1487085331,20.70,8.90,21.30,10.70,0.10,17.50
S154,1487085630,20.70,8.90,21.30,10.80,0.10,17.50
S154,1487085929,20.70,8.90,21.30,10.60,0.10,17.50
S154,1487086228,20.70,8.90,21.30,10.80,0.10,17.50
S154,1487086527,20.80,8.90,21.30,10.60,0.10,17.50
S154,1487086826,20.70,8.80,21.30,10.60,0.10,17.50
S154,1487087125,20.80,8.80,21.30,10.60,0.10,17.50
S154,1487087424,20.70,8.40,21.30,10.60,0.10,17.50
S154,1487087723,20.80,8.50,21.30,10.70,0.10,17.50
S154,1487088022,20.80,8.70,21.30,10.60,0.10,17.50
S154,1487088321,20.70,8.70,21.30,10.60,0.10,17.50
S154,1487088620,20.80,8.30,21.30,10.60,0.10,17.50
S154,1487088919,20.80,8.50,21.30,10.50,0.10,17.50
S154,1487089218,20.70,8.20,21.30,11.00,0.10,17.50
S154,1487089517,20.70,8.30,21.30,10.90,0.10,17.50
S154,1487089816,20.70,8.10,21.30,10.50,0.10,17.50
S154,1487090115,20.80,8.60,21.30,10.80,0.10,17.50
S154,1487090414,20.70,8.80,21.30,10.90,0.10,17.50
S154,1487090713,20.80,8.50,21.30,10.60,0.10,17.50
S154,1487091012,20.70,8.40,21.30,10.60,0.10,17.50
S154,1487091311,20.80,8.50,21.30,10.30,0.10,17.50
S154,1487091610,20.70,8.30,21.30,10.30,0.10,17.50
S154,1487091909,20.70,8.40,21.30,10.20,0.10,17.50
S154,1487092208,20.70,8.30,21.30,10.20,0.10,17.40
S154,1487092507,20.70,8.30,21.30,10.20,0.10,17.50
S154,1487092806,20.70,8.10,21.30,10.10,0.10,17.50
S154,1487093105,20.70,8.00,21.30,10.20,0.10,17.50
S154,1487093404,20.70,7.80,21.20,10.10,0.10,17.50
S154,1487093703,20.70,7.90,21.20,10.20,0.10,17.50
S154,1487094002,20.70,8.00,21.20,10.00,0.10,17.50
S154,1487094301,20.80,8.20,21.20,10.30,0.10,17.50
S154,1487094600,20.70,8.20,21.20,10.20,0.10,17.50
S154,1487094899,20.70,8.20,21.20,10.10,0.10,17.50
S154,1487095198,20.70,8.20,21.20,10.10,0.10,17.50
S154,1487095497,20.70,8.20,21.20,9.90,0.10,17.50
S154,1487095796,20.70,8.20,21.20,10.10,0.10,17.50
S154,1487096095,20.70,8.30,21.20,10.00,0.10,17.50
S154,1487096394,20.70,8.40,21.20,10.10,0.10,17.50
S154,1487096693,20.70,8.30,21.20,10.10,0.10,17.50
S154,1487096992,20.70,8.30,21.30,10.30,0.10,17.50
S154,1487097291,20.70,8.20,21.30,9.90,0.10,17.50
S154,1487097590,20.70,8.20,21.30,9.80,0.10,17.50
S154,1487097889,20.70,8.10,21.20,9.50,0.10,17.50
S154,1487098188,20.70,7.50,21.20,9.40,0.10,17.50
S154,1487098487,20.70,7.90,21.20,9.50,0.10,17.50
S154,1487098786,20.70,7.80,21.20,9.70,0.10,17.50
S154,1487099085,20.70,7.40,21.20,9.90,0.10,17.50
S154,1487099384,20.70,7.70,21.30,10.00,0.10,17.50
S154,1487099683,20.70,7.80,21.30,10.00,0.10,17.50
S154,1487099982,20.70,7.90,21.20,9.60,0.10,17.50
S154,1487100281,20.70,7.80,21.20,9.20,0.10,17.50
S154,1487100580,20.70,7.80,21.20,9.20,0.10,17.50
S154,1487100879,20.70,7.80,21.20,9.40,0.10,17.50
S154,1487101178,20.70,7.90,21.20,9.60,0.10,17.50
S154,1487101477,20.70,7.90,21.20,9.60,0.10,17.50
S154,1487101776,20.70,8.00,21.20,9.70,0.10,17.50
S154,1487102075,20.70,7.90,21.20,9.70,0.10,17.50
S154,1487102374,20.70,7.90,21.10,9.70,0.10,17.50
S154,1487102673,20.70,7.80,21.10,9.90,0.10,17.50
S154,1487102972,20.70,7.80,21.00,9.70,0.10,17.50
S154,1487103272,20.60,7.70,21.00,9.80,0.10,17.50
S154,1487103571,20.60,7.80,21.00,9.80,0.10,17.50
S154,1487103870,20.50,7.80,20.90,9.90,0.10,17.50
S154,1487104169,20.50,7.80,20.90,9.90,0.10,17.50
S154,1487104468,20.50,7.80,20.90,9.80,0.10,17.50
S154,1487104767,20.50,7.80,20.80,9.80,0.10,17.50
S154,1487105066,20.50,7.90,20.80,9.80,0.10,17.50
S154,1487105365,20.40,7.80,20.80,9.80,0.10,17.50
S154,1487105664,20.40,7.90,20.80,9.80,0.10,17.50
S154,1487105963,20.40,7.90,20.70,9.80,0.10,17.50
S154,1487106262,20.40,7.90,20.70,9.80,0.10,17.50
S154,1487106561,20.40,7.90,20.70,9.90,0.10,17.50
S154,1487106860,20.30,7.70,20.60,9.60,0.10,17.50
S154,1487107159,20.30,7.50,20.50,9.40,0.10,17.50
S154,1487107458,20.30,7.60,20.40,9.50,0.10,17.50
S154,1487107757,20.20,7.30,20.30,9.50,0.10,17.50
S154,1487108056,20.20,7.10,20.10,9.50,0.10,17.40
S154,1487108355,20.10,7.10,20.10,9.50,0.10,17.50
S154,1487108654,20.00,6.80,20.00,9.50,0.10,17.50
S154,1487108953,20.00,6.60,19.90,9.50,0.10,17.40
S154,1487109252,19.90,6.70,19.80,9.40,0.10,17.40
S154,1487109551,19.80,7.10,19.80,9.50,0.10,17.40
S154,1487109850,19.70,6.90,19.70,9.50,0.10,17.40
S154,1487110149,19.70,6.80,19.70,9.70,0.10,17.40
S154,1487110448,19.60,6.90,19.60,10.10,0.10,17.40
S154,1487110747,19.60,7.00,19.50,9.70,0.10,17.40
S154,1487111046,19.50,7.10,19.50,9.70,0.10,17.40
S154,1487111345,19.50,7.10,19.40,9.70,0.10,17.40
S154,1487111644,19.40,7.20,19.40,9.70,0.10,17.40
S154,1487111943,19.30,7.20,19.30,9.70,0.10,17.40
S154,1487112242,19.30,7.40,19.20,9.80,0.10,17.40
S154,1487112541,19.30,7.50,19.20,10.10,0.10,17.40
S154,1487112840,19.20,7.40,19.20,10.10,0.10,17.40
S154,1487113139,19.20,7.40,19.30,10.20,0.10,17.40
S154,1487113438,19.10,7.40,19.30,10.10,0.10,17.40
S154,1487113737,19.20,7.60,19.30,10.00,0.10,17.40
S154,1487114036,19.10,7.30,19.20,10.40,0.10,17.40
S154,1487114335,19.10,7.40,19.20,9.90,0.10,17.40
S154,1487114634,19.00,7.20,19.20,9.90,0.10,17.40
S154,1487114933,19.00,7.30,19.20,10.10,0.10,17.40
S154,1487115232,19.00,7.80,19.20,11.10,0.10,17.40
S154,1487115531,19.00,7.90,19.20,10.90,0.10,17.40
S154,1487115830,19.00,7.80,19.20,10.60,0.10,17.40
S154,1487116129,19.00,8.00,19.10,10.30,0.10,17.40
S154,1487116428,19.00,7.80,19.10,10.00,0.10,17.40
S154,1487116727,18.90,7.70,19.10,9.90,0.10,17.40
S154,1487117026,18.90,7.70,19.10,9.70,0.10,17.40
S154,1487117325,18.90,7.70,19.10,9.60,0.10,17.40
S154,1487117624,18.90,7.70,19.00,9.40,0.10,17.40
S154,1487117923,18.80,7.50,19.00,9.40,0.10,17.40
S154,1487118222,18.80,7.30,18.90,9.30,0.10,17.40
S154,1487118521,18.80,7.20,18.80,9.20,0.10,17.40
S154,1487118820,18.70,6.80,18.80,9.20,0.10,17.40
S154,1487119119,18.70,6.90,18.80,9.20,0.10,17.40
S154,1487119418,18.70,6.80,18.70,9.20,0.10,17.40
S154,1487119717,18.60,7.00,18.70,9.20,0.10,17.40
S154,1487120016,18.60,6.60,18.70,9.20,0.10,17.40
S154,1487120315,18.60,6.60,18.60,9.10,0.10,17.40
S154,1487120614,18.50,6.50,18.60,9.20,0.10,17.40
S154,1487120913,18.50,6.50,18.60,9.20,0.10,17.40
S154,1487121212,18.50,6.60,18.50,9.20,0.10,17.40
S154,1487121511,18.40,6.60,18.50,9.20,0.10,17.40
S154,1487121810,18.40,6.60,18.50,9.20,0.10,17.40
S154,1487122109,18.40,6.70,18.50,9.30,0.10,17.40
S154,1487122408,18.30,6.90,18.40,9.20,0.10,17.40
S154,1487122707,18.30,6.70,18.40,9.30,0.10,17.40
S154,1487123006,18.30,6.80,18.40,9.30,0.10,17.40
S154,1487123305,18.20,6.60,18.30,9.30,0.10,17.40
S154,1487123604,18.20,6.80,18.30,9.40,0.10,17.40
S154,1487123903,18.20,6.90,18.30,9.50,0.10,17.40
S154,1487124202,18.10,6.80,18.20,9.50,0.10,17.40
S154,1487124501,18.10,6.90,18.20,9.50,0.10,17.40
S154,1487124800,18.10,7.20,18.20,9.50,0.10,17.40
S154,1487125099,18.10,7.10,18.20,9.50,0.10,17.40
S154,1487125398,18.00,7.10,18.20,9.60,0.10,17.40
S154,1487125697,18.00,7.10,18.10,9.50,0.10,17.40
S154,1487125996,18.00,7.10,18.10,9.50,0.10,17.40
S154,1487126295,17.90,7.00,18.10,9.50,0.10,17.40
S154,1487126594,18.00,7.10,18.10,9.50,0.10,17.40
S154,1487126893,17.90,7.00,18.10,9.50,0.10,17.40
S154,1487127192,17.90,7.00,18.10,9.50,0.10,17.40
S154,1487127491,17.80,7.00,18.00,9.40,0.10,17.40
S154,1487127790,17.90,7.00,18.00,9.40,0.10,17.40
S154,1487128089,17.80,7.00,18.00,9.40,0.10,17.40
S154,1487128388,17.80,7.00,18.00,9.40,0.10,17.40
S154,1487128687,17.80,7.00,18.00,9.50,0.10,17.40
S154,1487128986,17.70,6.90,17.90,9.40,0.10,17.40
S154,1487129285,17.70,6.90,17.90,9.40,0.10,17.40
S154,1487129584,17.70,6.90,17.90,9.40,0.10,17.40
S154,1487129883,17.70,6.90,17.80,9.40,0.10,17.40
S154,1487130182,17.60,6.80,17.90,9.50,0.10,17.40
S154,1487130481,17.60,6.80,17.80,9.50,0.10,17.40
S154,1487130780,17.60,6.80,17.80,9.60,0.10,17.40
S154,1487131079,17.60,6.80,17.80,9.60,0.10,17.40
S154,1487131378,17.60,6.80,17.80,9.70,0.10,17.40
S154,1487131677,17.50,6.90,17.80,9.70,0.10,17.40
S154,1487131976,17.50,7.20,17.80,9.80,0.10,17.40
S154,1487132275,17.50,7.10,17.70,9.80,0.10,17.40
S154,1487132574,17.50,7.30,17.70,9.90,0.10,17.40
S154,1487132873,17.50,7.20,17.70,9.90,0.10,17.40
S154,1487133172,17.50,7.40,17.70,10.00,0.10,17.40
S154,1487133471,17.40,7.40,17.70,10.10,0.10,17.40
S154,1487133770,17.40,7.50,17.70,10.10,0.10,17.40
S154,1487134069,17.40,7.60,17.70,10.00,0.10,17.40
S154,1487134368,17.50,7.80,17.80,10.10,0.10,17.40
S154,1487134667,17.40,7.80,17.80,10.00,0.10,17.40
S154,1487134966,17.50,7.90,17.80,10.00,0.10,17.40
S154,1487135265,17.50,7.90,17.80,10.00,0.10,17.40
S154,1487135564,17.50,7.80,17.90,10.10,0.10,17.40
S154,1487135863,17.50,8.10,18.00,10.40,0.10,17.40
S154,1487136162,17.50,8.20,18.00,10.40,0.10,17.40
S154,1487136461,17.50,8.20,18.10,10.50,0.10,17.40
S154,1487136760,17.60,8.30,18.20,10.60,0.10,17.40
S154,1487137059,17.60,8.40,18.20,10.50,0.10,17.40
S154,1487137358,17.70,8.50,18.30,10.60,0.10,17.40
S154,1487137657,17.70,8.50,18.30,10.60,0.10,17.40
S154,1487137956,17.70,8.50,18.40,10.70,0.10,17.40
S154,1487138255,17.80,8.50,18.50,10.60,0.10,17.40
S154,1487138554,17.80,8.50,18.50,10.50,0.10,17.40
S154,1487138853,17.80,8.50,18.50,10.50,0.10,17.40
S154,1487139152,17.90,8.60,18.60,10.50,0.10,17.40
S154,1487139451,17.90,8.60,18.60,10.50,0.10,17.40
S154,1487139750,17.90,8.60,18.70,10.50,0.10,17.40
S154,1487140049,18.00,8.60,18.70,10.40,0.10,17.40
S154,1487140348,18.00,8.50,18.70,10.30,0.10,17.40
S154,1487140647,18.10,8.60,18.70,10.30,0.10,17.40
S154,1487140946,18.10,8.50,18.80,10.30,0.10,17.40
S154,1487141245,18.10,8.50,18.80,10.20,0.10,17.40
S154,1487141545,18.20,8.50,18.90,10.30,0.10,17.40
S154,1487141844,18.20,8.50,18.90,10.20,0.10,17.40
S154,1487142143,18.20,8.40,18.90,10.20,0.10,17.40
S154,1487142442,18.30,8.50,19.00,10.10,0.10,17.40
S154,1487142741,18.30,8.40,19.00,10.10,0.10,17.40
S154,1487143040,18.30,8.40,19.00,10.10,0.10,17.40
S154,1487143339,18.40,8.50,19.00,10.00,0.10,17.40
S154,1487143638,18.40,8.50,19.00,10.10,0.10,17.40
S154,1487143937,18.40,8.50,19.10,10.10,0.10,17.40
S154,1487144236,18.40,8.40,19.10,10.10,0.10,17.40
S154,1487144535,18.40,8.40,19.20,9.90,0.10,17.40
S154,1487144834,18.50,8.40,19.20,9.90,0.10,17.40
S154,1487145133,18.50,8.30,19.20,9.90,0.10,17.40
S154,1487145432,18.50,8.30,19.20,9.80,0.10,17.40
S154,1487145731,18.60,8.20,19.30,9.80,0.10,17.40
S154,1487146030,18.60,8.10,19.30,9.70,0.10,17.40
S154,1487146329,18.70,7.90,19.30,9.50,0.10,17.40
S154,1487146628,18.70,7.70,19.30,9.30,0.10,17.40
S154,1487146927,18.70,7.60,19.30,9.20,0.10,17.40
S154,1487147226,18.70,7.60,19.30,9.20,0.10,17.40
S154,1487147525,18.80,7.60,19.30,9.40,0.10,17.40
S154,1487147824,18.80,7.60,19.30,9.40,0.10,17.40
S154,1487148123,18.80,7.60,19.30,9.30,0.10,17.40
S154,1487148422,18.80,7.60,19.20,9.20,0.10,17.40
S154,1487148721,18.80,7.60,19.20,9.30,0.10,17.40
S154,1487149020,18.80,7.60,19.20,9.50,0.10,17.40
S154,1487149319,18.80,7.60,19.20,9.70,0.10,17.40
S154,1487149618,18.80,7.60,19.20,9.80,0.10,17.40
S154,1487149917,18.80,7.70,19.10,9.80,0.10,17.40
S154,1487150216,18.80,7.60,19.10,9.80,0.10,17.40
S154,1487150515,18.80,7.60,19.00,9.70,0.10,17.40
S154,1487150814,18.80,7.60,19.00,9.70,0.10,17.40
S154,1487151113,18.80,7.60,19.10,10.30,0.10,17.40
S154,1487151412,18.80,7.70,19.10,10.10,0.10,17.40
S154,1487151711,18.80,7.90,19.20,9.80,0.10,17.40
S154,1487152010,18.80,7.80,19.30,9.90,0.10,17.40
S154,1487152309,18.80,7.80,19.30,10.00,0.10,17.40
S154,1487152608,18.90,7.70,19.40,10.00,0.10,17.40
S154,1487152907,18.90,8.00,19.60,10.00,0.10,17.40
S154,1487153206,19.00,7.90,19.70,10.60,0.10,17.40
S154,1487153505,19.00,8.10,19.70,10.10,0.10,17.40
S154,1487153804,19.00,7.80,19.80,10.20,0.10,17.40
S154,1487154103,19.10,7.80,19.80,9.70,0.10,17.40
S154,1487154402,19.10,7.80,19.90,9.80,0.10,17.40
S154,1487154701,19.20,7.90,19.90,9.70,0.10,17.40
S154,1487155000,19.20,7.90,19.90,9.40,0.10,17.50
S154,1487155299,19.30,8.00,19.90,9.50,0.10,17.40
S154,1487155598,19.30,8.00,20.00,9.60,0.10,17.50
S154,1487155897,19.30,8.00,20.00,9.30,0.10,17.50
S154,1487156196,19.40,8.00,20.00,9.40,0.10,17.50
S154,1487156495,19.40,7.90,20.10,9.30,0.10,17.40
S154,1487156794,19.40,7.80,20.10,9.00,0.10,17.50
S154,1487157093,19.50,7.80,20.10,9.00,0.10,17.40
S154,1487157392,19.50,7.70,20.10,8.90,0.10,17.50
S154,1487157691,19.50,7.60,20.20,8.90,0.10,17.40
S154,1487157990,19.50,7.20,20.20,9.10,0.10,17.50
S154,1487158289,19.60,7.50,20.20,9.00,0.10,17.50
S154,1487158588,19.60,7.40,20.30,8.60,0.10,17.40
S154,1487158887,19.70,7.40,20.30,8.50,0.10,17.50
S154,1487159186,19.70,7.30,20.30,8.50,0.10,17.50
S154,1487159485,19.70,7.30,20.30,8.60,0.10,17.50
S154,1487159784,19.80,7.30,20.40,8.60,0.10,17.50
