Device,Time,DHT1-OUT Temp,DHT1-OUT Hum,DHT2-IN Temp,DHT2-IN Hum,Soil,Infrared
S167,1486911899,0.00,0.00,0.00,0.00,0.10,17.60
S167,1486912198,0.00,0.00,0.00,0.00,0.10,17.60
S167,1486912497,0.00,0.00,0.00,0.00,0.10,17.60
S167,1486912796,0.00,0.00,0.00,0.00,0.10,17.60
S167,1486913095,0.00,0.00,0.00,0.00,0.10,17.60
S167,1486913394,0.00,0.00,0.00,0.00,0.10,17.60
S167,1486913693,0.00,0.00,0.00,0.00,0.10,17.60
S167,1486913992,0.00,0.00,0.00,0.00,0.10,17.60
S167,1486914291,0.00,0.00,0.00,0.00,0.10,17.60
S167,1486914590,0.00,0.00,0.00,0.00,0.10,17.60
S167,1486914889,0.00,0.00,0.00,0.00,0.10,17.60
S167,1486915188,0.00,0.00,0.00,0.00,0.10,17.60
S167,1486915487,0.00,0.00,0.00,0.00,0.10,17.60
S167,1486915786,0.00,0.00,0.00,0.00,0.10,17.60
S167,1486916085,0.00,0.00,0.00,0.00,0.10,17.60
S167,1486916384,0.00,0.00,0.00,0.00,0.10,17.60
S167,1486916683,0.00,0.00,0.00,0.00,0.10,17.60
S167,1486916982,0.00,0.00,0.00,0.00,0.10,17.60
S167,1486917281,0.00,0.00,0.00,0.00,0.10,17.60
S167,1486917580,0.00,0.00,0.00,0.00,0.10,17.60
S167,1486917879,0.00,0.00,0.00,0.00,0.10,17.60
S167,1486918178,0.00,0.00,0.00,0.00,0.10,17.60
S167,1486918477,0.00,0.00,0.00,0.00,0.10,17.60
S167,1486918776,0.00,0.00,0.00,0.00,0.10,17.60
S167,1486919075,0.00,0.00,0.00,0.00,0.10,17.60
S167,1486919374,0.00,0.00,0.00,0.00,0.10,17.60
S167,1486919673,0.00,0.00,0.00,0.00,0.10,17.60
S167,1486919973,0.00,0.00,0.00,0.00,0.10,17.60
S167,1486920272,0.00,0.00,0.00,0.00,0.10,17.60
S167,1486920571,0.00,0.00,0.00,0.00,0.10,17.60
S167,1486920870,0.00,0.00,0.00,0.00,0.10,17.60
S167,1486921170,0.00,0.00,0.00,0.00,0.10,17.60
S167,1486921469,0.00,0.00,0.00,0.00,0.10,17.60
S167,1486921768,0.00,0.00,0.00,0.00,0.10,17.60
S167,1486922067,0.00,0.00,0.00,0.00,0.10,17.60
S167,1486922367,0.00,0.00,0.00,0.00,0.10,17.60
S167,1486922666,0.00,0.00,0.00,0.00,0.10,17.60
S167,1486922966,0.00,0.00,0.00,0.00,0.10,17.60
S167,1486923265,0.00,0.00,0.00,0.00,0.10,17.60
S167,1486923564,0.00,0.00,0.00,0.00,0.10,17.60
S167,1486923863,0.00,0.00,0.00,0.00,0.10,17.60
S167,1486924162,0.00,0.00,0.00,0.00,0.10,17.60
S167,1486924461,0.00,0.00,0.00,0.00,0.10,17.60
S167,1486924761,0.00,0.00,0.00,0.00,0.10,17.60
S167,1486925060,0.00,0.00,0.00,0.00,0.10,17.60
S167,1486925359,0.00,0.00,0.00,0.00,0.10,17.60
S167,1486925658,0.00,0.00,0.00,0.00,0.10,17.60
S167,1486925958,0.00,0.00,0.00,0.00,0.10,17.60
S167,1486926257,0.00,0.00,0.00,0.00,0.10,17.60
S167,1486926557,0.00,0.00,0.00,0.00,0.10,17.60
S167,1486926856,0.00,0.00,0.00,0.00,0.10,17.60
S167,1486927155,0.00,0.00,0.00,0.00,0.10,17.60
S167,1486927454,0.00,0.00,0.00,0.00,0.10,17.60
S167,1486927753,0.00,0.00,0.00,0.00,0.10,17.60
S167,1486928052,0.00,0.00,0.00,0.00,0.10,17.60
S167,1486928352,0.00,0.00,0.00,0.00,0.10,17.60
S167,1486928651,0.00,0.00,0.00,0.00,0.10,17.60
S167,1486928950,0.00,0.00,0.00,0.00,0.10,17.60
S167,1486929249,0.00,0.00,0.00,0.00,0.10,17.60
S167,1486929548,0.00,0.00,0.00,0.00,0.10,17.60
S167,1486929847,0.00,0.00,0.00,0.00,0.10,17.60
S167,1486930146,0.00,0.00,0.00,0.00,0.10,17.60
S167,1486930445,0.00,0.00,0.00,0.00,0.10,17.60
S167,1486930745,0.00,0.00,0.00,0.00,0.10,17.60
S167,1486931044,0.00,0.00,0.00,0.00,0.10,17.60
S167,1486931343,0.00,0.00,0.00,0.00,0.10,17.60
S167,1486931642,0.00,0.00,0.00,0.00,0.10,17.60
S167,1486931941,0.00,0.00,0.00,0.00,0.10,17.60
S167,1486932240,0.00,0.00,0.00,0.00,0.10,17.60
S167,1486932540,0.00,0.00,0.00,0.00,0.10,17.60
S167,1486932839,0.00,0.00,0.00,0.00,0.10,17.60
S167,1486933138,0.00,0.00,0.00,0.00,0.10,17.60
S167,1486933437,0.00,0.00,0.00,0.00,0.10,17.60
S167,1486933736,0.00,0.00,0.00,0.00,0.10,17.60
S167,1486934035,0.00,0.00,0.00,0.00,0.10,17.60
S167,1486934334,0.00,0.00,0.00,0.00,0.10,17.60
S167,1486934633,0.00,0.00,0.00,0.00,0.10,17.60
S167,1486934932,0.00,0.00,0.00,0.00,0.10,17.60
S167,1486935231,0.00,0.00,0.00,0.00,0.10,17.60
S167,1486935530,0.00,0.00,0.00,0.00,0.10,17.50
S167,1486935829,0.00,0.00,0.00,0.00,0.10,17.60
S167,1486936129,0.00,0.00,0.00,0.00,0.10,17.60
S167,1486936428,0.00,0.00,0.00,0.00,0.10,17.60
S167,1486936727,0.00,0.00,0.00,0.00,0.10,17.50
S167,1486937026,0.00,0.00,0.00,0.00,0.10,17.60
S167,1486937325,0.00,0.00,0.00,0.00,0.10,17.60
S167,1486937624,0.00,0.00,0.00,0.00,0.10,17.60
S167,1486937923,0.00,0.00,0.00,0.00,0.10,17.50
S167,1486938222,0.00,0.00,0.00,0.00,0.10,17.60
S167,1486938521,0.00,0.00,0.00,0.00,0.10,17.60
S167,1486938820,0.00,0.00,0.00,0.00,0.10,17.60
S167,1486939119,0.00,0.00,0.00,0.00,0.10,17.60
S167,1486939418,0.00,0.00,0.00,0.00,0.10,17.50
S167,1486939717,0.00,0.00,0.00,0.00,0.10,17.50
S167,1486940016,0.00,0.00,0.00,0.00,0.10,17.50
S167,1486940316,0.00,0.00,0.00,0.00,0.10,17.50
S167,1486940615,0.00,0.00,0.00,0.00,0.10,17.60
S167,1486940914,0.00,0.00,0.00,0.00,0.10,17.60
S167,1486941213,0.00,0.00,0.00,0.00,0.10,17.50
S167,1486941512,0.00,0.00,0.00,0.00,0.10,17.50
S167,1486941811,0.00,0.00,0.00,0.00,0.10,17.50
S167,1486942110,0.00,0.00,0.00,0.00,0.10,17.50
S167,1486942409,0.00,0.00,0.00,0.00,0.10,17.50
S167,1486942708,0.00,0.00,0.00,0.00,0.10,17.50
S167,1486943007,0.00,0.00,0.00,0.00,0.10,17.60
S167,1486943306,0.00,0.00,0.00,0.00,0.10,17.50
S167,1486943605,0.00,0.00,0.00,0.00,0.10,17.50
S167,1486943904,0.00,0.00,0.00,0.00,0.10,17.50
S167,1486944203,0.00,0.00,0.00,0.00,0.10,17.50
S167,1486944502,0.00,0.00,0.00,0.00,0.10,17.50
S167,1486944801,0.00,0.00,0.00,0.00,0.10,17.50
S167,1486945100,0.00,0.00,0.00,0.00,0.10,17.50
S167,1486945399,0.00,0.00,0.00,0.00,0.10,17.50
S167,1486945698,0.00,0.00,0.00,0.00,0.10,17.50
S167,1486945997,0.00,0.00,0.00,0.00,0.10,17.50
S167,1486946296,0.00,0.00,0.00,0.00,0.10,17.50
S167,1486946595,0.00,0.00,0.00,0.00,0.10,17.50
S167,1486946894,0.00,0.00,0.00,0.00,0.10,17.50
S167,1486947193,0.00,0.00,0.00,0.00,0.10,17.50
S167,1486947492,0.00,0.00,0.00,0.00,0.10,17.50
S167,1486947791,0.00,0.00,0.00,0.00,0.10,17.50
S167,1486948090,0.00,0.00,0.00,0.00,0.10,17.50
S167,1486948389,0.00,0.00,0.00,0.00,0.10,17.50
S167,1486948688,0.00,0.00,0.00,0.00,0.10,17.50
S167,1486948987,0.00,0.00,0.00,0.00,0.10,17.50
S167,1486949286,0.00,0.00,0.00,0.00,0.10,17.50
S167,1486949585,0.00,0.00,0.00,0.00,0.10,17.50
S167,1486949884,0.00,0.00,0.00,0.00,0.10,17.50
S167,1486950184,0.00,0.00,0.00,0.00,0.10,17.50
S167,1486950483,0.00,0.00,0.00,0.00,0.10,17.50
S167,1486950782,0.00,0.00,0.00,0.00,0.10,17.50
S167,1486951081,0.00,0.00,0.00,0.00,0.10,17.50
S167,1486951380,0.00,0.00,0.00,0.00,0.10,17.50
S167,1486951679,0.00,0.00,0.00,0.00,0.10,17.50
S167,1486951978,0.00,0.00,0.00,0.00,0.10,17.50
S167,1486952277,0.00,0.00,0.00,0.00,0.10,17.50
S167,1486952576,0.00,0.00,0.00,0.00,0.10,17.50
S167,1486952875,0.00,0.00,0.00,0.00,0.10,17.50
S167,1486953174,0.00,0.00,0.00,0.00,0.10,17.50
S167,1486953473,0.00,0.00,0.00,0.00,0.10,17.50
S167,1486953772,0.00,0.00,0.00,0.00,0.10,17.50
S167,1486954071,0.00,0.00,0.00,0.00,0.10,17.50
S167,1486954370,0.00,0.00,0.00,0.00,0.10,17.50
S167,1486954669,0.00,0.00,0.00,0.00,0.10,17.50
S167,1486954968,0.00,0.00,0.00,0.00,0.10,17.50
S167,1486955267,0.00,0.00,0.00,0.00,0.10,17.50
S167,1486955566,0.00,0.00,0.00,0.00,0.10,17.50
S167,1486955865,0.00,0.00,0.00,0.00,0.10,17.50
S167,1486956164,0.00,0.00,0.00,0.00,0.10,17.50
S167,1486956463,0.00,0.00,0.00,0.00,0.10,17.50
S167,1486956762,0.00,0.00,0.00,0.00,0.10,17.50
S167,1486957061,0.00,0.00,0.00,0.00,0.10,17.50
S167,1486957360,0.00,0.00,0.00,0.00,0.10,17.50
S167,1486957659,0.00,0.00,0.00,0.00,0.10,17.50
S167,1486957958,0.00,0.00,0.00,0.00,0.10,17.50
S167,1486958257,0.00,0.00,0.00,0.00,0.10,17.50
S167,1486958556,0.00,0.00,0.00,0.00,0.10,17.50
S167,1486958855,0.00,0.00,0.00,0.00,0.10,17.50
S167,1486959154,0.00,0.00,0.00,0.00,0.10,17.50
S167,1486959453,0.00,0.00,0.00,0.00,0.10,17.50
S167,1486959752,0.00,0.00,0.00,0.00,0.10,17.50
S167,1486960051,0.00,0.00,0.00,0.00,0.10,17.50
S167,1486960350,0.00,0.00,0.00,0.00,0.10,17.50
S167,1486960649,0.00,0.00,0.00,0.00,0.10,17.50
S167,1486960948,0.00,0.00,0.00,0.00,0.10,17.50
S167,1486961247,0.00,0.00,0.00,0.00,0.10,17.50
S167,1486961546,0.00,0.00,0.00,0.00,0.10,17.50
S167,1486961845,0.00,0.00,0.00,0.00,0.10,17.50
S167,1486962144,0.00,0.00,0.00,0.00,0.10,17.50
S167,1486962443,0.00,0.00,0.00,0.00,0.10,17.50
S167,1486962742,0.00,0.00,0.00,0.00,0.10,17.50
S167,1486963041,0.00,0.00,0.00,0.00,0.10,17.50
S167,1486963340,0.00,0.00,0.00,0.00,0.10,17.50
S167,1486963639,0.00,0.00,0.00,0.00,0.10,17.50
S167,1486963938,0.00,0.00,0.00,0.00,0.10,17.50
S167,1486964237,0.00,0.00,0.00,0.00,0.10,17.50
S167,1486964536,0.00,0.00,0.00,0.00,0.10,17.50
S167,1486964835,0.00,0.00,0.00,0.00,0.10,17.50
S167,1486965134,0.00,0.00,0.00,0.00,0.10,17.50
S167,1486965433,0.00,0.00,0.00,0.00,0.10,17.50
S167,1486965732,0.00,0.00,0.00,0.00,0.10,17.50
S167,1486966031,0.00,0.00,0.00,0.00,0.10,17.50
S167,1486966330,0.00,0.00,0.00,0.00,0.10,17.50
S167,1486966629,0.00,0.00,0.00,0.00,0.10,17.50
S167,1486966928,0.00,0.00,0.00,0.00,0.10,17.50
S167,1486967227,0.00,0.00,0.00,0.00,0.10,17.50
S167,1486967526,0.00,0.00,0.00,0.00,0.10,17.50
S167,1486967825,0.00,0.00,0.00,0.00,0.10,17.50
S167,1486968124,0.00,0.00,0.00,0.00,0.10,17.50
S167,1486968423,0.00,0.00,0.00,0.00,0.10,17.50
S167,1486968722,0.00,0.00,0.00,0.00,0.10,17.50
S167,1486969021,0.00,0.00,0.00,0.00,0.10,17.50
S167,1486969320,0.00,0.00,0.00,0.00,0.10,17.50
S167,1486969619,0.00,0.00,0.00,0.00,0.10,17.50
S167,1486969918,0.00,0.00,0.00,0.00,0.10,17.50
S167,1486970217,0.00,0.00,0.00,0.00,0.10,17.50
S167,1486970516,0.00,0.00,0.00,0.00,0.10,17.50
S167,1486970815,0.00,0.00,0.00,0.00,0.10,17.50
S167,1486971114,0.00,0.00,0.00,0.00,0.10,17.50
S167,1486971413,0.00,0.00,0.00,0.00,0.10,17.50
S167,1486971712,0.00,0.00,0.00,0.00,0.10,17.50
S167,1486972011,0.00,0.00,0.00,0.00,0.10,17.50
S167,1486972310,0.00,0.00,0.00,0.00,0.10,17.60
S167,1486972609,0.00,0.00,0.00,0.00,0.10,17.50
S167,1486972908,0.00,0.00,0.00,0.00,0.10,17.50
S167,1486973207,0.00,0.00,0.00,0.00,0.10,17.60
S167,1486973506,0.00,0.00,0.00,0.00,0.10,17.50
S167,1486973805,0.00,0.00,0.00,0.00,0.10,17.50
S167,1486974104,0.00,0.00,0.00,0.00,0.10,17.50
S167,1486974403,0.00,0.00,0.00,0.00,0.10,17.50
S167,1486974702,0.00,0.00,0.00,0.00,0.10,17.50
S167,1486975001,0.00,0.00,0.00,0.00,0.10,17.60
S167,1486975300,0.00,0.00,0.00,0.00,0.10,17.50
S167,1486975599,0.00,0.00,0.00,0.00,0.10,17.60
S167,1486975898,0.00,0.00,0.00,0.00,0.10,17.60
S167,1486976197,0.00,0.00,0.00,0.00,0.10,17.60
S167,1486976496,0.00,0.00,0.00,0.00,0.10,17.60
S167,1486976795,0.00,0.00,0.00,0.00,0.10,17.60
S167,1486977094,0.00,0.00,0.00,0.00,0.10,17.60
S167,1486977393,0.00,0.00,0.00,0.00,0.10,17.60
S167,1486977692,0.00,0.00,0.00,0.00,0.10,17.60
S167,1486977991,0.00,0.00,0.00,0.00,0.10,17.60
S167,1486978290,0.00,0.00,0.00,0.00,0.10,17.60
S167,1486978589,0.00,0.00,0.00,0.00,0.10,17.60
S167,1486978888,0.00,0.00,0.00,0.00,0.10,17.60
S167,1486979187,0.00,0.00,0.00,0.00,0.10,17.60
S167,1486979486,0.00,0.00,0.00,0.00,0.10,17.60
S167,1486979785,0.00,0.00,0.00,0.00,0.10,17.60
S167,1486980084,0.00,0.00,0.00,0.00,0.10,17.60
S167,1486980383,0.00,0.00,0.00,0.00,0.10,17.60
S167,1486980682,0.00,0.00,0.00,0.00,0.10,17.60
S167,1486980981,0.00,0.00,0.00,0.00,0.10,17.60
S167,1486981280,0.00,0.00,0.00,0.00,0.10,17.60
S167,1486981579,0.00,0.00,0.00,0.00,0.10,17.60
S167,1486981878,0.00,0.00,0.00,0.00,0.10,17.60
S167,1486982177,0.00,0.00,0.00,0.00,0.10,17.60
S167,1486982476,0.00,0.00,0.00,0.00,0.10,17.60
S167,1486982775,0.00,0.00,0.00,0.00,0.10,17.60
S167,1486983074,0.00,0.00,0.00,0.00,0.10,17.60
S167,1486983373,0.00,0.00,0.00,0.00,0.10,17.60
S167,1486983672,0.00,0.00,0.00,0.00,0.10,17.60
S167,1486983971,0.00,0.00,0.00,0.00,0.10,17.60
S167,1486984270,0.00,0.00,0.00,0.00,0.10,17.60
S167,1486984569,0.00,0.00,0.00,0.00,0.10,17.60
S167,1486984868,0.00,0.00,0.00,0.00,0.10,17.60
S167,1486985167,0.00,0.00,0.00,0.00,0.10,17.60
S167,1486985466,0.00,0.00,0.00,0.00,0.10,17.60
S167,1486985765,0.00,0.00,0.00,0.00,0.10,17.60
S167,1486986064,0.00,0.00,0.00,0.00,0.10,17.60
S167,1486986363,0.00,0.00,0.00,0.00,0.10,17.60
S167,1486986662,0.00,0.00,0.00,0.00,0.10,17.60
S167,1486986961,0.00,0.00,0.00,0.00,0.10,17.60
S167,1486987260,0.00,0.00,0.00,0.00,0.10,17.60
S167,1486987559,0.00,0.00,0.00,0.00,0.10,17.60
S167,1486987858,0.00,0.00,0.00,0.00,0.10,17.60
S167,1486988157,0.00,0.00,0.00,0.00,0.10,17.60
S167,1486988457,0.00,0.00,0.00,0.00,0.10,17.60
S167,1486988756,0.00,0.00,0.00,0.00,0.10,17.50
S167,1486989055,0.00,0.00,0.00,0.00,0.10,17.50
S167,1486989354,0.00,0.00,0.00,0.00,0.10,17.60
S167,1486989653,0.00,0.00,0.00,0.00,0.10,17.60
S167,1486989952,0.00,0.00,0.00,0.00,0.10,17.60
S167,1486990251,0.00,0.00,0.00,0.00,0.10,17.60
S167,1486990550,0.00,0.00,0.00,0.00,0.10,17.60
S167,1486990849,0.00,0.00,0.00,0.00,0.10,17.60
S167,1486991148,0.00,0.00,0.00,0.00,0.10,17.60
S167,1486991447,0.00,0.00,0.00,0.00,0.10,17.60
S167,1486991746,0.00,0.00,0.00,0.00,0.10,17.60
S167,1486992045,0.00,0.00,0.00,0.00,0.10,17.60
S167,1486992344,0.00,0.00,0.00,0.00,0.10,17.60
S167,1486992643,0.00,0.00,0.00,0.00,0.10,17.60
S167,1486992942,0.00,0.00,0.00,0.00,0.10,17.60
S167,1486993241,0.00,0.00,0.00,0.00,0.10,17.60
S167,1486993540,0.00,0.00,0.00,0.00,0.10,17.60
S167,1486993839,0.00,0.00,0.00,0.00,0.10,17.60
S167,1486994138,0.00,0.00,0.00,0.00,0.10,17.60
S167,1486994437,0.00,0.00,0.00,0.00,0.10,17.60
S167,1486994736,0.00,0.00,0.00,0.00,0.10,17.60
S167,1486995035,0.00,0.00,0.00,0.00,0.10,17.60
S167,1486995334,0.00,0.00,0.00,0.00,0.10,17.60
S167,1486995633,0.00,0.00,0.00,0.00,0.10,17.60
S167,1486995932,0.00,0.00,0.00,0.00,0.10,17.60
S167,1486996231,0.00,0.00,0.00,0.00,0.10,17.60
S167,1486996530,0.00,0.00,0.00,0.00,0.10,17.60
S167,1486996829,0.00,0.00,0.00,0.00,0.10,17.60
S167,1486997128,0.00,0.00,0.00,0.00,0.10,17.60
S167,1486997427,0.00,0.00,0.00,0.00,0.10,17.60
S167,1486997726,0.00,0.00,0.00,0.00,0.10,17.60
S167,1486998025,0.00,0.00,0.00,0.00,0.10,17.60
S167,1486998324,0.00,0.00,0.00,0.00,0.10,17.60
S167,1486998623,0.00,0.00,0.00,0.00,0.10,17.60
S167,1486998922,0.00,0.00,0.00,0.00,0.10,17.60
S167,1486999221,0.00,0.00,0.00,0.00,0.10,17.60
S167,1486999520,0.00,0.00,0.00,0.00,0.10,17.60
S167,1486999819,0.00,0.00,0.00,0.00,0.10,17.60
S167,1487000118,0.00,0.00,0.00,0.00,0.10,17.60
S167,1487000417,0.00,0.00,0.00,0.00,0.10,17.60
S167,1487000716,0.00,0.00,0.00,0.00,0.10,17.60
S167,1487001015,0.00,0.00,0.00,0.00,0.10,17.60
S167,1487001314,0.00,0.00,0.00,0.00,0.10,17.60
S167,1487001613,0.00,0.00,0.00,0.00,0.10,17.60
S167,1487001912,0.00,0.00,0.00,0.00,0.10,17.60
S167,1487002211,0.00,0.00,0.00,0.00,0.10,17.60
S167,1487002510,0.00,0.00,0.00,0.00,0.10,17.60
S167,1487002809,0.00,0.00,0.00,0.00,0.10,17.60
S167,1487003108,0.00,0.00,0.00,0.00,0.10,17.60
S167,1487003407,0.00,0.00,0.00,0.00,0.10,17.60
S167,1487003706,0.00,0.00,0.00,0.00,0.10,17.60
S167,1487004005,0.00,0.00,0.00,0.00,0.10,17.60
S167,1487004304,0.00,0.00,0.00,0.00,0.10,17.60
S167,1487004603,0.00,0.00,0.00,0.00,0.10,17.60
S167,1487004902,0.00,0.00,0.00,0.00,0.10,17.60
S167,1487005201,0.00,0.00,0.00,0.00,0.10,17.60
S167,1487005500,0.00,0.00,0.00,0.00,0.10,17.60
S167,1487005799,0.00,0.00,0.00,0.00,0.10,17.60
S167,1487006098,0.00,0.00,0.00,0.00,0.10,17.60
S167,1487006397,0.00,0.00,0.00,0.00,0.10,17.60
S167,1487006696,0.00,0.00,0.00,0.00,0.10,17.60
S167,1487006995,0.00,0.00,0.00,0.00,0.10,17.60
S167,1487007294,0.00,0.00,0.00,0.00,0.10,17.60
S167,1487007593,0.00,0.00,0.00,0.00,0.10,17.60
S167,1487007892,0.00,0.00,0.00,0.00,0.10,17.60
S167,1487008191,0.00,0.00,0.00,0.00,0.10,17.60
S167,1487008490,0.00,0.00,0.00,0.00,0.10,17.60
S167,1487008789,0.00,0.00,0.00,0.00,0.10,17.60
S167,1487009088,0.00,0.00,0.00,0.00,0.10,17.60
S167,1487009387,0.00,0.00,0.00,0.00,0.10,17.60
S167,1487009686,0.00,0.00,0.00,0.00,0.10,17.60
S167,1487009985,0.00,0.00,0.00,0.00,0.10,17.60
S167,1487010284,0.00,0.00,0.00,0.00,0.10,17.60
S167,1487010583,0.00,0.00,0.00,0.00,0.10,17.60
S167,1487010882,0.00,0.00,0.00,0.00,0.10,17.60
S167,1487011181,0.00,0.00,0.00,0.00,0.10,17.60
S167,1487011480,0.00,0.00,0.00,0.00,0.10,17.60
S167,1487011779,0.00,0.00,0.00,0.00,0.10,17.60
S167,1487012078,0.00,0.00,0.00,0.00,0.10,17.60
S167,1487012377,0.00,0.00,0.00,0.00,0.10,17.60
S167,1487012676,0.00,0.00,0.00,0.00,0.10,17.60
S167,1487012975,0.00,0.00,0.00,0.00,0.10,17.60
S167,1487013274,0.00,0.00,0.00,0.00,0.10,17.60
S167,1487013573,0.00,0.00,0.00,0.00,0.10,17.60
S167,1487013872,0.00,0.00,0.00,0.00,0.10,17.60
S167,1487014172,0.00,0.00,0.00,0.00,0.10,17.60
S167,1487014471,0.00,0.00,0.00,0.00,0.10,17.60
S167,1487014770,0.00,0.00,0.00,0.00,0.10,17.60
S167,1487015069,0.00,0.00,0.00,0.00,0.10,17.60
S167,1487015368,0.00,0.00,0.00,0.00,0.10,17.60
S167,1487015667,0.00,0.00,0.00,0.00,0.10,17.60
S167,1487015966,0.00,0.00,0.00,0.00,0.10,17.60
S167,1487016265,0.00,0.00,0.00,0.00,0.10,17.60
S167,1487016564,0.00,0.00,0.00,0.00,0.10,17.60
S167,1487016863,0.00,0.00,0.00,0.00,0.10,17.60
S167,1487017162,0.00,0.00,0.00,0.00,0.10,17.60
S167,1487017461,0.00,0.00,0.00,0.00,0.10,17.60
S167,1487017760,0.00,0.00,0.00,0.00,0.10,17.60
S167,1487018059,0.00,0.00,0.00,0.00,0.10,17.60
S167,1487018358,0.00,0.00,0.00,0.00,0.10,17.60
S167,1487018657,0.00,0.00,0.00,0.00,0.10,17.60
S167,1487018956,0.00,0.00,0.00,0.00,0.10,17.60
S167,1487019255,0.00,0.00,0.00,0.00,0.10,17.60
S167,1487019554,0.00,0.00,0.00,0.00,0.10,17.60
S167,1487019853,0.00,0.00,0.00,0.00,0.10,17.60
S167,1487020152,0.00,0.00,0.00,0.00,0.10,17.60
S167,1487020451,0.00,0.00,0.00,0.00,0.10,17.60
S167,1487020750,0.00,0.00,0.00,0.00,0.10,17.60
S167,1487021049,0.00,0.00,0.00,0.00,0.10,17.60
S167,1487021348,0.00,0.00,0.00,0.00,0.10,17.60
S167,1487021647,0.00,0.00,0.00,0.00,0.10,17.60
S167,1487021946,0.00,0.00,0.00,0.00,0.10,17.60
S167,1487022245,0.00,0.00,0.00,0.00,0.10,17.50
S167,1487022544,0.00,0.00,0.00,0.00,0.10,17.60
S167,1487022843,0.00,0.00,0.00,0.00,0.10,17.50
S167,1487023142,0.00,0.00,0.00,0.00,0.10,17.60
S167,1487023441,0.00,0.00,0.00,0.00,0.10,17.50
S167,1487023740,0.00,0.00,0.00,0.00,0.10,17.50
S167,1487024039,0.00,0.00,0.00,0.00,0.10,17.50
S167,1487024338,0.00,0.00,0.00,0.00,0.10,17.50
S167,1487024637,0.00,0.00,0.00,0.00,0.10,17.50
S167,1487024936,0.00,0.00,0.00,0.00,0.10,17.50
S167,1487025235,0.00,0.00,0.00,0.00,0.10,17.50
S167,1487025534,0.00,0.00,0.00,0.00,0.10,17.50
S167,1487025833,0.00,0.00,0.00,0.00,0.10,17.50
S167,1487026132,0.00,0.00,0.00,0.00,0.10,17.50
S167,1487026431,0.00,0.00,0.00,0.00,0.10,17.50
S167,1487026731,0.00,0.00,0.00,0.00,0.10,17.50
S167,1487027030,0.00,0.00,0.00,0.00,0.10,17.50
S167,1487027329,0.00,0.00,0.00,0.00,0.10,17.50
S167,1487027628,0.00,0.00,0.00,0.00,0.10,17.50
S167,1487027927,0.00,0.00,0.00,0.00,0.10,17.50
S167,1487028226,0.00,0.00,0.00,0.00,0.10,17.50
S167,1487028525,0.00,0.00,0.00,0.00,0.10,17.50
S167,1487028824,0.00,0.00,0.00,0.00,0.10,17.50
S167,1487029123,0.00,0.00,0.00,0.00,0.10,17.50
S167,1487029422,0.00,0.00,0.00,0.00,0.10,17.50
S167,1487029721,0.00,0.00,0.00,0.00,0.10,17.50
S167,1487030020,0.00,0.00,0.00,0.00,0.10,17.50
S167,1487030319,0.00,0.00,0.00,0.00,0.10,17.50
S167,1487030618,0.00,0.00,0.00,0.00,0.10,17.50
S167,1487030917,0.00,0.00,0.00,0.00,0.10,17.50
S167,1487031216,0.00,0.00,0.00,0.00,0.10,17.50
S167,1487031515,0.00,0.00,0.00,0.00,0.10,17.50
S167,1487031814,0.00,0.00,0.00,0.00,0.10,17.50
S167,1487032113,0.00,0.00,0.00,0.00,0.10,17.50
S167,1487032412,0.00,0.00,0.00,0.00,0.10,17.50
S167,1487032711,0.00,0.00,0.00,0.00,0.10,17.50
S167,1487033010,0.00,0.00,0.00,0.00,0.10,17.50
S167,1487033309,0.00,0.00,0.00,0.00,0.10,17.50
S167,1487033608,0.00,0.00,0.00,0.00,0.10,17.50
S167,1487033907,0.00,0.00,0.00,0.00,0.10,17.50
S167,1487034206,0.00,0.00,0.00,0.00,0.10,17.50
S167,1487034505,0.00,0.00,0.00,0.00,0.10,17.50
S167,1487034804,0.00,0.00,0.00,0.00,0.10,17.50
S167,1487035103,0.00,0.00,0.00,0.00,0.10,17.50
S167,1487035402,0.00,0.00,0.00,0.00,0.10,17.50
S167,1487035701,0.00,0.00,0.00,0.00,0.10,17.50
S167,1487036000,0.00,0.00,0.00,0.00,0.10,17.50
S167,1487036299,0.00,0.00,0.00,0.00,0.10,17.50
S167,1487036598,0.00,0.00,0.00,0.00,0.10,17.50
S167,1487036897,0.00,0.00,0.00,0.00,0.10,17.50
S167,1487037196,0.00,0.00,0.00,0.00,0.10,17.50
S167,1487037495,0.00,0.00,0.00,0.00,0.10,17.50
S167,1487037794,0.00,0.00,0.00,0.00,0.10,17.50
S167,1487038093,0.00,0.00,0.00,0.00,0.10,17.50
S167,1487038392,0.00,0.00,0.00,0.00,0.10,17.50
S167,1487038691,0.00,0.00,0.00,0.00,0.10,17.50
S167,1487038990,0.00,0.00,0.00,0.00,0.10,17.50
S167,1487039289,0.00,0.00,0.00,0.00,0.10,17.50
S167,1487039588,0.00,0.00,0.00,0.00,0.10,17.50
S167,1487039887,0.00,0.00,0.00,0.00,0.10,17.50
S167,1487040186,0.00,0.00,0.00,0.00,0.10,17.50
S167,1487040485,0.00,0.00,0.00,0.00,0.10,17.50
S167,1487040784,0.00,0.00,0.00,0.00,0.10,17.50
S167,1487041083,0.00,0.00,0.00,0.00,0.10,17.50
S167,1487041382,0.00,0.00,0.00,0.00,0.10,17.50
S167,1487041681,0.00,0.00,0.00,0.00,0.10,17.50
S167,1487041980,0.00,0.00,0.00,0.00,0.10,17.50
S167,1487042279,0.00,0.00,0.00,0.00,0.10,17.50
S167,1487042578,0.00,0.00,0.00,0.00,0.10,17.50
S167,1487042877,0.00,0.00,0.00,0.00,0.10,17.50
S167,1487043176,0.00,0.00,0.00,0.00,0.10,17.50
S167,1487043475,0.00,0.00,0.00,0.00,0.10,17.50
S167,1487043774,0.00,0.00,0.00,0.00,0.10,17.50
S167,1487044073,0.00,0.00,0.00,0.00,0.10,17.50
S167,1487044372,0.00,0.00,0.00,0.00,0.10,17.50
S167,1487044671,0.00,0.00,0.00,0.00,0.10,17.50
S167,1487044970,0.00,0.00,0.00,0.00,0.10,17.50
S167,1487045269,0.00,0.00,0.00,0.00,0.10,17.50
S167,1487045568,0.00,0.00,0.00,0.00,0.10,17.50
S167,1487045867,0.00,0.00,0.00,0.00,0.10,17.50
S167,1487046166,0.00,0.00,0.00,0.00,0.10,17.50
S167,1487046465,0.00,0.00,0.00,0.00,0.10,17.50
S167,1487046764,0.00,0.00,0.00,0.00,0.10,17.50
S167,1487047063,0.00,0.00,0.00,0.00,0.10,17.50
S167,1487047362,0.00,0.00,0.00,0.00,0.10,17.50
S167,1487047661,0.00,0.00,0.00,0.00,0.10,17.50
S167,1487047960,0.00,0.00,0.00,0.00,0.10,17.50
S167,1487048259,0.00,0.00,0.00,0.00,0.10,17.50
S167,1487048558,0.00,0.00,0.00,0.00,0.10,17.50
S167,1487048857,0.00,0.00,0.00,0.00,0.10,17.50
S167,1487049156,0.00,0.00,0.00,0.00,0.10,17.50
S167,1487049455,0.00,0.00,0.00,0.00,0.10,17.50
S167,1487049754,0.00,0.00,0.00,0.00,0.10,17.50
S167,1487050053,0.00,0.00,0.00,0.00,0.10,17.50
S167,1487050352,0.00,0.00,0.00,0.00,0.10,17.50
S167,1487050651,0.00,0.00,0.00,0.00,0.10,17.50
S167,1487050950,0.00,0.00,0.00,0.00,0.10,17.50
S167,1487051249,0.00,0.00,0.00,0.00,0.10,17.50
S167,1487051548,0.00,0.00,0.00,0.00,0.10,17.50
S167,1487051847,0.00,0.00,0.00,0.00,0.10,17.50
S167,1487052146,0.00,0.00,0.00,0.00,0.10,17.50
S167,1487052445,0.00,0.00,0.00,0.00,0.10,17.50
S167,1487052744,0.00,0.00,0.00,0.00,0.10,17.50
S167,1487053043,0.00,0.00,0.00,0.00,0.10,17.50
S167,1487053342,0.00,0.00,0.00,0.00,0.10,17.50
S167,1487053641,0.00,0.00,0.00,0.00,0.10,17.50
S167,1487053940,0.00,0.00,0.00,0.00,0.10,17.50
S167,1487054239,0.00,0.00,0.00,0.00,0.10,17.50
S167,1487054538,0.00,0.00,0.00,0.00,0.10,17.50
S167,1487054837,0.00,0.00,0.00,0.00,0.10,17.50
S167,1487055136,0.00,0.00,0.00,0.00,0.10,17.50
S167,1487055435,0.00,0.00,0.00,0.00,0.10,17.50
S167,1487055734,0.00,0.00,0.00,0.00,0.10,17.50
S167,1487056033,0.00,0.00,0.00,0.00,0.10,17.50
S167,1487056332,0.00,0.00,0.00,0.00,0.10,17.50
S167,1487056631,0.00,0.00,0.00,0.00,0.10,17.50
S167,1487056930,0.00,0.00,0.00,0.00,0.10,17.50
S167,1487057229,0.00,0.00,0.00,0.00,0.10,17.50
S167,1487057528,0.00,0.00,0.00,0.00,0.10,17.50
S167,1487057827,0.00,0.00,0.00,0.00,0.10,17.50
S167,1487058126,0.00,0.00,0.00,0.00,0.10,17.50
S167,1487058425,0.00,0.00,0.00,0.00,0.10,17.60
S167,1487058724,0.00,0.00,0.00,0.00,0.10,17.60
S167,1487059023,0.00,0.00,0.00,0.00,0.10,17.50
S167,1487059322,0.00,0.00,0.00,0.00,0.10,17.60
S167,1487059621,0.00,0.00,0.00,0.00,0.10,17.50
S167,1487059920,0.00,0.00,0.00,0.00,0.10,17.50
S167,1487060219,0.00,0.00,0.00,0.00,0.10,17.50
S167,1487060518,0.00,0.00,0.00,0.00,0.10,17.50
S167,1487060817,0.00,0.00,0.00,0.00,0.10,17.50
S167,1487061116,0.00,0.00,0.00,0.00,0.10,17.50
S167,1487061415,0.00,0.00,0.00,0.00,0.10,17.50
S167,1487061714,0.00,0.00,0.00,0.00,0.10,17.50
S167,1487062013,0.00,0.00,0.00,0.00,0.10,17.60
S167,1487062312,0.00,0.00,0.00,0.00,0.10,17.50
S167,1487062611,0.00,0.00,0.00,0.00,0.10,17.60
S167,1487062910,0.00,0.00,0.00,0.00,0.10,17.50
S167,1487063209,0.00,0.00,0.00,0.00,0.10,17.60
S167,1487063508,0.00,0.00,0.00,0.00,0.10,17.60
S167,1487063807,0.00,0.00,0.00,0.00,0.10,17.50
S167,1487064106,0.00,0.00,0.00,0.00,0.10,17.60
S167,1487064405,0.00,0.00,0.00,0.00,0.10,17.60
S167,1487064704,0.00,0.00,0.00,0.00,0.10,17.50
S167,1487065004,0.00,0.00,0.00,0.00,0.10,17.60
S167,1487065303,0.00,0.00,0.00,0.00,0.10,17.60
S167,1487065602,0.00,0.00,0.00,0.00,0.10,17.60
S167,1487065901,0.00,0.00,0.00,0.00,0.10,17.60
S167,1487066200,0.00,0.00,0.00,0.00,0.10,17.60
S167,1487066499,0.00,0.00,0.00,0.00,0.10,17.60
S167,1487066798,0.00,0.00,0.00,0.00,0.10,17.60
S167,1487067097,0.00,0.00,0.00,0.00,0.10,17.60
S167,1487067396,0.00,0.00,0.00,0.00,0.10,17.60
S167,1487067695,0.00,0.00,0.00,0.00,0.10,17.60
S167,1487067994,0.00,0.00,0.00,0.00,0.10,17.60
S167,1487068293,0.00,0.00,0.00,0.00,0.10,17.60
S167,1487068592,0.00,0.00,0.00,0.00,0.10,17.60
S167,1487068891,0.00,0.00,0.00,0.00,0.10,17.60
S167,1487069190,0.00,0.00,0.00,0.00,0.10,17.50
S167,1487069489,0.00,0.00,0.00,0.00,0.10,17.60
S167,1487069788,0.00,0.00,0.00,0.00,0.10,17.60
S167,1487070087,0.00,0.00,0.00,0.00,0.10,17.60
S167,1487070386,0.00,0.00,0.00,0.00,0.10,17.60
S167,1487070685,0.00,0.00,0.00,0.00,0.10,17.60
S167,1487070984,0.00,0.00,0.00,0.00,0.10,17.60
S167,1487071283,0.00,0.00,0.00,0.00,0.10,17.60
S167,1487071582,0.00,0.00,0.00,0.00,0.10,17.50
S167,1487071881,0.00,0.00,0.00,0.00,0.10,17.50
S167,1487072180,0.00,0.00,0.00,0.00,0.10,17.50
S167,1487072479,0.00,0.00,0.00,0.00,0.10,17.60
S167,1487072778,0.00,0.00,0.00,0.00,0.10,17.60
S167,1487073077,0.00,0.00,0.00,0.00,0.10,17.60
S167,1487073376,0.00,0.00,0.00,0.00,0.10,17.60
S167,1487073675,0.00,0.00,0.00,0.00,0.10,17.60
S167,1487073974,0.00,0.00,0.00,0.00,0.10,17.50
S167,1487074273,0.00,0.00,0.00,0.00,0.10,17.50
S167,1487074572,0.00,0.00,0.00,0.00,0.10,17.60
S167,1487074871,0.00,0.00,0.00,0.00,0.10,17.60
S167,1487075170,0.00,0.00,0.00,0.00,0.10,17.60
S167,1487075469,0.00,0.00,0.00,0.00,0.10,17.60
S167,1487075768,0.00,0.00,0.00,0.00,0.10,17.60
S167,1487076067,0.00,0.00,0.00,0.00,0.10,17.60
S167,1487076366,0.00,0.00,0.00,0.00,0.10,17.60
S167,1487076665,0.00,0.00,0.00,0.00,0.10,17.60
S167,1487076964,0.00,0.00,0.00,0.00,0.10,17.60
S167,1487077263,0.00,0.00,0.00,0.00,0.10,17.60
S167,1487077562,0.00,0.00,0.00,0.00,0.10,17.60
S167,1487077861,0.00,0.00,0.00,0.00,0.10,17.60
S167,1487078160,0.00,0.00,0.00,0.00,0.10,17.60
S167,1487078459,0.00,0.00,0.00,0.00,0.10,17.60
S167,1487078758,0.00,0.00,0.00,0.00,0.10,17.60
S167,1487079057,0.00,0.00,0.00,0.00,0.10,17.60
S167,1487079356,0.00,0.00,0.00,0.00,0.10,17.60
S167,1487079655,0.00,0.00,0.00,0.00,0.10,17.60
S167,1487079954,0.00,0.00,0.00,0.00,0.10,17.60
S167,1487080253,0.00,0.00,0.00,0.00,0.10,17.60
S167,1487080552,0.00,0.00,0.00,0.00,0.10,17.60
S167,1487080851,0.00,0.00,0.00,0.00,0.10,17.60
S167,1487081150,0.00,0.00,0.00,0.00,0.10,17.60
S167,1487081449,0.00,0.00,0.00,0.00,0.10,17.60
S167,1487081748,0.00,0.00,0.00,0.00,0.10,17.60
S167,1487082047,0.00,0.00,0.00,0.00,0.10,17.60
S167,1487082346,0.00,0.00,0.00,0.00,0.10,17.60
S167,1487082645,0.00,0.00,0.00,0.00,0.10,17.60
S167,1487082944,0.00,0.00,0.00,0.00,0.10,17.60
S167,1487083243,0.00,0.00,0.00,0.00,0.10,17.60
S167,1487083542,0.00,0.00,0.00,0.00,0.10,17.60
S167,1487083841,0.00,0.00,0.00,0.00,0.10,17.60
S167,1487084140,0.00,0.00,0.00,0.00,0.10,17.60
S167,1487084439,0.00,0.00,0.00,0.00,0.10,17.60
S167,1487084738,0.00,0.00,0.00,0.00,0.10,17.60
S167,1487085037,0.00,0.00,0.00,0.00,0.10,17.60
S167,1487085336,0.00,0.00,0.00,0.00,0.10,17.60
S167,1487085635,0.00,0.00,0.00,0.00,0.10,17.60
S167,1487085934,0.00,0.00,0.00,0.00,0.10,17.60
S167,1487086233,0.00,0.00,0.00,0.00,0.10,17.60
S167,1487086532,0.00,0.00,0.00,0.00,0.10,17.60
S167,1487086831,0.00,0.00,0.00,0.00,0.10,17.60
S167,1487087130,0.00,0.00,0.00,0.00,0.10,17.60
S167,1487087429,0.00,0.00,0.00,0.00,0.10,17.60
S167,1487087728,0.00,0.00,0.00,0.00,0.10,17.60
S167,1487088027,0.00,0.00,0.00,0.00,0.10,17.60
S167,1487088326,0.00,0.00,0.00,0.00,0.10,17.60
S167,1487088625,0.00,0.00,0.00,0.00,0.10,17.60
S167,1487088924,0.00,0.00,0.00,0.00,0.10,17.60
S167,1487089223,0.00,0.00,0.00,0.00,0.10,17.60
S167,1487089522,0.00,0.00,0.00,0.00,0.10,17.60
S167,1487089821,0.00,0.00,0.00,0.00,0.10,17.60
S167,1487090120,0.00,0.00,0.00,0.00,0.10,17.60
S167,1487090419,0.00,0.00,0.00,0.00,0.10,17.60
S167,1487090718,0.00,0.00,0.00,0.00,0.10,17.60
S167,1487091017,0.00,0.00,0.00,0.00,0.10,17.60
S167,1487091316,0.00,0.00,0.00,0.00,0.10,17.60
S167,1487091615,0.00,0.00,0.00,0.00,0.10,17.60
S167,1487091914,0.00,0.00,0.00,0.00,0.10,17.60
S167,1487092213,0.00,0.00,0.00,0.00,0.10,17.60
S167,1487092512,0.00,0.00,0.00,0.00,0.10,17.60
S167,1487092811,0.00,0.00,0.00,0.00,0.10,17.60
S167,1487093110,0.00,0.00,0.00,0.00,0.10,17.60
S167,1487093409,0.00,0.00,0.00,0.00,0.10,17.60
S167,1487093708,0.00,0.00,0.00,0.00,0.10,17.60
S167,1487094007,0.00,0.00,0.00,0.00,0.10,17.60
S167,1487094306,0.00,0.00,0.00,0.00,0.10,17.60
S167,1487094605,0.00,0.00,0.00,0.00,0.10,17.60
S167,1487094904,0.00,0.00,0.00,0.00,0.10,17.60
S167,1487095203,0.00,0.00,0.00,0.00,0.10,17.60
S167,1487095502,0.00,0.00,0.00,0.00,0.10,17.60
S167,1487095801,0.00,0.00,0.00,0.00,0.10,17.60
S167,1487096100,0.00,0.00,0.00,0.00,0.10,17.60
S167,1487096399,0.00,0.00,0.00,0.00,0.10,17.60
S167,1487096698,0.00,0.00,0.00,0.00,0.10,17.60
S167,1487096997,0.00,0.00,0.00,0.00,0.10,17.60
S167,1487097296,0.00,0.00,0.00,0.00,0.10,17.60
S167,1487097595,0.00,0.00,0.00,0.00,0.10,17.60
S167,1487097894,0.00,0.00,0.00,0.00,0.10,17.60
S167,1487098193,0.00,0.00,0.00,0.00,0.10,17.60
S167,1487098492,0.00,0.00,0.00,0.00,0.10,17.60
S167,1487098791,0.00,0.00,0.00,0.00,0.10,17.60
S167,1487099090,0.00,0.00,0.00,0.00,0.10,17.60
S167,1487099389,0.00,0.00,0.00,0.00,0.10,17.60
S167,1487099688,0.00,0.00,0.00,0.00,0.10,17.60
S167,1487099987,0.00,0.00,0.00,0.00,0.10,17.60
S167,1487100286,0.00,0.00,0.00,0.00,0.10,17.60
S167,1487100585,0.00,0.00,0.00,0.00,0.10,17.60
S167,1487100884,0.00,0.00,0.00,0.00,0.10,17.60
S167,1487101183,0.00,0.00,0.00,0.00,0.10,17.60
S167,1487101482,0.00,0.00,0.00,0.00,0.10,17.60
S167,1487101781,0.00,0.00,0.00,0.00,0.10,17.60
S167,1487102080,0.00,0.00,0.00,0.00,0.10,17.60
S167,1487102379,0.00,0.00,0.00,0.00,0.10,17.60
S167,1487102678,0.00,0.00,0.00,0.00,0.10,17.60
S167,1487102977,0.00,0.00,0.00,0.00,0.10,17.60
S167,1487103277,0.00,0.00,0.00,0.00,0.10,17.60
S167,1487103576,0.00,0.00,0.00,0.00,0.10,17.50
S167,1487103875,0.00,0.00,0.00,0.00,0.10,17.60
S167,1487104174,0.00,0.00,0.00,0.00,0.10,17.50
S167,1487104473,0.00,0.00,0.00,0.00,0.10,17.60
S167,1487104772,0.00,0.00,0.00,0.00,0.10,17.50
S167,1487105071,0.00,0.00,0.00,0.00,0.10,17.50
S167,1487105370,0.00,0.00,0.00,0.00,0.10,17.60
S167,1487105669,0.00,0.00,0.00,0.00,0.10,17.60
S167,1487105968,0.00,0.00,0.00,0.00,0.10,17.50
S167,1487106267,0.00,0.00,0.00,0.00,0.10,17.60
S167,1487106566,0.00,0.00,0.00,0.00,0.10,17.60
S167,1487106865,0.00,0.00,0.00,0.00,0.10,17.60
S167,1487107164,0.00,0.00,0.00,0.00,0.10,17.50
S167,1487107463,0.00,0.00,0.00,0.00,0.10,17.50
S167,1487107762,0.00,0.00,0.00,0.00,0.10,17.50
S167,1487108061,0.00,0.00,0.00,0.00,0.10,17.50
S167,1487108360,0.00,0.00,0.00,0.00,0.10,17.50
S167,1487108659,0.00,0.00,0.00,0.00,0.10,17.50
S167,1487108958,0.00,0.00,0.00,0.00,0.10,17.50
S167,1487109257,0.00,0.00,0.00,0.00,0.10,17.50
S167,1487109556,0.00,0.00,0.00,0.00,0.10,17.50
S167,1487109855,0.00,0.00,0.00,0.00,0.10,17.50
S167,1487110154,0.00,0.00,0.00,0.00,0.10,17.50
S167,1487110453,0.00,0.00,0.00,0.00,0.10,17.50
S167,1487110752,0.00,0.00,0.00,0.00,0.10,17.50
S167,1487111051,0.00,0.00,0.00,0.00,0.10,17.50
S167,1487111350,0.00,0.00,0.00,0.00,0.10,17.50
S167,1487111649,0.00,0.00,0.00,0.00,0.10,17.50
S167,1487111948,0.00,0.00,0.00,0.00,0.10,17.50
S167,1487112247,0.00,0.00,0.00,0.00,0.10,17.50
S167,1487112546,0.00,0.00,0.00,0.00,0.10,17.50
S167,1487112845,0.00,0.00,0.00,0.00,0.10,17.50
S167,1487113144,0.00,0.00,0.00,0.00,0.10,17.50
S167,1487113443,0.00,0.00,0.00,0.00,0.10,17.50
S167,1487113742,0.00,0.00,0.00,0.00,0.10,17.50
S167,1487114041,0.00,0.00,0.00,0.00,0.10,17.50
S167,1487114340,0.00,0.00,0.00,0.00,0.10,17.50
S167,1487114639,0.00,0.00,0.00,0.00,0.10,17.50
S167,1487114938,0.00,0.00,0.00,0.00,0.10,17.50
S167,1487115237,0.00,0.00,0.00,0.00,0.10,17.50
S167,1487115536,0.00,0.00,0.00,0.00,0.10,17.50
S167,1487115835,0.00,0.00,0.00,0.00,0.10,17.50
S167,1487116134,0.00,0.00,0.00,0.00,0.10,17.50
S167,1487116433,0.00,0.00,0.00,0.00,0.10,17.50
S167,1487116732,0.00,0.00,0.00,0.00,0.10,17.50
S167,1487117031,0.00,0.00,0.00,0.00,0.10,17.50
S167,1487117330,0.00,0.00,0.00,0.00,0.10,17.50
S167,1487117629,0.00,0.00,0.00,0.00,0.10,17.50
S167,1487117928,0.00,0.00,0.00,0.00,0.10,17.50
S167,1487118227,0.00,0.00,0.00,0.00,0.10,17.50
S167,1487118526,0.00,0.00,0.00,0.00,0.10,17.50
S167,1487118825,0.00,0.00,0.00,0.00,0.10,17.50
S167,1487119124,0.00,0.00,0.00,0.00,0.10,17.50
S167,1487119423,0.00,0.00,0.00,0.00,0.10,17.50
S167,1487119722,0.00,0.00,0.00,0.00,0.10,17.50
S167,1487120021,0.00,0.00,0.00,0.00,0.10,17.50
S167,1487120320,0.00,0.00,0.00,0.00,0.10,17.50
S167,1487120619,0.00,0.00,0.00,0.00,0.10,17.50
S167,1487120918,0.00,0.00,0.00,0.00,0.10,17.50
S167,1487121217,0.00,0.00,0.00,0.00,0.10,17.50
S167,1487121516,0.00,0.00,0.00,0.00,0.10,17.50
S167,1487121815,0.00,0.00,0.00,0.00,0.10,17.50
S167,1487122114,0.00,0.00,0.00,0.00,0.10,17.50
S167,1487122413,0.00,0.00,0.00,0.00,0.10,17.50
S167,1487122712,0.00,0.00,0.00,0.00,0.10,17.50
S167,1487123011,0.00,0.00,0.00,0.00,0.10,17.50
S167,1487123310,0.00,0.00,0.00,0.00,0.10,17.50
S167,1487123609,0.00,0.00,0.00,0.00,0.10,17.50
S167,1487123908,0.00,0.00,0.00,0.00,0.10,17.50
S167,1487124207,0.00,0.00,0.00,0.00,0.10,17.50
S167,1487124506,0.00,0.00,0.00,0.00,0.10,17.50
S167,1487124805,0.00,0.00,0.00,0.00,0.10,17.50
S167,1487125104,0.00,0.00,0.00,0.00,0.10,17.50
S167,1487125403,0.00,0.00,0.00,0.00,0.10,17.50
S167,1487125702,0.00,0.00,0.00,0.00,0.10,17.50
S167,1487126001,0.00,0.00,0.00,0.00,0.10,17.50
S167,1487126300,0.00,0.00,0.00,0.00,0.10,17.50
S167,1487126599,0.00,0.00,0.00,0.00,0.10,17.50
S167,1487126898,0.00,0.00,0.00,0.00,0.10,17.50
S167,1487127197,0.00,0.00,0.00,0.00,0.10,17.50
S167,1487127496,0.00,0.00,0.00,0.00,0.10,17.50
S167,1487127795,0.00,0.00,0.00,0.00,0.10,17.50
S167,1487128094,0.00,0.00,0.00,0.00,0.10,17.50
S167,1487128393,0.00,0.00,0.00,0.00,0.10,17.50
S167,1487128692,0.00,0.00,0.00,0.00,0.10,17.50
S167,1487128991,0.00,0.00,0.00,0.00,0.10,17.50
S167,1487129290,0.00,0.00,0.00,0.00,0.10,17.50
S167,1487129589,0.00,0.00,0.00,0.00,0.10,17.50
S167,1487129888,0.00,0.00,0.00,0.00,0.10,17.50
S167,1487130187,0.00,0.00,0.00,0.00,0.10,17.50
S167,1487130486,0.00,0.00,0.00,0.00,0.10,17.50
S167,1487130785,0.00,0.00,0.00,0.00,0.10,17.50
S167,1487131084,0.00,0.00,0.00,0.00,0.10,17.50
S167,1487131383,0.00,0.00,0.00,0.00,0.10,17.50
S167,1487131682,0.00,0.00,0.00,0.00,0.10,17.50
S167,1487131981,0.00,0.00,0.00,0.00,0.10,17.50
S167,1487132280,0.00,0.00,0.00,0.00,0.10,17.50
S167,1487132579,0.00,0.00,0.00,0.00,0.10,17.50
S167,1487132878,0.00,0.00,0.00,0.00,0.10,17.50
S167,1487133177,0.00,0.00,0.00,0.00,0.10,17.50
S167,1487133476,0.00,0.00,0.00,0.00,0.10,17.50
S167,1487133775,0.00,0.00,0.00,0.00,0.10,17.50
S167,1487134074,0.00,0.00,0.00,0.00,0.10,17.50
S167,1487134373,0.00,0.00,0.00,0.00,0.10,17.50
S167,1487134672,0.00,0.00,0.00,0.00,0.10,17.50
S167,1487134971,0.00,0.00,0.00,0.00,0.10,17.50
S167,1487135270,0.00,0.00,0.00,0.00,0.10,17.50
S167,1487135569,0.00,0.00,0.00,0.00,0.10,17.50
S167,1487135868,0.00,0.00,0.00,0.00,0.10,17.50
S167,1487136167,0.00,0.00,0.00,0.00,0.10,17.50
S167,1487136466,0.00,0.00,0.00,0.00,0.10,17.50
S167,1487136765,0.00,0.00,0.00,0.00,0.10,17.50
S167,1487137064,0.00,0.00,0.00,0.00,0.10,17.50
S167,1487137363,0.00,0.00,0.00,0.00,0.10,17.50
S167,1487137662,0.00,0.00,0.00,0.00,0.10,17.50
S167,1487137961,0.00,0.00,0.00,0.00,0.10,17.50
S167,1487138260,0.00,0.00,0.00,0.00,0.10,17.50
S167,1487138559,0.00,0.00,0.00,0.00,0.10,17.50
S167,1487138858,0.00,0.00,0.00,0.00,0.10,17.50
S167,1487139157,0.00,0.00,0.00,0.00,0.10,17.50
S167,1487139456,0.00,0.00,0.00,0.00,0.10,17.50
S167,1487139755,0.00,0.00,0.00,0.00,0.10,17.50
S167,1487140054,0.00,0.00,0.00,0.00,0.10,17.50
S167,1487140353,0.00,0.00,0.00,0.00,0.10,17.50
S167,1487140652,0.00,0.00,0.00,0.00,0.10,17.50
S167,1487140951,0.00,0.00,0.00,0.00,0.10,17.50
S167,1487141250,0.00,0.00,0.00,0.00,0.10,17.50
S167,1487141550,0.00,0.00,0.00,0.00,0.10,17.50
S167,1487141849,0.00,0.00,0.00,0.00,0.10,17.50
S167,1487142148,0.00,0.00,0.00,0.00,0.10,17.50
S167,1487142447,0.00,0.00,0.00,0.00,0.10,17.50
S167,1487142746,0.00,0.00,0.00,0.00,0.10,17.50
S167,1487143045,0.00,0.00,0.00,0.00,0.10,17.50
S167,1487143344,0.00,0.00,0.00,0.00,0.10,17.50
S167,1487143643,0.00,0.00,0.00,0.00,0.10,17.50
S167,1487143942,0.00,0.00,0.00,0.00,0.10,17.50
S167,1487144241,0.00,0.00,0.00,0.00,0.10,17.50
S167,1487144540,0.00,0.00,0.00,0.00,0.10,17.50
S167,1487144839,0.00,0.00,0.00,0.00,0.10,17.50
S167,1487145138,0.00,0.00,0.00,0.00,0.10,17.50
S167,1487145437,0.00,0.00,0.00,0.00,0.10,17.50
S167,1487145736,0.00,0.00,0.00,0.00,0.10,17.50
S167,1487146035,0.00,0.00,0.00,0.00,0.10,17.50
S167,1487146334,0.00,0.00,0.00,0.00,0.10,17.50
S167,1487146633,0.00,0.00,0.00,0.00,0.10,17.50
S167,1487146932,0.00,0.00,0.00,0.00,0.10,17.50
S167,1487147231,0.00,0.00,0.00,0.00,0.10,17.50
S167,1487147530,0.00,0.00,0.00,0.00,0.10,17.50
S167,1487147829,0.00,0.00,0.00,0.00,0.10,17.50
S167,1487148128,0.00,0.00,0.00,0.00,0.10,17.50
S167,1487148427,0.00,0.00,0.00,0.00,0.10,17.50
S167,1487148726,0.00,0.00,0.00,0.00,0.10,17.50
S167,1487149025,0.00,0.00,0.00,0.00,0.10,17.50
S167,1487149324,0.00,0.00,0.00,0.00,0.10,17.50
S167,1487149623,0.00,0.00,0.00,0.00,0.10,17.50
S167,1487149922,0.00,0.00,0.00,0.00,0.10,17.50
S167,1487150221,0.00,0.00,0.00,0.00,0.10,17.50
S167,1487150520,0.00,0.00,0.00,0.00,0.10,17.50
S167,1487150819,0.00,0.00,0.00,0.00,0.10,17.50
S167,1487151118,0.00,0.00,0.00,0.00,0.10,17.50
S167,1487151417,0.00,0.00,0.00,0.00,0.10,17.50
S167,1487151716,0.00,0.00,0.00,0.00,0.10,17.50
S167,1487152015,0.00,0.00,0.00,0.00,0.10,17.50
S167,1487152314,0.00,0.00,0.00,0.00,0.10,17.50
S167,1487152613,0.00,0.00,0.00,0.00,0.10,17.60
S167,1487152912,0.00,0.00,0.00,0.00,0.10,17.60
S167,1487153211,0.00,0.00,0.00,0.00,0.10,17.50
S167,1487153510,0.00,0.00,0.00,0.00,0.10,17.50
S167,1487153809,0.00,0.00,0.00,0.00,0.10,17.60
S167,1487154108,0.00,0.00,0.00,0.00,0.10,17.50
S167,1487154407,0.00,0.00,0.00,0.00,0.10,17.50
S167,1487154706,0.00,0.00,0.00,0.00,0.10,17.60
S167,1487155005,0.00,0.00,0.00,0.00,0.10,17.50
S167,1487155304,0.00,0.00,0.00,0.00,0.10,17.50
S167,1487155603,0.00,0.00,0.00,0.00,0.10,17.60
S167,1487155902,0.00,0.00,0.00,0.00,0.10,17.60
S167,1487156201,0.00,0.00,0.00,0.00,0.10,17.50
S167,1487156500,0.00,0.00,0.00,0.00,0.10,17.50
S167,1487156799,0.00,0.00,0.00,0.00,0.10,17.60
