Device,Time,DHT1-OUT Temp,DHT1-OUT Hum,DHT2-IN Temp,DHT2-IN Hum,Soil,Infrared
S153,1486911899,0.00,0.00,0.00,0.00,0.30,17.60
S153,1486912198,0.00,0.00,0.00,0.00,0.30,17.60
S153,1486912497,0.00,0.00,0.00,0.00,0.30,17.60
S153,1486912796,0.00,0.00,0.00,0.00,0.30,17.60
S153,1486913095,0.00,0.00,0.00,0.00,0.30,17.60
S153,1486913394,0.00,0.00,0.00,0.00,0.30,17.60
S153,1486913693,0.00,0.00,0.00,0.00,0.30,17.60
S153,1486913992,0.00,0.00,0.00,0.00,0.30,17.60
S153,1486914291,0.00,0.00,0.00,0.00,0.30,17.60
S153,1486914590,0.00,0.00,0.00,0.00,0.30,17.60
S153,1486914889,0.00,0.00,0.00,0.00,0.30,17.60
S153,1486915188,0.00,0.00,0.00,0.00,0.30,17.60
S153,1486915487,0.00,0.00,0.00,0.00,0.30,17.60
S153,1486915786,0.00,0.00,0.00,0.00,0.30,17.60
S153,1486916085,0.00,0.00,0.00,0.00,0.30,17.60
S153,1486916385,0.00,0.00,0.00,0.00,0.30,17.60
S153,1486916684,0.00,0.00,0.00,0.00,0.30,17.60
S153,1486916983,0.00,0.00,0.00,0.00,0.30,17.60
S153,1486917282,0.00,0.00,0.00,0.00,0.30,17.60
S153,1486917581,0.00,0.00,0.00,0.00,0.30,17.60
S153,1486917880,0.00,0.00,0.00,0.00,0.30,17.60
S153,1486918180,0.00,0.00,0.00,0.00,0.30,17.60
S153,1486918479,0.00,0.00,0.00,0.00,0.30,17.60
S153,1486918779,0.00,0.00,0.00,0.00,0.30,17.60
S153,1486919078,0.00,0.00,0.00,0.00,0.30,17.60
S153,1486919377,0.00,0.00,0.00,0.00,0.30,17.60
S153,1486919676,0.00,0.00,0.00,0.00,0.30,17.60
S153,1486919976,0.00,0.00,0.00,0.00,0.30,17.60
S153,1486920275,0.00,0.00,0.00,0.00,0.30,17.60
S153,1486920574,0.00,0.00,0.00,0.00,0.30,17.60
S153,1486920873,0.00,0.00,0.00,0.00,0.30,17.60
S153,1486921173,0.00,0.00,0.00,0.00,0.30,17.60
S153,1486921472,0.00,0.00,0.00,0.00,0.30,17.60
S153,1486921771,0.00,0.00,0.00,0.00,0.30,17.60
S153,1486922070,0.00,0.00,0.00,0.00,0.30,17.60
S153,1486922370,0.00,0.00,0.00,0.00,0.30,17.60
S153,1486922669,0.00,0.00,0.00,0.00,0.30,17.60
S153,1486922968,0.00,0.00,0.00,0.00,0.30,17.60
S153,1486923267,0.00,0.00,0.00,0.00,0.30,17.60
S153,1486923566,0.00,0.00,0.00,0.00,0.30,17.50
S153,1486923866,0.00,0.00,0.00,0.00,0.30,17.60
S153,1486924165,0.00,0.00,0.00,0.00,0.30,17.60
S153,1486924464,0.00,0.00,0.00,0.00,0.30,17.60
S153,1486924763,0.00,0.00,0.00,0.00,0.30,17.60
S153,1486925062,0.00,0.00,0.00,0.00,0.30,17.60
S153,1486925361,0.00,0.00,0.00,0.00,0.30,17.60
S153,1486925660,0.00,0.00,0.00,0.00,0.30,17.60
S153,1486925960,0.00,0.00,0.00,0.00,0.30,17.60
S153,1486926259,0.00,0.00,0.00,0.00,0.30,17.60
S153,1486926558,0.00,0.00,0.00,0.00,0.30,17.60
S153,1486926857,0.00,0.00,0.00,0.00,0.30,17.60
S153,1486927156,0.00,0.00,0.00,0.00,0.30,17.60
S153,1486927455,0.00,0.00,0.00,0.00,0.30,17.60
S153,1486927754,0.00,0.00,0.00,0.00,0.30,17.60
S153,1486928053,0.00,0.00,0.00,0.00,0.30,17.60
S153,1486928352,0.00,0.00,0.00,0.00,0.30,17.50
S153,1486928651,0.00,0.00,0.00,0.00,0.30,17.50
S153,1486928950,0.00,0.00,0.00,0.00,0.30,17.60
S153,1486929249,0.00,0.00,0.00,0.00,0.30,17.60
S153,1486929548,0.00,0.00,0.00,0.00,0.30,17.60
S153,1486929847,0.00,0.00,0.00,0.00,0.30,17.60
S153,1486930146,0.00,0.00,0.00,0.00,0.30,17.60
S153,1486930445,0.00,0.00,0.00,0.00,0.30,17.60
S153,1486930744,0.00,0.00,0.00,0.00,0.30,17.60
S153,1486931043,0.00,0.00,0.00,0.00,0.30,17.60
S153,1486931342,0.00,0.00,0.00,0.00,0.30,17.60
S153,1486931641,0.00,0.00,0.00,0.00,0.30,17.60
S153,1486931940,0.00,0.00,0.00,0.00,0.30,17.60
S153,1486932239,0.00,0.00,0.00,0.00,0.30,17.50
S153,1486932538,0.00,0.00,0.00,0.00,0.30,17.60
S153,1486932837,0.00,0.00,0.00,0.00,0.30,17.60
S153,1486933136,0.00,0.00,0.00,0.00,0.30,17.60
S153,1486933435,0.00,0.00,0.00,0.00,0.30,17.60
S153,1486933734,0.00,0.00,0.00,0.00,0.30,17.60
S153,1486934033,0.00,0.00,0.00,0.00,0.30,17.60
S153,1486934332,0.00,0.00,0.00,0.00,0.30,17.60
S153,1486934631,0.00,0.00,0.00,0.00,0.30,17.60
S153,1486934930,0.00,0.00,0.00,0.00,0.30,17.60
S153,1486935229,0.00,0.00,0.00,0.00,0.30,17.60
S153,1486935528,0.00,0.00,0.00,0.00,0.30,17.60
S153,1486935827,0.00,0.00,0.00,0.00,0.30,17.50
S153,1486936126,0.00,0.00,0.00,0.00,0.30,17.50
S153,1486936425,0.00,0.00,0.00,0.00,0.30,17.50
S153,1486936724,0.00,0.00,0.00,0.00,0.30,17.60
S153,1486937023,0.00,0.00,0.00,0.00,0.30,17.50
S153,1486937322,0.00,0.00,0.00,0.00,0.30,17.60
S153,1486937621,0.00,0.00,0.00,0.00,0.30,17.50
S153,1486937920,0.00,0.00,0.00,0.00,0.30,17.50
S153,1486938219,0.00,0.00,0.00,0.00,0.30,17.50
S153,1486938518,0.00,0.00,0.00,0.00,0.30,17.60
S153,1486938817,0.00,0.00,0.00,0.00,0.30,17.60
S153,1486939116,0.00,0.00,0.00,0.00,0.30,17.50
S153,1486939415,0.00,0.00,0.00,0.00,0.30,17.60
S153,1486939714,0.00,0.00,0.00,0.00,0.30,17.50
S153,1486940013,0.00,0.00,0.00,0.00,0.30,17.50
S153,1486940312,0.00,0.00,0.00,0.00,0.30,17.60
S153,1486940611,0.00,0.00,0.00,0.00,0.30,17.50
S153,1486940910,0.00,0.00,0.00,0.00,0.30,17.50
S153,1486941209,0.00,0.00,0.00,0.00,0.30,17.50
S153,1486941508,0.00,0.00,0.00,0.00,0.30,17.50
S153,1486941807,0.00,0.00,0.00,0.00,0.30,17.50
S153,1486942106,0.00,0.00,0.00,0.00,0.30,17.50
S153,1486942405,0.00,0.00,0.00,0.00,0.30,17.60
S153,1486942704,0.00,0.00,0.00,0.00,0.30,17.50
S153,1486943003,0.00,0.00,0.00,0.00,0.30,17.60
S153,1486943302,0.00,0.00,0.00,0.00,0.30,17.50
S153,1486943601,0.00,0.00,0.00,0.00,0.30,17.60
S153,1486943900,0.00,0.00,0.00,0.00,0.30,17.60
S153,1486944199,0.00,0.00,0.00,0.00,0.30,17.60
S153,1486944498,0.00,0.00,0.00,0.00,0.30,17.50
S153,1486944797,0.00,0.00,0.00,0.00,0.30,17.50
S153,1486945096,0.00,0.00,0.00,0.00,0.30,17.60
S153,1486945395,0.00,0.00,0.00,0.00,0.30,17.50
S153,1486945694,0.00,0.00,0.00,0.00,0.30,17.50
S153,1486945993,0.00,0.00,0.00,0.00,0.30,17.50
S153,1486946292,0.00,0.00,0.00,0.00,0.30,17.50
S153,1486946591,0.00,0.00,0.00,0.00,0.30,17.50
S153,1486946890,0.00,0.00,0.00,0.00,0.30,17.50
S153,1486947189,0.00,0.00,0.00,0.00,0.30,17.60
S153,1486947488,0.00,0.00,0.00,0.00,0.30,17.50
S153,1486947787,0.00,0.00,0.00,0.00,0.30,17.50
S153,1486948086,0.00,0.00,0.00,0.00,0.30,17.50
S153,1486948385,0.00,0.00,0.00,0.00,0.30,17.50
S153,1486948684,0.00,0.00,0.00,0.00,0.30,17.50
S153,1486948983,0.00,0.00,0.00,0.00,0.30,17.50
S153,1486949282,0.00,0.00,0.00,0.00,0.30,17.50
S153,1486949581,0.00,0.00,0.00,0.00,0.30,17.50
S153,1486949880,0.00,0.00,0.00,0.00,0.30,17.60
S153,1486950180,0.00,0.00,0.00,0.00,0.30,17.60
S153,1486950479,0.00,0.00,0.00,0.00,0.30,17.60
S153,1486950778,0.00,0.00,0.00,0.00,0.30,17.50
S153,1486951077,0.00,0.00,0.00,0.00,0.30,17.50
S153,1486951376,0.00,0.00,0.00,0.00,0.30,17.50
S153,1486951675,0.00,0.00,0.00,0.00,0.30,17.50
S153,1486951974,0.00,0.00,0.00,0.00,0.30,17.50
S153,1486952273,0.00,0.00,0.00,0.00,0.30,17.50
S153,1486952572,0.00,0.00,0.00,0.00,0.30,17.60
S153,1486952871,0.00,0.00,0.00,0.00,0.30,17.50
S153,1486953170,0.00,0.00,0.00,0.00,0.30,17.50
S153,1486953469,0.00,0.00,0.00,0.00,0.30,17.50
S153,1486953768,0.00,0.00,0.00,0.00,0.30,17.50
S153,1486954067,0.00,0.00,0.00,0.00,0.30,17.50
S153,1486954366,0.00,0.00,0.00,0.00,0.30,17.60
S153,1486954665,0.00,0.00,0.00,0.00,0.30,17.50
S153,1486954964,0.00,0.00,0.00,0.00,0.30,17.50
S153,1486955263,0.00,0.00,0.00,0.00,0.30,17.50
S153,1486955562,0.00,0.00,0.00,0.00,0.30,17.50
S153,1486955861,0.00,0.00,0.00,0.00,0.30,17.50
S153,1486956160,0.00,0.00,0.00,0.00,0.30,17.50
S153,1486956459,0.00,0.00,0.00,0.00,0.30,17.60
S153,1486956758,0.00,0.00,0.00,0.00,0.30,17.50
S153,1486957057,0.00,0.00,0.00,0.00,0.30,17.50
S153,1486957356,0.00,0.00,0.00,0.00,0.30,17.60
S153,1486957655,0.00,0.00,0.00,0.00,0.30,17.50
S153,1486957954,0.00,0.00,0.00,0.00,0.30,17.60
S153,1486958253,0.00,0.00,0.00,0.00,0.30,17.60
S153,1486958552,0.00,0.00,0.00,0.00,0.30,17.60
S153,1486958851,0.00,0.00,0.00,0.00,0.30,17.60
S153,1486959150,0.00,0.00,0.00,0.00,0.30,17.50
S153,1486959449,0.00,0.00,0.00,0.00,0.30,17.60
S153,1486959748,0.00,0.00,0.00,0.00,0.30,17.50
S153,1486960047,0.00,0.00,0.00,0.00,0.30,17.60
S153,1486960346,0.00,0.00,0.00,0.00,0.30,17.60
S153,1486960645,0.00,0.00,0.00,0.00,0.30,17.60
S153,1486960944,0.00,0.00,0.00,0.00,0.30,17.60
S153,1486961243,0.00,0.00,0.00,0.00,0.30,17.60
S153,1486961542,0.00,0.00,0.00,0.00,0.30,17.60
S153,1486961841,0.00,0.00,0.00,0.00,0.30,17.60
S153,1486962140,0.00,0.00,0.00,0.00,0.30,17.50
S153,1486962439,0.00,0.00,0.00,0.00,0.30,17.60
S153,1486962738,0.00,0.00,0.00,0.00,0.30,17.50
S153,1486963037,0.00,0.00,0.00,0.00,0.30,17.50
S153,1486963336,0.00,0.00,0.00,0.00,0.30,17.50
S153,1486963635,0.00,0.00,0.00,0.00,0.30,17.60
S153,1486963934,0.00,0.00,0.00,0.00,0.30,17.50
S153,1486964233,0.00,0.00,0.00,0.00,0.30,17.50
S153,1486964532,0.00,0.00,0.00,0.00,0.30,17.60
S153,1486964831,0.00,0.00,0.00,0.00,0.30,17.60
S153,1486965130,0.00,0.00,0.00,0.00,0.30,17.50
S153,1486965429,0.00,0.00,0.00,0.00,0.30,17.50
S153,1486965728,0.00,0.00,0.00,0.00,0.30,17.50
S153,1486966027,0.00,0.00,0.00,0.00,0.30,17.50
S153,1486966326,0.00,0.00,0.00,0.00,0.30,17.60
S153,1486966625,0.00,0.00,0.00,0.00,0.30,17.50
S153,1486966924,0.00,0.00,0.00,0.00,0.30,17.60
S153,1486967223,0.00,0.00,0.00,0.00,0.30,17.50
S153,1486967522,0.00,0.00,0.00,0.00,0.30,17.50
S153,1486967821,0.00,0.00,0.00,0.00,0.30,17.50
S153,1486968120,0.00,0.00,0.00,0.00,0.30,17.50
S153,1486968419,0.00,0.00,0.00,0.00,0.30,17.50
S153,1486968718,0.00,0.00,0.00,0.00,0.30,17.50
S153,1486969017,0.00,0.00,0.00,0.00,0.30,17.50
S153,1486969316,0.00,0.00,0.00,0.00,0.30,17.50
S153,1486969615,0.00,0.00,0.00,0.00,0.30,17.50
S153,1486969914,0.00,0.00,0.00,0.00,0.30,17.50
S153,1486970213,0.00,0.00,0.00,0.00,0.30,17.50
S153,1486970512,0.00,0.00,0.00,0.00,0.30,17.50
S153,1486970811,0.00,0.00,0.00,0.00,0.30,17.50
S153,1486971110,0.00,0.00,0.00,0.00,0.30,17.50
S153,1486971409,0.00,0.00,0.00,0.00,0.30,17.50
S153,1486971708,0.00,0.00,0.00,0.00,0.30,17.50
S153,1486972007,0.00,0.00,0.00,0.00,0.30,17.50
S153,1486972306,0.00,0.00,0.00,0.00,0.30,17.50
S153,1486972605,0.00,0.00,0.00,0.00,0.30,17.50
S153,1486972904,0.00,0.00,0.00,0.00,0.30,17.50
S153,1486973203,0.00,0.00,0.00,0.00,0.30,17.50
S153,1486973502,0.00,0.00,0.00,0.00,0.30,17.50
S153,1486973801,0.00,0.00,0.00,0.00,0.30,17.60
S153,1486974100,0.00,0.00,0.00,0.00,0.30,17.50
S153,1486974399,0.00,0.00,0.00,0.00,0.30,17.50
S153,1486974698,0.00,0.00,0.00,0.00,0.30,17.50
S153,1486974997,0.00,0.00,0.00,0.00,0.30,17.50
S153,1486975296,0.00,0.00,0.00,0.00,0.30,17.50
S153,1486975595,0.00,0.00,0.00,0.00,0.30,17.50
S153,1486975894,0.00,0.00,0.00,0.00,0.30,17.60
S153,1486976193,0.00,0.00,0.00,0.00,0.30,17.50
S153,1486976492,0.00,0.00,0.00,0.00,0.30,17.50
S153,1486976791,0.00,0.00,0.00,0.00,0.30,17.50
S153,1486977090,0.00,0.00,0.00,0.00,0.30,17.60
S153,1486977389,0.00,0.00,0.00,0.00,0.30,17.60
S153,1486977688,0.00,0.00,0.00,0.00,0.30,17.50
S153,1486977987,0.00,0.00,0.00,0.00,0.30,17.60
S153,1486978286,0.00,0.00,0.00,0.00,0.30,17.50
S153,1486978585,0.00,0.00,0.00,0.00,0.30,17.50
S153,1486978884,0.00,0.00,0.00,0.00,0.30,17.60
S153,1486979183,0.00,0.00,0.00,0.00,0.30,17.60
S153,1486979482,0.00,0.00,0.00,0.00,0.30,17.60
S153,1486979781,0.00,0.00,0.00,0.00,0.30,17.50
S153,1486980080,0.00,0.00,0.00,0.00,0.30,17.50
S153,1486980379,0.00,0.00,0.00,0.00,0.30,17.50
S153,1486980678,0.00,0.00,0.00,0.00,0.30,17.50
S153,1486980977,0.00,0.00,0.00,0.00,0.30,17.60
S153,1486981276,0.00,0.00,0.00,0.00,0.30,17.50
S153,1486981575,0.00,0.00,0.00,0.00,0.30,17.60
S153,1486981874,0.00,0.00,0.00,0.00,0.30,17.60
S153,1486982173,0.00,0.00,0.00,0.00,0.30,17.50
S153,1486982472,0.00,0.00,0.00,0.00,0.30,17.60
S153,1486982771,0.00,0.00,0.00,0.00,0.30,17.60
S153,1486983070,0.00,0.00,0.00,0.00,0.30,17.60
S153,1486983369,0.00,0.00,0.00,0.00,0.30,17.60
S153,1486983668,0.00,0.00,0.00,0.00,0.30,17.60
S153,1486983967,0.00,0.00,0.00,0.00,0.30,17.60
S153,1486984266,0.00,0.00,0.00,0.00,0.30,17.60
S153,1486984565,0.00,0.00,0.00,0.00,0.30,17.60
S153,1486984864,0.00,0.00,0.00,0.00,0.30,17.60
S153,1486985163,0.00,0.00,0.00,0.00,0.30,17.60
S153,1486985462,0.00,0.00,0.00,0.00,0.30,17.60
S153,1486985761,0.00,0.00,0.00,0.00,0.30,17.60
S153,1486986060,0.00,0.00,0.00,0.00,0.30,17.50
S153,1486986359,0.00,0.00,0.00,0.00,0.30,17.60
S153,1486986658,0.00,0.00,0.00,0.00,0.30,17.60
S153,1486986957,0.00,0.00,0.00,0.00,0.30,17.60
S153,1486987256,0.00,0.00,0.00,0.00,0.30,17.60
S153,1486987555,0.00,0.00,0.00,0.00,0.30,17.50
S153,1486987854,0.00,0.00,0.00,0.00,0.30,17.60
S153,1486988153,0.00,0.00,0.00,0.00,0.30,17.50
S153,1486988453,0.00,0.00,0.00,0.00,0.30,17.60
S153,1486988752,0.00,0.00,0.00,0.00,0.30,17.60
S153,1486989051,0.00,0.00,0.00,0.00,0.30,17.60
S153,1486989350,0.00,0.00,0.00,0.00,0.30,17.60
S153,1486989649,0.00,0.00,0.00,0.00,0.30,17.60
S153,1486989948,0.00,0.00,0.00,0.00,0.30,17.60
S153,1486990247,0.00,0.00,0.00,0.00,0.30,17.60
S153,1486990546,0.00,0.00,0.00,0.00,0.30,17.60
S153,1486990845,0.00,0.00,0.00,0.00,0.30,17.60
S153,1486991144,0.00,0.00,0.00,0.00,0.30,17.60
S153,1486991443,0.00,0.00,0.00,0.00,0.30,17.60
S153,1486991742,0.00,0.00,0.00,0.00,0.30,17.60
S153,1486992041,0.00,0.00,0.00,0.00,0.30,17.60
S153,1486992340,0.00,0.00,0.00,0.00,0.30,17.60
S153,1486992639,0.00,0.00,0.00,0.00,0.30,17.60
S153,1486992938,0.00,0.00,0.00,0.00,0.30,17.60
S153,1486993237,0.00,0.00,0.00,0.00,0.30,17.60
S153,1486993536,0.00,0.00,0.00,0.00,0.30,17.60
S153,1486993835,0.00,0.00,0.00,0.00,0.30,17.60
S153,1486994134,0.00,0.00,0.00,0.00,0.30,17.50
S153,1486994433,0.00,0.00,0.00,0.00,0.30,17.60
S153,1486994732,0.00,0.00,0.00,0.00,0.30,17.50
S153,1486995031,0.00,0.00,0.00,0.00,0.30,17.50
S153,1486995330,0.00,0.00,0.00,0.00,0.30,17.60
S153,1486995629,0.00,0.00,0.00,0.00,0.30,17.60
S153,1486995928,0.00,0.00,0.00,0.00,0.30,17.50
S153,1486996227,0.00,0.00,0.00,0.00,0.30,17.60
S153,1486996526,0.00,0.00,0.00,0.00,0.30,17.60
S153,1486996825,0.00,0.00,0.00,0.00,0.30,17.60
S153,1486997124,0.00,0.00,0.00,0.00,0.30,17.60
S153,1486997423,0.00,0.00,0.00,0.00,0.30,17.60
S153,1486997722,0.00,0.00,0.00,0.00,0.30,17.60
S153,1486998021,0.00,0.00,0.00,0.00,0.30,17.50
S153,1486998320,0.00,0.00,0.00,0.00,0.30,17.60
S153,1486998619,0.00,0.00,0.00,0.00,0.30,17.60
S153,1486998918,0.00,0.00,0.00,0.00,0.30,17.60
S153,1486999217,0.00,0.00,0.00,0.00,0.30,17.60
S153,1486999516,0.00,0.00,0.00,0.00,0.30,17.60
S153,1486999815,0.00,0.00,0.00,0.00,0.30,17.60
S153,1487000114,0.00,0.00,0.00,0.00,0.30,17.60
S153,1487000413,0.00,0.00,0.00,0.00,0.30,17.60
S153,1487000712,0.00,0.00,0.00,0.00,0.30,17.60
S153,1487001011,0.00,0.00,0.00,0.00,0.30,17.60
S153,1487001310,0.00,0.00,0.00,0.00,0.30,17.60
S153,1487001609,0.00,0.00,0.00,0.00,0.30,17.60
S153,1487001908,0.00,0.00,0.00,0.00,0.30,17.60
S153,1487002207,0.00,0.00,0.00,0.00,0.30,17.60
S153,1487002506,0.00,0.00,0.00,0.00,0.30,17.60
S153,1487002805,0.00,0.00,0.00,0.00,0.30,17.60
S153,1487003104,0.00,0.00,0.00,0.00,0.30,17.60
S153,1487003403,0.00,0.00,0.00,0.00,0.30,17.60
S153,1487003702,0.00,0.00,0.00,0.00,0.30,17.60
S153,1487004001,0.00,0.00,0.00,0.00,0.30,17.60
S153,1487004300,0.00,0.00,0.00,0.00,0.30,17.50
S153,1487004599,0.00,0.00,0.00,0.00,0.30,17.60
S153,1487004898,0.00,0.00,0.00,0.00,0.30,17.60
S153,1487005197,0.00,0.00,0.00,0.00,0.30,17.60
S153,1487005496,0.00,0.00,0.00,0.00,0.30,17.60
S153,1487005795,0.00,0.00,0.00,0.00,0.30,17.60
S153,1487006094,0.00,0.00,0.00,0.00,0.30,17.50
S153,1487006393,0.00,0.00,0.00,0.00,0.30,17.60
S153,1487006692,0.00,0.00,0.00,0.00,0.30,17.50
S153,1487006991,0.00,0.00,0.00,0.00,0.30,17.60
S153,1487007290,0.00,0.00,0.00,0.00,0.30,17.60
S153,1487007589,0.00,0.00,0.00,0.00,0.30,17.50
S153,1487007888,0.00,0.00,0.00,0.00,0.30,17.60
S153,1487008187,0.00,0.00,0.00,0.00,0.30,17.60
S153,1487008486,0.00,0.00,0.00,0.00,0.30,17.60
S153,1487008785,0.00,0.00,0.00,0.00,0.30,17.60
S153,1487009084,0.00,0.00,0.00,0.00,0.30,17.60
S153,1487009383,0.00,0.00,0.00,0.00,0.30,17.60
S153,1487009682,0.00,0.00,0.00,0.00,0.30,17.60
S153,1487009981,0.00,0.00,0.00,0.00,0.30,17.60
S153,1487010280,0.00,0.00,0.00,0.00,0.30,17.60
S153,1487010579,0.00,0.00,0.00,0.00,0.30,17.60
S153,1487010878,0.00,0.00,0.00,0.00,0.30,17.60
S153,1487011177,0.00,0.00,0.00,0.00,0.30,17.60
S153,1487011476,0.00,0.00,0.00,0.00,0.30,17.60
S153,1487011775,0.00,0.00,0.00,0.00,0.30,17.60
S153,1487012074,0.00,0.00,0.00,0.00,0.30,17.60
S153,1487012373,0.00,0.00,0.00,0.00,0.30,17.60
S153,1487012672,0.00,0.00,0.00,0.00,0.30,17.60
S153,1487012971,0.00,0.00,0.00,0.00,0.30,17.60
S153,1487013270,0.00,0.00,0.00,0.00,0.30,17.60
S153,1487013569,0.00,0.00,0.00,0.00,0.30,17.60
S153,1487013868,0.00,0.00,0.00,0.00,0.30,17.60
S153,1487014167,0.00,0.00,0.00,0.00,0.30,17.60
S153,1487014466,0.00,0.00,0.00,0.00,0.30,17.60
S153,1487014765,0.00,0.00,0.00,0.00,0.30,17.60
S153,1487015064,0.00,0.00,0.00,0.00,0.30,17.60
S153,1487015363,0.00,0.00,0.00,0.00,0.30,17.60
S153,1487015662,0.00,0.00,0.00,0.00,0.30,17.60
S153,1487015961,0.00,0.00,0.00,0.00,0.30,17.60
S153,1487016260,0.00,0.00,0.00,0.00,0.30,17.60
S153,1487016559,0.00,0.00,0.00,0.00,0.30,17.60
S153,1487016858,0.00,0.00,0.00,0.00,0.30,17.60
S153,1487017157,0.00,0.00,0.00,0.00,0.30,17.60
S153,1487017456,0.00,0.00,0.00,0.00,0.30,17.60
S153,1487017755,0.00,0.00,0.00,0.00,0.30,17.60
S153,1487018054,0.00,0.00,0.00,0.00,0.30,17.60
S153,1487018353,0.00,0.00,0.00,0.00,0.30,17.60
S153,1487018652,0.00,0.00,0.00,0.00,0.30,17.60
S153,1487018951,0.00,0.00,0.00,0.00,0.30,17.60
S153,1487019250,0.00,0.00,0.00,0.00,0.30,17.60
S153,1487019549,0.00,0.00,0.00,0.00,0.30,17.60
S153,1487019848,0.00,0.00,0.00,0.00,0.30,17.60
S153,1487020147,0.00,0.00,0.00,0.00,0.30,17.60
S153,1487020446,0.00,0.00,0.00,0.00,0.30,17.60
S153,1487020745,0.00,0.00,0.00,0.00,0.30,17.50
S153,1487021044,0.00,0.00,0.00,0.00,0.30,17.60
S153,1487021343,0.00,0.00,0.00,0.00,0.30,17.60
S153,1487021642,0.00,0.00,0.00,0.00,0.30,17.50
S153,1487021941,0.00,0.00,0.00,0.00,0.30,17.50
S153,1487022240,0.00,0.00,0.00,0.00,0.30,17.60
S153,1487022539,0.00,0.00,0.00,0.00,0.30,17.60
S153,1487022838,0.00,0.00,0.00,0.00,0.30,17.60
S153,1487023137,0.00,0.00,0.00,0.00,0.30,17.50
S153,1487023436,0.00,0.00,0.00,0.00,0.30,17.50
S153,1487023735,0.00,0.00,0.00,0.00,0.30,17.60
S153,1487024034,0.00,0.00,0.00,0.00,0.30,17.50
S153,1487024333,0.00,0.00,0.00,0.00,0.30,17.50
S153,1487024632,0.00,0.00,0.00,0.00,0.30,17.50
S153,1487024931,0.00,0.00,0.00,0.00,0.30,17.50
S153,1487025230,0.00,0.00,0.00,0.00,0.30,17.50
S153,1487025529,0.00,0.00,0.00,0.00,0.30,17.60
S153,1487025828,0.00,0.00,0.00,0.00,0.30,17.50
S153,1487026127,0.00,0.00,0.00,0.00,0.30,17.50
S153,1487026426,0.00,0.00,0.00,0.00,0.30,17.50
S153,1487026726,0.00,0.00,0.00,0.00,0.30,17.50
S153,1487027025,0.00,0.00,0.00,0.00,0.30,17.50
S153,1487027324,0.00,0.00,0.00,0.00,0.30,17.50
S153,1487027623,0.00,0.00,0.00,0.00,0.30,17.50
S153,1487027922,0.00,0.00,0.00,0.00,0.30,17.60
S153,1487028221,0.00,0.00,0.00,0.00,0.30,17.50
S153,1487028520,0.00,0.00,0.00,0.00,0.30,17.60
S153,1487028819,0.00,0.00,0.00,0.00,0.30,17.50
S153,1487029118,0.00,0.00,0.00,0.00,0.30,17.60
S153,1487029417,0.00,0.00,0.00,0.00,0.30,17.50
S153,1487029716,0.00,0.00,0.00,0.00,0.30,17.50
S153,1487030015,0.00,0.00,0.00,0.00,0.30,17.50
S153,1487030314,0.00,0.00,0.00,0.00,0.30,17.50
S153,1487030613,0.00,0.00,0.00,0.00,0.30,17.60
S153,1487030912,0.00,0.00,0.00,0.00,0.30,17.60
S153,1487031211,0.00,0.00,0.00,0.00,0.30,17.50
S153,1487031510,0.00,0.00,0.00,0.00,0.30,17.60
S153,1487031809,0.00,0.00,0.00,0.00,0.30,17.60
S153,1487032108,0.00,0.00,0.00,0.00,0.30,17.50
S153,1487032407,0.00,0.00,0.00,0.00,0.30,17.50
S153,1487032706,0.00,0.00,0.00,0.00,0.30,17.50
S153,1487033005,0.00,0.00,0.00,0.00,0.30,17.50
S153,1487033304,0.00,0.00,0.00,0.00,0.30,17.60
S153,1487033603,0.00,0.00,0.00,0.00,0.30,17.50
S153,1487033902,0.00,0.00,0.00,0.00,0.30,17.50
S153,1487034201,0.00,0.00,0.00,0.00,0.30,17.50
S153,1487034500,0.00,0.00,0.00,0.00,0.30,17.50
S153,1487034799,0.00,0.00,0.00,0.00,0.30,17.60
S153,1487035098,0.00,0.00,0.00,0.00,0.30,17.50
S153,1487035397,0.00,0.00,0.00,0.00,0.30,17.60
S153,1487035696,0.00,0.00,0.00,0.00,0.30,17.50
S153,1487035995,0.00,0.00,0.00,0.00,0.30,17.50
S153,1487036294,0.00,0.00,0.00,0.00,0.30,17.50
S153,1487036593,0.00,0.00,0.00,0.00,0.30,17.60
S153,1487036892,0.00,0.00,0.00,0.00,0.30,17.60
S153,1487037191,0.00,0.00,0.00,0.00,0.30,17.60
S153,1487037490,0.00,0.00,0.00,0.00,0.30,17.60
S153,1487037789,0.00,0.00,0.00,0.00,0.30,17.50
S153,1487038088,0.00,0.00,0.00,0.00,0.30,17.60
S153,1487038387,0.00,0.00,0.00,0.00,0.30,17.60
S153,1487038686,0.00,0.00,0.00,0.00,0.30,17.60
S153,1487038985,0.00,0.00,0.00,0.00,0.30,17.60
S153,1487039284,0.00,0.00,0.00,0.00,0.30,17.50
S153,1487039583,0.00,0.00,0.00,0.00,0.30,17.50
S153,1487039882,0.00,0.00,0.00,0.00,0.30,17.60
S153,1487040181,0.00,0.00,0.00,0.00,0.30,17.60
S153,1487040480,0.00,0.00,0.00,0.00,0.30,17.50
S153,1487040779,0.00,0.00,0.00,0.00,0.30,17.50
S153,1487041078,0.00,0.00,0.00,0.00,0.30,17.60
S153,1487041377,0.00,0.00,0.00,0.00,0.30,17.60
S153,1487041676,0.00,0.00,0.00,0.00,0.30,17.60
S153,1487041975,0.00,0.00,0.00,0.00,0.30,17.60
S153,1487042274,0.00,0.00,0.00,0.00,0.30,17.60
S153,1487042573,0.00,0.00,0.00,0.00,0.30,17.50
S153,1487042872,0.00,0.00,0.00,0.00,0.30,17.60
S153,1487043171,0.00,0.00,0.00,0.00,0.30,17.50
S153,1487043470,0.00,0.00,0.00,0.00,0.30,17.60
S153,1487043769,0.00,0.00,0.00,0.00,0.30,17.60
S153,1487044068,0.00,0.00,0.00,0.00,0.30,17.60
S153,1487044367,0.00,0.00,0.00,0.00,0.30,17.60
S153,1487044666,0.00,0.00,0.00,0.00,0.30,17.60
S153,1487044965,0.00,0.00,0.00,0.00,0.30,17.60
S153,1487045264,0.00,0.00,0.00,0.00,0.30,17.60
S153,1487045563,0.00,0.00,0.00,0.00,0.30,17.60
S153,1487045862,0.00,0.00,0.00,0.00,0.30,17.60
S153,1487046161,0.00,0.00,0.00,0.00,0.30,17.50
S153,1487046460,0.00,0.00,0.00,0.00,0.30,17.60
S153,1487046759,0.00,0.00,0.00,0.00,0.30,17.60
S153,1487047058,0.00,0.00,0.00,0.00,0.30,17.60
S153,1487047357,0.00,0.00,0.00,0.00,0.30,17.60
S153,1487047656,0.00,0.00,0.00,0.00,0.30,17.50
S153,1487047955,0.00,0.00,0.00,0.00,0.30,17.60
S153,1487048254,0.00,0.00,0.00,0.00,0.30,17.60
S153,1487048553,0.00,0.00,0.00,0.00,0.30,17.60
S153,1487048852,0.00,0.00,0.00,0.00,0.30,17.60
S153,1487049151,0.00,0.00,0.00,0.00,0.30,17.60
S153,1487049450,0.00,0.00,0.00,0.00,0.30,17.60
S153,1487049749,0.00,0.00,0.00,0.00,0.30,17.60
S153,1487050048,0.00,0.00,0.00,0.00,0.30,17.50
S153,1487050347,0.00,0.00,0.00,0.00,0.30,17.60
S153,1487050646,0.00,0.00,0.00,0.00,0.30,17.50
S153,1487050945,0.00,0.00,0.00,0.00,0.30,17.60
S153,1487051244,0.00,0.00,0.00,0.00,0.30,17.60
S153,1487051543,0.00,0.00,0.00,0.00,0.30,17.60
S153,1487051842,0.00,0.00,0.00,0.00,0.30,17.50
S153,1487052141,0.00,0.00,0.00,0.00,0.30,17.50
S153,1487052440,0.00,0.00,0.00,0.00,0.30,17.60
S153,1487052739,0.00,0.00,0.00,0.00,0.30,17.60
S153,1487053038,0.00,0.00,0.00,0.00,0.30,17.60
S153,1487053337,0.00,0.00,0.00,0.00,0.30,17.50
S153,1487053636,0.00,0.00,0.00,0.00,0.30,17.50
S153,1487053935,0.00,0.00,0.00,0.00,0.30,17.60
S153,1487054234,0.00,0.00,0.00,0.00,0.30,17.50
S153,1487054533,0.00,0.00,0.00,0.00,0.30,17.50
S153,1487054832,0.00,0.00,0.00,0.00,0.30,17.50
S153,1487055131,0.00,0.00,0.00,0.00,0.30,17.50
S153,1487055430,0.00,0.00,0.00,0.00,0.30,17.50
S153,1487055729,0.00,0.00,0.00,0.00,0.30,17.50
S153,1487056028,0.00,0.00,0.00,0.00,0.30,17.50
S153,1487056327,0.00,0.00,0.00,0.00,0.30,17.50
S153,1487056626,0.00,0.00,0.00,0.00,0.30,17.60
S153,1487056925,0.00,0.00,0.00,0.00,0.30,17.50
S153,1487057224,0.00,0.00,0.00,0.00,0.30,17.50
S153,1487057523,0.00,0.00,0.00,0.00,0.30,17.60
S153,1487057822,0.00,0.00,0.00,0.00,0.30,17.50
S153,1487058121,0.00,0.00,0.00,0.00,0.30,17.50
S153,1487058420,0.00,0.00,0.00,0.00,0.30,17.50
S153,1487058719,0.00,0.00,0.00,0.00,0.30,17.50
S153,1487059018,0.00,0.00,0.00,0.00,0.30,17.50
S153,1487059317,0.00,0.00,0.00,0.00,0.30,17.50
S153,1487059616,0.00,0.00,0.00,0.00,0.30,17.50
S153,1487059915,0.00,0.00,0.00,0.00,0.30,17.50
S153,1487060214,0.00,0.00,0.00,0.00,0.30,17.50
S153,1487060513,0.00,0.00,0.00,0.00,0.30,17.60
S153,1487060812,0.00,0.00,0.00,0.00,0.30,17.50
S153,1487061111,0.00,0.00,0.00,0.00,0.30,17.50
S153,1487061410,0.00,0.00,0.00,0.00,0.30,17.60
S153,1487061709,0.00,0.00,0.00,0.00,0.30,17.50
S153,1487062008,0.00,0.00,0.00,0.00,0.30,17.50
S153,1487062307,0.00,0.00,0.00,0.00,0.30,17.50
S153,1487062606,0.00,0.00,0.00,0.00,0.30,17.50
S153,1487062905,0.00,0.00,0.00,0.00,0.30,17.50
S153,1487063204,0.00,0.00,0.00,0.00,0.30,17.50
S153,1487063503,0.00,0.00,0.00,0.00,0.30,17.60
S153,1487063802,0.00,0.00,0.00,0.00,0.30,17.60
S153,1487064101,0.00,0.00,0.00,0.00,0.30,17.50
S153,1487064400,0.00,0.00,0.00,0.00,0.30,17.60
S153,1487064699,0.00,0.00,0.00,0.00,0.30,17.60
S153,1487064999,0.00,0.00,0.00,0.00,0.30,17.60
S153,1487065298,0.00,0.00,0.00,0.00,0.30,17.60
S153,1487065597,0.00,0.00,0.00,0.00,0.30,17.50
S153,1487065896,0.00,0.00,0.00,0.00,0.30,17.60
S153,1487066195,0.00,0.00,0.00,0.00,0.30,17.60
S153,1487066494,0.00,0.00,0.00,0.00,0.30,17.50
S153,1487066793,0.00,0.00,0.00,0.00,0.30,17.60
S153,1487067092,0.00,0.00,0.00,0.00,0.30,17.50
S153,1487067391,0.00,0.00,0.00,0.00,0.30,17.60
S153,1487067690,0.00,0.00,0.00,0.00,0.30,17.60
S153,1487067989,0.00,0.00,0.00,0.00,0.30,17.60
S153,1487068288,0.00,0.00,0.00,0.00,0.30,17.60
S153,1487068587,0.00,0.00,0.00,0.00,0.30,17.60
S153,1487068886,0.00,0.00,0.00,0.00,0.30,17.50
S153,1487069185,0.00,0.00,0.00,0.00,0.30,17.50
S153,1487069484,0.00,0.00,0.00,0.00,0.30,17.60
S153,1487069783,0.00,0.00,0.00,0.00,0.30,17.60
S153,1487070082,0.00,0.00,0.00,0.00,0.30,17.60
S153,1487070381,0.00,0.00,0.00,0.00,0.30,17.50
S153,1487070680,0.00,0.00,0.00,0.00,0.30,17.50
S153,1487070979,0.00,0.00,0.00,0.00,0.30,17.50
S153,1487071278,0.00,0.00,0.00,0.00,0.30,17.60
S153,1487071577,0.00,0.00,0.00,0.00,0.30,17.60
S153,1487071876,0.00,0.00,0.00,0.00,0.30,17.50
S153,1487072175,0.00,0.00,0.00,0.00,0.30,17.50
S153,1487072474,0.00,0.00,0.00,0.00,0.30,17.60
S153,1487072773,0.00,0.00,0.00,0.00,0.30,17.60
S153,1487073072,0.00,0.00,0.00,0.00,0.30,17.60
S153,1487073371,0.00,0.00,0.00,0.00,0.30,17.60
S153,1487073670,0.00,0.00,0.00,0.00,0.30,17.50
S153,1487073969,0.00,0.00,0.00,0.00,0.30,17.50
S153,1487074268,0.00,0.00,0.00,0.00,0.30,17.50
S153,1487074567,0.00,0.00,0.00,0.00,0.30,17.50
S153,1487074866,0.00,0.00,0.00,0.00,0.30,17.60
S153,1487075165,0.00,0.00,0.00,0.00,0.30,17.60
S153,1487075464,0.00,0.00,0.00,0.00,0.30,17.60
S153,1487075763,0.00,0.00,0.00,0.00,0.30,17.60
S153,1487076062,0.00,0.00,0.00,0.00,0.30,17.60
S153,1487076361,0.00,0.00,0.00,0.00,0.30,17.50
S153,1487076660,0.00,0.00,0.00,0.00,0.30,17.50
S153,1487076959,0.00,0.00,0.00,0.00,0.30,17.50
S153,1487077258,0.00,0.00,0.00,0.00,0.30,17.60
S153,1487077557,0.00,0.00,0.00,0.00,0.30,17.60
S153,1487077856,0.00,0.00,0.00,0.00,0.30,17.60
S153,1487078155,0.00,0.00,0.00,0.00,0.30,17.60
S153,1487078454,0.00,0.00,0.00,0.00,0.30,17.60
S153,1487078753,0.00,0.00,0.00,0.00,0.30,17.60
S153,1487079052,0.00,0.00,0.00,0.00,0.30,17.50
S153,1487079351,0.00,0.00,0.00,0.00,0.30,17.60
S153,1487079650,0.00,0.00,0.00,0.00,0.30,17.60
S153,1487079949,0.00,0.00,0.00,0.00,0.30,17.60
S153,1487080248,0.00,0.00,0.00,0.00,0.30,17.60
S153,1487080547,0.00,0.00,0.00,0.00,0.30,17.60
S153,1487080846,0.00,0.00,0.00,0.00,0.30,17.50
S153,1487081145,0.00,0.00,0.00,0.00,0.30,17.60
S153,1487081444,0.00,0.00,0.00,0.00,0.30,17.50
S153,1487081743,0.00,0.00,0.00,0.00,0.30,17.60
S153,1487082042,0.00,0.00,0.00,0.00,0.30,17.60
S153,1487082341,0.00,0.00,0.00,0.00,0.30,17.60
S153,1487082640,0.00,0.00,0.00,0.00,0.30,17.60
S153,1487082939,0.00,0.00,0.00,0.00,0.30,17.60
S153,1487083238,0.00,0.00,0.00,0.00,0.30,17.60
S153,1487083537,0.00,0.00,0.00,0.00,0.30,17.60
S153,1487083836,0.00,0.00,0.00,0.00,0.30,17.60
S153,1487084135,0.00,0.00,0.00,0.00,0.30,17.60
S153,1487084434,0.00,0.00,0.00,0.00,0.30,17.50
S153,1487084733,0.00,0.00,0.00,0.00,0.30,17.60
S153,1487085032,0.00,0.00,0.00,0.00,0.30,17.60
S153,1487085331,0.00,0.00,0.00,0.00,0.30,17.60
S153,1487085630,0.00,0.00,0.00,0.00,0.30,17.60
S153,1487085929,0.00,0.00,0.00,0.00,0.30,17.60
S153,1487086228,0.00,0.00,0.00,0.00,0.30,17.60
S153,1487086527,0.00,0.00,0.00,0.00,0.30,17.60
S153,1487086826,0.00,0.00,0.00,0.00,0.30,17.60
S153,1487087125,0.00,0.00,0.00,0.00,0.30,17.60
S153,1487087424,0.00,0.00,0.00,0.00,0.30,17.60
S153,1487087723,0.00,0.00,0.00,0.00,0.30,17.60
S153,1487088022,0.00,0.00,0.00,0.00,0.30,17.60
S153,1487088321,0.00,0.00,0.00,0.00,0.30,17.60
S153,1487088620,0.00,0.00,0.00,0.00,0.30,17.50
S153,1487088919,0.00,0.00,0.00,0.00,0.30,17.60
S153,1487089218,0.00,0.00,0.00,0.00,0.30,17.60
S153,1487089517,0.00,0.00,0.00,0.00,0.30,17.50
S153,1487089816,0.00,0.00,0.00,0.00,0.30,17.50
S153,1487090115,0.00,0.00,0.00,0.00,0.30,17.60
S153,1487090414,0.00,0.00,0.00,0.00,0.30,17.60
S153,1487090713,0.00,0.00,0.00,0.00,0.30,17.60
S153,1487091012,0.00,0.00,0.00,0.00,0.30,17.60
S153,1487091311,0.00,0.00,0.00,0.00,0.30,17.60
S153,1487091610,0.00,0.00,0.00,0.00,0.30,17.60
S153,1487091909,0.00,0.00,0.00,0.00,0.30,17.60
S153,1487092208,0.00,0.00,0.00,0.00,0.30,17.60
S153,1487092507,0.00,0.00,0.00,0.00,0.30,17.60
S153,1487092806,0.00,0.00,0.00,0.00,0.30,17.60
S153,1487093105,0.00,0.00,0.00,0.00,0.30,17.60
S153,1487093404,0.00,0.00,0.00,0.00,0.30,17.50
S153,1487093703,0.00,0.00,0.00,0.00,0.30,17.60
S153,1487094002,0.00,0.00,0.00,0.00,0.30,17.60
S153,1487094301,0.00,0.00,0.00,0.00,0.30,17.60
S153,1487094600,0.00,0.00,0.00,0.00,0.30,17.50
S153,1487094899,0.00,0.00,0.00,0.00,0.30,17.60
S153,1487095198,0.00,0.00,0.00,0.00,0.30,17.60
S153,1487095497,0.00,0.00,0.00,0.00,0.30,17.60
S153,1487095796,0.00,0.00,0.00,0.00,0.30,17.60
S153,1487096095,0.00,0.00,0.00,0.00,0.30,17.60
S153,1487096394,0.00,0.00,0.00,0.00,0.30,17.60
S153,1487096693,0.00,0.00,0.00,0.00,0.30,17.60
S153,1487096992,0.00,0.00,0.00,0.00,0.30,17.60
S153,1487097291,0.00,0.00,0.00,0.00,0.30,17.50
S153,1487097590,0.00,0.00,0.00,0.00,0.30,17.60
S153,1487097889,0.00,0.00,0.00,0.00,0.30,17.60
S153,1487098188,0.00,0.00,0.00,0.00,0.30,17.60
S153,1487098487,0.00,0.00,0.00,0.00,0.30,17.60
S153,1487098786,0.00,0.00,0.00,0.00,0.30,17.60
S153,1487099085,0.00,0.00,0.00,0.00,0.30,17.60
S153,1487099384,0.00,0.00,0.00,0.00,0.30,17.60
S153,1487099683,0.00,0.00,0.00,0.00,0.30,17.60
S153,1487099982,0.00,0.00,0.00,0.00,0.30,17.60
S153,1487100281,0.00,0.00,0.00,0.00,0.30,17.50
S153,1487100580,0.00,0.00,0.00,0.00,0.30,17.60
S153,1487100879,0.00,0.00,0.00,0.00,0.30,17.60
S153,1487101178,0.00,0.00,0.00,0.00,0.30,17.50
S153,1487101477,0.00,0.00,0.00,0.00,0.30,17.60
S153,1487101776,0.00,0.00,0.00,0.00,0.30,17.60
S153,1487102075,0.00,0.00,0.00,0.00,0.30,17.60
S153,1487102374,0.00,0.00,0.00,0.00,0.30,17.50
S153,1487102673,0.00,0.00,0.00,0.00,0.30,17.50
S153,1487102972,0.00,0.00,0.00,0.00,0.30,17.60
S153,1487103272,0.00,0.00,0.00,0.00,0.30,17.60
S153,1487103571,0.00,0.00,0.00,0.00,0.30,17.50
S153,1487103870,0.00,0.00,0.00,0.00,0.30,17.60
S153,1487104169,0.00,0.00,0.00,0.00,0.30,17.50
S153,1487104468,0.00,0.00,0.00,0.00,0.30,17.60
S153,1487104767,0.00,0.00,0.00,0.00,0.30,17.60
S153,1487105066,0.00,0.00,0.00,0.00,0.30,17.60
S153,1487105365,0.00,0.00,0.00,0.00,0.30,17.60
S153,1487105664,0.00,0.00,0.00,0.00,0.30,17.50
S153,1487105963,0.00,0.00,0.00,0.00,0.30,17.60
S153,1487106262,0.00,0.00,0.00,0.00,0.30,17.50
S153,1487106561,0.00,0.00,0.00,0.00,0.30,17.60
S153,1487106860,0.00,0.00,0.00,0.00,0.30,17.50
S153,1487107159,0.00,0.00,0.00,0.00,0.30,17.50
S153,1487107458,0.00,0.00,0.00,0.00,0.30,17.60
S153,1487107757,0.00,0.00,0.00,0.00,0.30,17.50
S153,1487108056,0.00,0.00,0.00,0.00,0.30,17.60
S153,1487108355,0.00,0.00,0.00,0.00,0.30,17.60
S153,1487108654,0.00,0.00,0.00,0.00,0.30,17.50
S153,1487108953,0.00,0.00,0.00,0.00,0.30,17.60
S153,1487109252,0.00,0.00,0.00,0.00,0.30,17.50
S153,1487109551,0.00,0.00,0.00,0.00,0.30,17.60
S153,1487109850,0.00,0.00,0.00,0.00,0.30,17.50
S153,1487110149,0.00,0.00,0.00,0.00,0.30,17.50
S153,1487110448,0.00,0.00,0.00,0.00,0.30,17.50
S153,1487110747,0.00,0.00,0.00,0.00,0.30,17.50
S153,1487111046,0.00,0.00,0.00,0.00,0.30,17.50
S153,1487111345,0.00,0.00,0.00,0.00,0.30,17.50
S153,1487111644,0.00,0.00,0.00,0.00,0.30,17.50
S153,1487112456,0.00,0.00,0.00,0.00,0.30,17.50
S153,1487112543,0.00,0.00,0.00,0.00,0.30,17.50
S153,1487112842,0.00,0.00,0.00,0.00,0.30,17.50
S153,1487113141,0.00,0.00,0.00,0.00,0.30,17.50
S153,1487113440,0.00,0.00,0.00,0.00,0.30,17.50
S153,1487113739,0.00,0.00,0.00,0.00,0.30,17.50
S153,1487114038,0.00,0.00,0.00,0.00,0.30,17.50
S153,1487114337,0.00,0.00,0.00,0.00,0.30,17.60
S153,1487114636,0.00,0.00,0.00,0.00,0.30,17.50
S153,1487114935,0.00,0.00,0.00,0.00,0.30,17.60
S153,1487115234,0.00,0.00,0.00,0.00,0.30,17.60
S153,1487115533,0.00,0.00,0.00,0.00,0.30,17.60
S153,1487115832,0.00,0.00,0.00,0.00,0.30,17.60
S153,1487116131,0.00,0.00,0.00,0.00,0.30,17.60
S153,1487116430,0.00,0.00,0.00,0.00,0.30,17.60
S153,1487116729,0.00,0.00,0.00,0.00,0.30,17.50
S153,1487117028,0.00,0.00,0.00,0.00,0.30,17.50
S153,1487117327,0.00,0.00,0.00,0.00,0.30,17.60
S153,1487117626,0.00,0.00,0.00,0.00,0.30,17.50
S153,1487117925,0.00,0.00,0.00,0.00,0.30,17.60
S153,1487118224,0.00,0.00,0.00,0.00,0.30,17.50
S153,1487118523,0.00,0.00,0.00,0.00,0.30,17.50
S153,1487118822,0.00,0.00,0.00,0.00,0.30,17.50
S153,1487119121,0.00,0.00,0.00,0.00,0.30,17.60
S153,1487119420,0.00,0.00,0.00,0.00,0.30,17.50
S153,1487119719,0.00,0.00,0.00,0.00,0.30,17.50
S153,1487120018,0.00,0.00,0.00,0.00,0.30,17.50
S153,1487120317,0.00,0.00,0.00,0.00,0.30,17.60
S153,1487120616,0.00,0.00,0.00,0.00,0.30,17.60
S153,1487120915,0.00,0.00,0.00,0.00,0.30,17.50
S153,1487121214,0.00,0.00,0.00,0.00,0.30,17.60
S153,1487121513,0.00,0.00,0.00,0.00,0.30,17.50
S153,1487121812,0.00,0.00,0.00,0.00,0.30,17.60
S153,1487122111,0.00,0.00,0.00,0.00,0.30,17.50
S153,1487122410,0.00,0.00,0.00,0.00,0.30,17.60
S153,1487122709,0.00,0.00,0.00,0.00,0.30,17.50
S153,1487123008,0.00,0.00,0.00,0.00,0.30,17.50
S153,1487123307,0.00,0.00,0.00,0.00,0.30,17.50
S153,1487123606,0.00,0.00,0.00,0.00,0.30,17.60
S153,1487123905,0.00,0.00,0.00,0.00,0.30,17.60
S153,1487124204,0.00,0.00,0.00,0.00,0.30,17.60
S153,1487124503,0.00,0.00,0.00,0.00,0.30,17.60
S153,1487124802,0.00,0.00,0.00,0.00,0.30,17.50
S153,1487125101,0.00,0.00,0.00,0.00,0.30,17.60
S153,1487125400,0.00,0.00,0.00,0.00,0.30,17.60
S153,1487125699,0.00,0.00,0.00,0.00,0.30,17.60
S153,1487125998,0.00,0.00,0.00,0.00,0.30,17.60
S153,1487126297,0.00,0.00,0.00,0.00,0.30,17.60
S153,1487126596,0.00,0.00,0.00,0.00,0.30,17.60
S153,1487126895,0.00,0.00,0.00,0.00,0.30,17.60
S153,1487127194,0.00,0.00,0.00,0.00,0.30,17.60
S153,1487127493,0.00,0.00,0.00,0.00,0.30,17.60
S153,1487127792,0.00,0.00,0.00,0.00,0.30,17.60
S153,1487128091,0.00,0.00,0.00,0.00,0.30,17.60
S153,1487128390,0.00,0.00,0.00,0.00,0.30,17.60
S153,1487128689,0.00,0.00,0.00,0.00,0.30,17.60
S153,1487128988,0.00,0.00,0.00,0.00,0.30,17.60
S153,1487129287,0.00,0.00,0.00,0.00,0.30,17.60
S153,1487129586,0.00,0.00,0.00,0.00,0.30,17.60
S153,1487129885,0.00,0.00,0.00,0.00,0.30,17.50
S153,1487130184,0.00,0.00,0.00,0.00,0.30,17.60
S153,1487130483,0.00,0.00,0.00,0.00,0.30,17.60
S153,1487130782,0.00,0.00,0.00,0.00,0.30,17.50
S153,1487131081,0.00,0.00,0.00,0.00,0.30,17.60
S153,1487131380,0.00,0.00,0.00,0.00,0.30,17.60
S153,1487131679,0.00,0.00,0.00,0.00,0.30,17.50
S153,1487131978,0.00,0.00,0.00,0.00,0.30,17.60
S153,1487132277,0.00,0.00,0.00,0.00,0.30,17.60
S153,1487132576,0.00,0.00,0.00,0.00,0.30,17.60
S153,1487132875,0.00,0.00,0.00,0.00,0.30,17.60
S153,1487133174,0.00,0.00,0.00,0.00,0.30,17.50
S153,1487133473,0.00,0.00,0.00,0.00,0.30,17.60
S153,1487133772,0.00,0.00,0.00,0.00,0.30,17.60
S153,1487134071,0.00,0.00,0.00,0.00,0.30,17.60
S153,1487134370,0.00,0.00,0.00,0.00,0.30,17.60
S153,1487134669,0.00,0.00,0.00,0.00,0.30,17.60
S153,1487134968,0.00,0.00,0.00,0.00,0.30,17.50
S153,1487135267,0.00,0.00,0.00,0.00,0.30,17.60
S153,1487135566,0.00,0.00,0.00,0.00,0.30,17.60
S153,1487135865,0.00,0.00,0.00,0.00,0.30,17.60
S153,1487136164,0.00,0.00,0.00,0.00,0.30,17.60
S153,1487136463,0.00,0.00,0.00,0.00,0.30,17.60
S153,1487136762,0.00,0.00,0.00,0.00,0.30,17.50
S153,1487137061,0.00,0.00,0.00,0.00,0.30,17.60
S153,1487137360,0.00,0.00,0.00,0.00,0.30,17.60
S153,1487137659,0.00,0.00,0.00,0.00,0.30,17.50
S153,1487137958,0.00,0.00,0.00,0.00,0.30,17.60
S153,1487138257,0.00,0.00,0.00,0.00,0.30,17.60
S153,1487138556,0.00,0.00,0.00,0.00,0.30,17.60
S153,1487138855,0.00,0.00,0.00,0.00,0.30,17.60
S153,1487139154,0.00,0.00,0.00,0.00,0.30,17.60
S153,1487139453,0.00,0.00,0.00,0.00,0.30,17.60
S153,1487139752,0.00,0.00,0.00,0.00,0.30,17.50
S153,1487140051,0.00,0.00,0.00,0.00,0.30,17.60
S153,1487140350,0.00,0.00,0.00,0.00,0.30,17.50
S153,1487140649,0.00,0.00,0.00,0.00,0.30,17.50
S153,1487140948,0.00,0.00,0.00,0.00,0.30,17.60
S153,1487141247,0.00,0.00,0.00,0.00,0.30,17.50
S153,1487141547,0.00,0.00,0.00,0.00,0.30,17.50
S153,1487141846,0.00,0.00,0.00,0.00,0.30,17.60
S153,1487142145,0.00,0.00,0.00,0.00,0.30,17.50
S153,1487142444,0.00,0.00,0.00,0.00,0.30,17.60
S153,1487142743,0.00,0.00,0.00,0.00,0.30,17.60
S153,1487143042,0.00,0.00,0.00,0.00,0.30,17.60
S153,1487143341,0.00,0.00,0.00,0.00,0.30,17.50
S153,1487143640,0.00,0.00,0.00,0.00,0.30,17.50
S153,1487143939,0.00,0.00,0.00,0.00,0.30,17.60
S153,1487144238,0.00,0.00,0.00,0.00,0.30,17.60
S153,1487144537,0.00,0.00,0.00,0.00,0.30,17.50
S153,1487144836,0.00,0.00,0.00,0.00,0.30,17.60
S153,1487145135,0.00,0.00,0.00,0.00,0.30,17.60
S153,1487145434,0.00,0.00,0.00,0.00,0.30,17.50
S153,1487145733,0.00,0.00,0.00,0.00,0.30,17.50
S153,1487146032,0.00,0.00,0.00,0.00,0.30,17.60
S153,1487146331,0.00,0.00,0.00,0.00,0.30,17.50
S153,1487146630,0.00,0.00,0.00,0.00,0.30,17.50
S153,1487146929,0.00,0.00,0.00,0.00,0.30,17.50
S153,1487147228,0.00,0.00,0.00,0.00,0.30,17.50
S153,1487147527,0.00,0.00,0.00,0.00,0.30,17.50
S153,1487147826,0.00,0.00,0.00,0.00,0.30,17.50
S153,1487148125,0.00,0.00,0.00,0.00,0.30,17.50
S153,1487148424,0.00,0.00,0.00,0.00,0.30,17.50
S153,1487148723,0.00,0.00,0.00,0.00,0.30,17.50
S153,1487149022,0.00,0.00,0.00,0.00,0.30,17.50
S153,1487149321,0.00,0.00,0.00,0.00,0.30,17.60
S153,1487149620,0.00,0.00,0.00,0.00,0.30,17.60
S153,1487149919,0.00,0.00,0.00,0.00,0.30,17.50
S153,1487150218,0.00,0.00,0.00,0.00,0.30,17.50
S153,1487150517,0.00,0.00,0.00,0.00,0.30,17.50
S153,1487150816,0.00,0.00,0.00,0.00,0.30,17.60
S153,1487151115,0.00,0.00,0.00,0.00,0.30,17.50
S153,1487151414,0.00,0.00,0.00,0.00,0.30,17.50
S153,1487151713,0.00,0.00,0.00,0.00,0.30,17.60
S153,1487152012,0.00,0.00,0.00,0.00,0.30,17.50
S153,1487152311,0.00,0.00,0.00,0.00,0.30,17.50
S153,1487152610,0.00,0.00,0.00,0.00,0.30,17.60
S153,1487152909,0.00,0.00,0.00,0.00,0.30,17.50
S153,1487153208,0.00,0.00,0.00,0.00,0.30,17.50
S153,1487153507,0.00,0.00,0.00,0.00,0.30,17.50
S153,1487153806,0.00,0.00,0.00,0.00,0.30,17.50
S153,1487154105,0.00,0.00,0.00,0.00,0.30,17.50
S153,1487154404,0.00,0.00,0.00,0.00,0.30,17.50
S153,1487154703,0.00,0.00,0.00,0.00,0.30,17.60
S153,1487155002,0.00,0.00,0.00,0.00,0.30,17.50
S153,1487155301,0.00,0.00,0.00,0.00,0.30,17.60
S153,1487155600,0.00,0.00,0.00,0.00,0.30,17.50
S153,1487155899,0.00,0.00,0.00,0.00,0.30,17.50
S153,1487156198,0.00,0.00,0.00,0.00,0.30,17.50
S153,1487156497,0.00,0.00,0.00,0.00,0.30,17.50
S153,1487156796,0.00,0.00,0.00,0.00,0.30,17.50
S153,1487157095,0.00,0.00,0.00,0.00,0.30,17.50
S153,1487157394,0.00,0.00,0.00,0.00,0.30,17.50
S153,1487157693,0.00,0.00,0.00,0.00,0.30,17.50
S153,1487157992,0.00,0.00,0.00,0.00,0.30,17.50
S153,1487158291,0.00,0.00,0.00,0.00,0.30,17.60
S153,1487158590,0.00,0.00,0.00,0.00,0.30,17.60
S153,1487158889,0.00,0.00,0.00,0.00,0.30,17.60
S153,1487159188,0.00,0.00,0.00,0.00,0.30,17.50
S153,1487159487,0.00,0.00,0.00,0.00,0.30,17.60
S153,1487159786,0.00,0.00,0.00,0.00,0.30,17.60
S153,1487160085,0.00,0.00,0.00,0.00,0.30,17.50
