Device,Time,DHT1-OUT Temp,DHT1-OUT Hum,DHT2-IN Temp,DHT2-IN Hum,Soil,Infrared
S123,1486911899,21.60,11.00,21.40,9.70,0.10,17.40
S123,1486912198,21.60,10.40,21.40,9.80,0.10,17.40
S123,1486912497,21.60,10.70,21.30,9.70,0.10,17.40
S123,1486912796,21.60,13.40,21.30,10.00,0.10,17.40
S123,1486913095,21.60,11.50,21.30,9.70,0.10,17.40
S123,1486913394,21.60,11.70,21.30,9.80,0.10,17.50
S123,1486913693,21.50,11.30,21.30,10.20,0.10,17.40
S123,1486913992,21.60,11.40,21.40,9.90,0.10,17.40
S123,1486914291,21.60,11.50,21.50,10.50,0.10,17.40
S123,1486914590,21.50,11.80,21.50,10.00,0.10,17.40
S123,1486914889,21.50,11.70,21.50,9.70,0.10,17.40
S123,1486915188,21.50,11.50,21.50,9.80,0.10,17.40
S123,1486915487,21.50,11.80,21.40,9.90,0.10,17.40
S123,1486915786,21.50,11.70,21.40,9.90,0.10,17.40
S123,1486916085,21.50,11.60,21.30,9.70,0.10,17.40
S123,1486916385,21.50,11.80,21.30,9.60,0.10,17.40
S123,1486916684,21.50,11.40,21.30,9.50,0.10,17.40
S123,1486916983,21.50,11.40,21.20,9.70,0.10,17.40
S123,1486917282,21.50,11.30,21.30,9.60,0.10,17.40
S123,1486917581,21.50,11.30,21.30,9.60,0.10,17.40
S123,1486917880,21.50,11.60,21.30,9.60,0.10,17.40
S123,1486918180,21.50,11.40,21.30,9.50,0.10,17.40
S123,1486918479,21.40,11.00,21.20,9.40,0.10,17.40
S123,1486918778,21.50,11.30,21.10,9.40,0.10,17.40
S123,1486919078,21.40,11.20,21.10,9.30,0.10,17.50
S123,1486919377,21.40,10.80,21.30,9.20,0.10,17.40
S123,1486919676,21.40,11.10,21.30,9.20,0.10,17.50
S123,1486919976,21.40,11.20,21.30,9.00,0.10,17.40
S123,1486920275,21.40,11.40,21.30,9.30,0.10,17.40
S123,1486920574,21.40,11.10,21.30,9.20,0.10,17.40
S123,1486920873,21.40,11.30,21.20,9.30,0.10,17.40
S123,1486921173,21.40,11.00,21.20,8.90,0.10,17.40
S123,1486921472,21.40,10.60,21.30,9.20,0.10,17.50
S123,1486921771,21.40,10.80,21.40,9.30,0.10,17.40
S123,1486922070,21.40,11.20,21.40,9.10,0.10,17.40
S123,1486922370,21.40,11.30,21.30,9.20,0.10,17.40
S123,1486922669,21.40,11.40,21.30,9.10,0.10,17.40
S123,1486922969,21.40,11.30,21.20,9.10,0.10,17.40
S123,1486923268,21.40,11.30,21.20,9.30,0.10,17.50
S123,1486923567,21.40,10.90,21.30,9.30,0.10,17.40
S123,1486923867,21.40,10.80,21.30,9.30,0.10,17.40
S123,1486924166,21.30,11.10,21.30,9.50,0.10,17.40
S123,1486924465,21.30,11.20,21.30,9.30,0.10,17.40
S123,1486924765,21.30,11.20,21.20,9.30,0.10,17.40
S123,1486925064,21.40,11.10,21.20,9.10,0.10,17.40
S123,1486925363,21.30,11.10,21.20,9.30,0.10,17.40
S123,1486925662,21.40,11.10,21.30,9.20,0.10,17.40
S123,1486925962,21.30,10.80,21.30,9.20,0.10,17.40
S123,1486926261,21.30,11.20,21.30,9.20,0.10,17.40
S123,1486926560,21.30,11.30,21.30,9.20,0.10,17.40
S123,1486926859,21.30,11.30,21.20,9.00,0.10,17.40
S123,1486927158,21.30,11.20,21.20,9.30,0.10,17.40
S123,1486927457,21.30,11.10,21.20,9.00,0.10,17.40
S123,1486927756,21.30,10.70,21.30,9.00,0.10,17.40
S123,1486928055,21.30,10.80,21.30,9.10,0.10,17.40
S123,1486928354,21.30,11.10,21.30,9.00,0.10,17.40
S123,1486928653,21.30,10.90,21.30,8.80,0.10,17.50
S123,1486928952,21.30,11.00,21.20,9.00,0.10,17.40
S123,1486929251,21.30,10.90,21.20,9.00,0.10,17.40
S123,1486929550,21.30,10.90,21.30,9.00,0.10,17.50
S123,1486929849,21.30,10.70,21.30,9.50,0.10,17.50
S123,1486930148,21.30,10.60,21.30,9.30,0.10,17.40
S123,1486930447,21.30,11.00,21.30,9.00,0.10,17.40
S123,1486930746,21.30,11.00,21.20,9.00,0.10,17.50
S123,1486931045,21.30,11.00,21.20,8.90,0.10,17.40
S123,1486931344,21.30,11.20,21.20,9.10,0.10,17.40
S123,1486931643,21.30,10.80,21.20,8.90,0.10,17.50
S123,1486931942,21.30,10.80,21.30,9.10,0.10,17.50
S123,1486932241,21.30,10.80,21.30,9.10,0.10,17.40
S123,1486932540,21.30,10.90,21.30,8.70,0.10,17.40
S123,1486932839,21.30,11.20,21.30,9.20,0.10,17.40
S123,1486933138,21.30,11.20,21.20,8.90,0.10,17.40
S123,1486933437,21.30,10.90,21.10,9.10,0.10,17.40
S123,1486933736,21.30,10.90,21.10,9.00,0.10,17.40
S123,1486934035,21.30,11.00,21.10,9.10,0.10,17.40
S123,1486934334,21.30,11.30,21.10,9.30,0.10,17.40
S123,1486934633,21.30,10.80,21.00,9.00,0.10,17.40
S123,1486934932,21.30,10.00,20.70,9.10,0.10,17.40
S123,1486935231,21.20,9.90,20.60,9.20,0.10,17.50
S123,1486935530,21.20,10.10,20.40,9.20,0.10,17.40
S123,1486935829,21.20,10.00,20.30,9.30,0.10,17.40
S123,1486936128,21.10,9.90,20.20,9.50,0.10,17.40
S123,1486936427,21.00,10.20,20.10,9.50,0.10,17.50
S123,1486936726,21.00,10.00,20.00,9.70,0.10,17.40
S123,1486937025,21.00,10.30,20.00,9.80,0.10,17.40
S123,1486937324,20.90,10.50,19.90,9.90,0.10,17.50
S123,1486937623,20.80,10.40,19.90,10.10,0.10,17.40
S123,1486937922,20.80,10.90,19.90,10.30,0.10,17.50
S123,1486938221,20.80,10.80,19.90,10.50,0.10,17.50
S123,1486938520,20.70,11.10,19.90,10.50,0.10,17.50
S123,1486938819,20.70,11.10,19.80,10.50,0.10,17.40
S123,1486939118,20.60,11.10,19.90,10.70,0.10,17.40
S123,1486939417,20.70,11.10,19.80,10.60,0.10,17.50
S123,1486939716,20.60,11.00,19.80,10.70,0.10,17.40
S123,1486940015,20.60,11.00,19.70,10.70,0.10,17.50
S123,1486940314,20.50,10.90,19.80,10.90,0.10,17.40
S123,1486940613,20.50,11.00,19.80,10.90,0.10,17.50
S123,1486940912,20.50,11.10,19.60,10.90,0.10,17.40
S123,1486941211,20.50,11.40,19.60,11.00,0.10,17.40
S123,1486941510,20.40,11.00,19.70,11.20,0.10,17.50
S123,1486941809,20.40,11.40,19.60,11.20,0.10,17.40
S123,1486942108,20.40,11.60,19.60,11.40,0.10,17.50
S123,1486942407,20.40,11.60,19.60,11.40,0.10,17.50
S123,1486942706,20.30,11.60,19.60,11.40,0.10,17.50
S123,1486943005,20.30,11.60,19.50,11.40,0.10,17.50
S123,1486943304,20.30,11.50,19.50,11.50,0.10,17.50
S123,1486943603,20.30,11.70,19.50,11.50,0.10,17.40
S123,1486943902,20.20,11.80,19.50,11.60,0.10,17.50
S123,1486944201,20.20,11.60,19.50,11.60,0.10,17.50
S123,1486944500,20.20,11.70,19.40,11.70,0.10,17.50
S123,1486944799,20.10,11.80,19.30,11.70,0.10,17.50
S123,1486945098,20.10,11.80,19.20,11.60,0.10,17.50
S123,1486945397,20.10,12.00,19.20,11.60,0.10,17.40
S123,1486945696,20.10,12.20,19.10,11.60,0.10,17.50
S123,1486945995,20.00,12.10,19.10,11.80,0.10,17.50
S123,1486946294,20.00,12.00,19.00,11.80,0.10,17.50
S123,1486946593,19.90,12.20,19.00,11.90,0.10,17.50
S123,1486946892,19.90,12.30,18.90,11.90,0.10,17.50
S123,1486947191,19.80,12.10,18.90,12.00,0.10,17.50
S123,1486947490,19.80,12.20,18.90,12.00,0.10,17.40
S123,1486947789,19.80,12.10,18.90,12.00,0.10,17.50
S123,1486948088,19.80,12.30,18.80,11.90,0.10,17.50
S123,1486948387,19.70,12.20,18.80,12.00,0.10,17.50
S123,1486948686,19.70,12.30,18.80,12.20,0.10,17.50
S123,1486948985,19.70,12.30,18.80,12.10,0.10,17.50
S123,1486949284,19.60,12.10,18.70,12.00,0.10,17.50
S123,1486949583,19.60,12.40,18.70,12.00,0.10,17.50
S123,1486949882,19.50,12.20,18.70,12.10,0.10,17.50
S123,1486950182,19.50,12.30,18.70,12.20,0.10,17.50
S123,1486950481,19.50,12.30,18.70,12.10,0.10,17.50
S123,1486950780,19.50,12.30,18.70,12.20,0.10,17.50
S123,1486951079,19.40,12.50,18.60,12.30,0.10,17.50
S123,1486951378,19.40,12.40,18.60,12.40,0.10,17.50
S123,1486951677,19.40,12.60,18.60,12.60,0.10,17.50
S123,1486951976,19.40,12.80,18.60,12.70,0.10,17.50
S123,1486952275,19.30,12.40,18.50,12.60,0.10,17.50
S123,1486952574,19.30,12.60,18.60,12.60,0.10,17.50
S123,1486952873,19.30,12.70,18.50,12.60,0.10,17.50
S123,1486953172,19.20,12.50,18.50,12.50,0.10,17.50
S123,1486953471,19.20,12.60,18.50,12.70,0.10,17.50
S123,1486953770,19.20,12.60,18.40,12.60,0.10,17.50
S123,1486954069,19.20,12.50,18.40,12.50,0.10,17.50
S123,1486954368,19.10,12.60,18.30,12.50,0.10,17.50
S123,1486954667,19.10,12.60,18.30,12.50,0.10,17.50
S123,1486954966,19.10,12.50,18.30,12.40,0.10,17.50
S123,1486955265,19.10,12.40,18.30,12.30,0.10,17.50
S123,1486955564,19.00,12.50,18.30,12.40,0.10,17.50
S123,1486955863,19.00,12.60,18.30,12.70,0.10,17.50
S123,1486956162,19.00,12.60,18.20,12.50,0.10,17.50
S123,1486956461,19.00,12.60,18.20,12.50,0.10,17.50
S123,1486956760,18.90,12.70,18.20,12.50,0.10,17.50
S123,1486957059,18.90,13.30,18.20,12.50,0.10,17.50
S123,1486957358,18.90,12.50,18.20,12.40,0.10,17.50
S123,1486957657,18.90,12.20,18.20,12.40,0.10,17.50
S123,1486957956,18.90,12.60,18.20,12.40,0.10,17.50
S123,1486958255,18.80,12.30,18.20,12.30,0.10,17.50
S123,1486958554,18.80,12.50,18.10,12.40,0.10,17.50
S123,1486958853,18.80,12.60,18.10,12.60,0.10,17.50
S123,1486959152,18.80,12.70,18.20,12.60,0.10,17.50
S123,1486959451,18.80,12.70,18.20,12.50,0.10,17.50
S123,1486959750,18.80,12.80,18.30,12.40,0.10,17.50
S123,1486960049,18.80,12.40,18.30,12.30,0.10,17.50
S123,1486960348,18.70,12.70,18.30,12.20,0.10,17.50
S123,1486960647,18.80,12.40,18.30,12.10,0.10,17.50
S123,1486960946,18.70,12.30,18.30,11.90,0.10,17.50
S123,1486961245,18.70,12.50,18.30,11.90,0.10,17.50
S123,1486961544,18.80,12.50,18.30,11.90,0.10,17.50
S123,1486961843,18.70,12.40,18.20,11.90,0.10,17.50
S123,1486962142,18.70,12.50,18.10,11.90,0.10,17.50
S123,1486962441,18.70,12.20,18.10,11.90,0.10,17.50
S123,1486962740,18.70,12.40,18.10,11.90,0.10,17.50
S123,1486963039,18.70,12.40,18.10,11.90,0.10,17.50
S123,1486963338,18.70,12.50,18.10,11.90,0.10,17.50
S123,1486963637,18.60,12.60,18.20,12.00,0.10,17.50
S123,1486963936,18.60,12.70,18.40,12.00,0.10,17.50
S123,1486964235,18.60,12.90,18.50,12.10,0.10,17.50
S123,1486964534,18.70,13.00,18.60,12.10,0.10,17.50
S123,1486964833,18.70,13.00,18.70,12.10,0.10,17.50
S123,1486965132,18.70,13.00,18.80,12.00,0.10,17.50
S123,1486965431,18.70,13.00,18.80,12.00,0.10,17.50
S123,1486965730,18.70,13.00,18.80,12.00,0.10,17.50
S123,1486966029,18.80,13.10,18.90,12.00,0.10,17.40
S123,1486966328,18.80,13.10,19.00,12.10,0.10,17.50
S123,1486966627,18.80,13.10,19.00,11.90,0.10,17.50
S123,1486966926,18.90,13.10,19.10,12.00,0.10,17.50
S123,1486967225,18.90,13.10,19.10,11.90,0.10,17.50
S123,1486967524,18.90,13.10,19.20,12.00,0.10,17.50
S123,1486967823,18.90,13.10,19.20,11.90,0.10,17.40
S123,1486968122,19.00,13.20,19.20,11.80,0.10,17.50
S123,1486968421,19.00,13.20,19.30,11.90,0.10,17.50
S123,1486968720,19.10,13.20,19.30,11.80,0.10,17.50
S123,1486969019,19.10,13.20,19.30,11.70,0.10,17.50
S123,1486969318,19.10,13.10,19.40,11.70,0.10,17.50
S123,1486969617,19.10,13.10,19.40,11.70,0.10,17.40
S123,1486969916,19.20,13.10,19.40,11.70,0.10,17.50
S123,1486970215,19.20,13.10,19.50,11.80,0.10,17.50
S123,1486970514,19.20,13.10,19.50,11.80,0.10,17.50
S123,1486970813,19.30,13.10,19.50,11.80,0.10,17.50
S123,1486971112,19.30,13.10,19.60,11.90,0.10,17.50
S123,1486971411,19.30,13.10,19.60,11.70,0.10,17.50
S123,1486971710,19.30,13.00,19.60,11.60,0.10,17.50
S123,1486972009,19.40,13.00,19.60,11.50,0.10,17.50
S123,1486972308,19.40,13.00,19.60,11.30,0.10,17.50
S123,1486972607,19.40,12.90,19.60,11.50,0.10,17.40
S123,1486972906,19.40,12.90,19.70,11.30,0.10,17.50
S123,1486973205,19.50,12.90,19.70,11.40,0.10,17.50
S123,1486973504,19.50,12.90,19.70,11.50,0.10,17.40
S123,1486973803,19.50,13.00,19.70,11.40,0.10,17.50
S123,1486974102,19.60,13.00,19.80,11.30,0.10,17.50
S123,1486974401,19.60,13.00,19.80,11.30,0.10,17.50
S123,1486974700,19.60,12.90,19.90,11.30,0.10,17.50
S123,1486974999,19.60,12.90,19.90,11.20,0.10,17.50
S123,1486975298,19.60,12.80,19.90,11.40,0.10,17.50
S123,1486975597,19.70,12.90,19.90,11.30,0.10,17.50
S123,1486975896,19.70,13.00,19.90,11.30,0.10,17.50
S123,1486976195,19.70,12.90,20.00,11.20,0.10,17.50
S123,1486976494,19.70,12.90,20.10,11.30,0.10,17.50
S123,1486976793,19.80,13.00,20.20,11.40,0.10,17.50
S123,1486977092,19.80,12.80,20.30,12.30,0.10,17.50
S123,1486977391,19.80,13.50,20.40,11.30,0.10,17.50
S123,1486977690,19.90,13.30,20.40,11.20,0.10,17.50
S123,1486977989,20.00,13.20,20.40,11.20,0.10,17.40
S123,1486978288,20.00,13.00,20.40,11.00,0.10,17.50
S123,1486978587,20.00,13.00,20.50,11.00,0.10,17.40
S123,1486978886,20.00,12.80,20.50,10.90,0.10,17.40
S123,1486979185,20.10,12.80,20.50,11.00,0.10,17.40
S123,1486979484,20.10,12.80,20.50,10.90,0.10,17.50
S123,1486979783,20.20,12.90,20.50,10.90,0.10,17.40
S123,1486980082,20.20,12.90,20.60,10.90,0.10,17.50
S123,1486980381,20.20,12.80,20.60,10.80,0.10,17.40
S123,1486980680,20.30,12.80,20.60,11.30,0.10,17.50
S123,1486980979,20.30,12.70,20.60,10.80,0.10,17.40
S123,1486981278,20.30,12.70,20.70,10.90,0.10,17.50
S123,1486981577,20.40,12.80,20.70,10.80,0.10,17.40
S123,1486981876,20.40,12.80,20.70,10.70,0.10,17.40
S123,1486982175,20.40,12.80,20.80,10.80,0.10,17.40
S123,1486982474,20.40,12.80,20.80,10.80,0.10,17.40
S123,1486982773,20.50,12.80,20.90,10.70,0.10,17.40
S123,1486983072,20.50,14.70,21.00,10.80,0.10,17.40
S123,1486983371,20.60,12.40,21.00,10.90,0.10,17.40
S123,1486983670,20.60,12.10,21.00,10.70,0.10,17.40
S123,1486983969,20.60,12.10,21.00,10.80,0.10,17.50
S123,1486984268,20.70,12.20,21.00,11.10,0.10,17.40
S123,1486984567,20.70,11.70,21.00,10.60,0.10,17.40
S123,1486984866,20.70,11.90,21.00,10.60,0.10,17.40
S123,1486985165,20.80,11.90,21.00,10.50,0.10,17.40
S123,1486985464,20.80,11.80,21.00,10.20,0.10,17.40
S123,1486985763,20.80,12.60,21.00,10.40,0.10,17.40
S123,1486986062,20.80,11.70,21.00,10.20,0.10,17.40
S123,1486986361,20.80,11.80,21.00,10.50,0.10,17.40
S123,1486986660,20.90,11.90,21.00,10.20,0.10,17.40
S123,1486986959,20.90,11.80,21.00,10.10,0.10,17.50
S123,1486987258,20.90,11.80,21.00,10.30,0.10,17.40
S123,1486987557,20.90,11.80,21.00,10.20,0.10,17.40
S123,1486987856,20.90,11.70,21.10,10.00,0.10,17.40
S123,1486988155,20.90,11.90,21.10,10.30,0.10,17.40
S123,1486988455,20.90,11.80,21.00,10.30,0.10,17.40
S123,1486988754,20.90,11.90,21.00,10.20,0.10,17.40
S123,1486989053,21.00,11.90,21.00,10.10,0.10,17.40
S123,1486989352,21.00,11.90,21.10,10.20,0.10,17.40
S123,1486989651,21.00,11.80,21.10,10.50,0.10,17.50
S123,1486989950,21.00,11.50,21.10,10.30,0.10,17.40
S123,1486990249,21.00,11.70,21.10,10.40,0.10,17.50
S123,1486990548,21.00,11.90,21.10,10.10,0.10,17.40
S123,1486990847,21.00,12.00,21.10,10.30,0.10,17.50
S123,1486991146,21.00,11.70,21.10,9.90,0.10,17.40
S123,1486991445,21.00,11.00,21.10,9.50,0.10,17.50
S123,1486991744,21.00,11.20,21.10,9.70,0.10,17.40
S123,1486992043,21.10,11.20,21.10,9.60,0.10,17.40
S123,1486992342,21.10,10.90,21.00,9.60,0.10,17.40
S123,1486992641,21.00,11.10,21.10,9.80,0.10,17.40
S123,1486992940,21.00,10.90,21.20,10.10,0.10,17.40
S123,1486993239,21.00,11.40,21.20,9.90,0.10,17.40
S123,1486993538,21.10,10.90,21.20,9.60,0.10,17.40
S123,1486993837,21.10,10.60,21.20,9.30,0.10,17.40
S123,1486994136,21.10,10.90,21.10,9.40,0.10,17.40
S123,1486994435,21.10,11.00,21.10,9.60,0.10,17.40
S123,1486994734,21.10,10.60,21.10,9.50,0.10,17.40
S123,1486995033,21.10,10.60,21.10,9.70,0.10,17.40
S123,1486995332,21.10,10.90,21.10,9.60,0.10,17.40
S123,1486995631,21.10,11.20,21.10,9.70,0.10,17.40
S123,1486995930,21.10,11.10,21.10,9.50,0.10,17.40
S123,1486996229,21.10,11.20,21.10,9.40,0.10,17.40
S123,1486996528,21.10,11.10,21.10,9.40,0.10,17.40
S123,1486996827,21.10,11.20,21.10,9.50,0.10,17.40
S123,1486997126,21.10,11.00,21.20,9.60,0.10,17.40
S123,1486997425,21.10,10.60,21.10,9.10,0.10,17.40
S123,1486997724,21.10,10.70,21.20,9.10,0.10,17.40
S123,1486998023,21.10,10.90,21.20,8.90,0.10,17.40
S123,1486998322,21.10,10.40,21.20,9.00,0.10,17.40
S123,1486998621,21.10,10.40,21.20,9.20,0.10,17.40
S123,1486998920,21.10,10.60,21.20,9.10,0.10,17.40
S123,1486999219,21.10,10.60,21.20,8.90,0.10,17.40
S123,1486999518,21.10,10.60,21.20,9.00,0.10,17.40
S123,1486999817,21.10,10.60,21.20,8.90,0.10,17.40
S123,1487000116,21.10,10.60,21.20,9.00,0.10,17.40
S123,1487000415,21.10,10.00,21.20,8.70,0.10,17.40
S123,1487000714,21.10,9.90,21.10,8.90,0.10,17.40
S123,1487001013,21.20,10.50,21.10,8.90,0.10,17.50
S123,1487001312,21.10,10.50,21.10,8.80,0.10,17.40
S123,1487001611,21.10,10.30,21.20,8.90,0.10,17.50
S123,1487001910,21.20,10.50,21.20,9.10,0.10,17.40
S123,1487002209,21.10,10.60,21.20,9.00,0.10,17.40
S123,1487002508,21.20,10.70,21.20,8.90,0.10,17.40
S123,1487002807,21.20,10.30,21.20,8.60,0.10,17.40
S123,1487003106,21.20,10.40,21.10,8.90,0.10,17.40
S123,1487003405,21.20,10.20,21.00,8.80,0.10,17.40
S123,1487003704,21.10,10.40,21.00,9.00,0.10,17.40
S123,1487004003,21.20,10.20,21.10,9.00,0.10,17.40
S123,1487004302,21.20,10.50,21.10,9.10,0.10,17.40
S123,1487004601,21.10,10.60,21.20,9.20,0.10,17.50
S123,1487004900,21.20,10.70,21.20,9.50,0.10,17.50
S123,1487005199,21.20,10.70,21.20,9.10,0.10,17.40
S123,1487005498,21.20,10.60,21.20,8.50,0.10,17.40
S123,1487005797,21.20,10.40,21.20,8.60,0.10,17.40
S123,1487006096,21.20,10.50,21.10,8.80,0.10,17.40
S123,1487006395,21.20,10.60,21.20,8.90,0.10,17.50
S123,1487006694,21.20,10.60,21.20,9.40,0.10,17.40
S123,1487006993,21.20,10.70,21.20,9.10,0.10,17.40
S123,1487007292,21.10,10.60,21.20,8.90,0.10,17.40
S123,1487007591,21.20,10.40,21.10,8.90,0.10,17.40
S123,1487007890,21.20,10.30,21.20,9.00,0.10,17.50
S123,1487008189,21.20,10.30,21.10,9.20,0.10,17.40
S123,1487008488,21.20,10.50,21.10,9.10,0.10,17.40
S123,1487008787,21.20,10.70,21.20,9.10,0.10,17.40
S123,1487009086,21.20,10.60,21.20,9.20,0.10,17.40
S123,1487009385,21.20,10.70,21.20,9.30,0.10,17.40
S123,1487009684,21.20,10.70,21.00,9.20,0.10,17.40
S123,1487009983,21.20,10.70,21.00,9.40,0.10,17.40
S123,1487010282,21.20,10.70,21.10,9.80,0.10,17.40
S123,1487010581,21.20,10.70,21.20,9.40,0.10,17.40
S123,1487010880,21.20,10.70,21.20,9.30,0.10,17.40
S123,1487011179,21.20,10.70,21.10,9.00,0.10,17.40
S123,1487011478,21.20,10.70,21.00,9.10,0.10,17.50
S123,1487011777,21.20,10.70,21.00,9.00,0.10,17.40
S123,1487012076,21.20,10.70,21.10,9.20,0.10,17.40
S123,1487012375,21.20,10.70,21.10,9.20,0.10,17.40
S123,1487012674,21.10,10.60,21.10,9.00,0.10,17.50
S123,1487012973,21.10,10.60,21.00,8.90,0.10,17.40
S123,1487013272,21.20,10.60,21.00,9.10,0.10,17.50
S123,1487013571,21.10,10.60,21.00,9.10,0.10,17.40
S123,1487013870,21.10,10.30,21.10,9.00,0.10,17.40
S123,1487014169,21.20,10.40,21.20,9.10,0.10,17.40
S123,1487014468,21.10,10.40,21.30,9.10,0.10,17.40
S123,1487014767,21.20,10.20,21.30,8.90,0.10,17.40
S123,1487015066,21.20,10.00,21.30,8.80,0.10,17.50
S123,1487015365,21.20,10.20,21.30,8.60,0.10,17.40
S123,1487015664,21.20,10.00,21.30,8.90,0.10,17.40
S123,1487015963,21.20,10.00,21.30,8.60,0.10,17.40
S123,1487016262,21.20,10.30,21.30,8.80,0.10,17.40
S123,1487016561,21.20,10.10,21.30,9.00,0.10,17.40
S123,1487016860,21.20,10.30,21.40,8.70,0.10,17.40
S123,1487017159,21.20,10.10,21.30,8.60,0.10,17.40
S123,1487017458,21.20,9.90,21.40,8.70,0.10,17.40
S123,1487017757,21.20,10.00,21.40,8.70,0.10,17.40
S123,1487018056,21.20,10.30,21.40,8.70,0.10,17.40
S123,1487018355,21.20,10.40,21.30,8.80,0.10,17.40
S123,1487018654,21.30,10.50,21.30,8.70,0.10,17.40
S123,1487018953,21.30,10.20,21.30,8.70,0.10,17.40
S123,1487019252,21.30,10.40,21.20,8.50,0.10,17.40
S123,1487019551,21.30,10.20,21.10,8.60,0.10,17.50
S123,1487019850,21.30,9.80,21.20,8.50,0.10,17.40
S123,1487020149,21.20,10.10,21.20,8.70,0.10,17.40
S123,1487020448,21.20,10.00,21.20,8.80,0.10,17.40
S123,1487020747,21.20,10.00,21.10,8.50,0.10,17.40
S123,1487021046,21.20,10.10,20.90,8.30,0.10,17.50
S123,1487021345,21.20,9.20,20.70,8.40,0.10,17.40
S123,1487021644,21.20,9.60,20.50,8.50,0.10,17.40
S123,1487021943,21.10,9.30,20.30,8.70,0.10,17.50
S123,1487022242,21.10,9.70,20.20,8.70,0.10,17.40
S123,1487022541,21.00,9.20,20.10,8.70,0.10,17.40
S123,1487022840,21.00,9.20,20.00,8.80,0.10,17.40
S123,1487023139,20.90,8.90,19.90,8.80,0.10,17.50
S123,1487023438,20.80,9.00,19.80,8.90,0.10,17.40
S123,1487023737,20.80,9.30,19.70,8.90,0.10,17.40
S123,1487024036,20.70,9.00,19.60,9.00,0.10,17.50
S123,1487024335,20.60,9.10,19.50,9.00,0.10,17.50
S123,1487024634,20.50,9.20,19.40,9.00,0.10,17.40
S123,1487024933,20.50,9.30,19.40,9.20,0.10,17.50
S123,1487025232,20.40,9.40,19.30,9.40,0.10,17.50
S123,1487025531,20.40,9.60,19.30,9.50,0.10,17.50
S123,1487025830,20.30,9.50,19.20,9.60,0.10,17.40
S123,1487026129,20.30,9.60,19.20,9.70,0.10,17.40
S123,1487026428,20.20,9.80,19.10,9.80,0.10,17.50
S123,1487026728,20.10,9.80,19.10,9.90,0.10,17.50
S123,1487027027,20.10,9.90,19.00,10.00,0.10,17.50
S123,1487027326,20.00,9.90,19.00,10.10,0.10,17.50
S123,1487027625,20.00,10.00,18.90,10.10,0.10,17.50
S123,1487027924,20.00,10.10,19.00,10.30,0.10,17.50
S123,1487028223,19.90,10.20,18.90,10.30,0.10,17.50
S123,1487028522,19.80,10.10,18.90,10.30,0.10,17.50
S123,1487028821,19.80,10.30,18.80,10.30,0.10,17.50
S123,1487029120,19.80,10.30,18.80,10.40,0.10,17.50
S123,1487029419,19.70,10.30,18.80,10.50,0.10,17.50
S123,1487029718,19.70,10.20,18.80,10.50,0.10,17.50
S123,1487030017,19.60,10.30,18.70,10.60,0.10,17.50
S123,1487030316,19.60,10.20,18.70,10.60,0.10,17.50
S123,1487030615,19.60,10.30,18.70,10.60,0.10,17.50
S123,1487030914,19.60,10.50,18.70,10.70,0.10,17.40
S123,1487031213,19.50,10.40,18.80,10.70,0.10,17.50
S123,1487031512,19.50,10.60,18.80,10.70,0.10,17.50
S123,1487031811,19.50,10.70,18.70,10.70,0.10,17.50
S123,1487032110,19.40,10.50,18.70,10.60,0.10,17.50
S123,1487032409,19.40,10.50,18.70,10.70,0.10,17.50
S123,1487032708,19.40,10.60,18.70,10.70,0.10,17.50
S123,1487033007,19.40,10.60,18.70,10.70,0.10,17.50
S123,1487033306,19.40,10.50,18.60,10.70,0.10,17.50
S123,1487033605,19.30,10.50,18.60,10.80,0.10,17.50
S123,1487033904,19.30,10.40,18.50,10.70,0.10,17.50
S123,1487034203,19.30,10.70,18.50,10.80,0.10,17.50
S123,1487034502,19.20,10.60,18.40,10.90,0.10,17.50
S123,1487034801,19.20,10.60,18.30,11.00,0.10,17.50
S123,1487035100,19.10,10.70,18.30,11.00,0.10,17.50
S123,1487035399,19.10,10.80,18.30,11.00,0.10,17.50
S123,1487035698,19.10,11.30,18.20,10.90,0.10,17.50
S123,1487035997,19.00,10.90,18.20,10.90,0.10,17.50
S123,1487036296,19.00,10.90,18.20,10.90,0.10,17.50
S123,1487036595,19.00,10.90,18.20,10.90,0.10,17.50
S123,1487036894,18.90,10.90,18.20,10.90,0.10,17.50
S123,1487037193,18.90,10.90,18.20,10.90,0.10,17.50
S123,1487037492,18.90,10.90,18.10,10.80,0.10,17.50
S123,1487037791,18.80,10.80,18.10,10.90,0.10,17.50
S123,1487038090,18.80,10.90,18.10,11.00,0.10,17.50
S123,1487038389,18.80,10.90,18.10,11.10,0.10,17.50
S123,1487038688,18.80,11.00,18.10,11.10,0.10,17.50
S123,1487038987,18.80,11.00,18.10,11.20,0.10,17.50
S123,1487039286,18.70,11.10,18.00,11.10,0.10,17.50
S123,1487039585,18.70,11.00,18.00,11.10,0.10,17.50
S123,1487039884,18.70,11.10,18.00,11.20,0.10,17.50
S123,1487040183,18.70,11.20,18.00,11.20,0.10,17.50
S123,1487040482,18.60,11.10,17.90,11.20,0.10,17.50
S123,1487040781,18.60,11.10,18.00,11.30,0.10,17.50
S123,1487041080,18.60,11.20,17.90,11.30,0.10,17.50
S123,1487041379,18.60,11.00,17.90,11.90,0.10,17.50
S123,1487041678,18.60,11.20,17.90,11.40,0.10,17.50
S123,1487041977,18.50,11.10,17.80,11.40,0.10,17.50
S123,1487042276,18.50,11.20,17.80,11.40,0.10,17.50
S123,1487042575,18.50,11.40,17.90,11.50,0.10,17.50
S123,1487042874,18.50,11.30,17.80,11.50,0.10,17.50
S123,1487043173,18.50,11.60,17.80,11.50,0.10,17.50
S123,1487043472,18.40,11.30,17.80,11.60,0.10,17.50
S123,1487043771,18.40,11.40,17.80,11.60,0.10,17.50
S123,1487044070,18.40,11.40,17.80,11.60,0.10,17.50
S123,1487044369,18.40,11.50,17.80,11.70,0.10,17.50
S123,1487044668,18.40,11.60,17.80,11.70,0.10,17.50
S123,1487044967,18.30,11.60,17.70,11.70,0.10,17.50
S123,1487045266,18.30,11.50,17.70,11.70,0.10,17.50
S123,1487045565,18.30,11.60,17.70,11.70,0.10,17.50
S123,1487045864,18.30,11.60,17.70,11.80,0.10,17.50
S123,1487046163,18.30,11.80,17.70,11.80,0.10,17.50
S123,1487046462,18.30,11.70,17.70,11.90,0.10,17.50
S123,1487046761,18.30,11.70,17.60,11.80,0.10,17.50
S123,1487047060,18.20,11.70,17.60,11.90,0.10,17.50
S123,1487047359,18.20,11.70,17.60,11.90,0.10,17.50
S123,1487047658,18.20,11.80,17.60,11.80,0.10,17.50
S123,1487047957,18.20,11.70,17.60,11.90,0.10,17.50
S123,1487048256,18.20,11.70,17.60,11.90,0.10,17.50
S123,1487048555,18.10,11.80,17.60,11.90,0.10,17.50
S123,1487048854,18.10,11.80,17.60,11.90,0.10,17.50
S123,1487049153,18.10,11.70,17.60,11.90,0.10,17.50
S123,1487049452,18.10,11.90,17.60,11.90,0.10,17.50
S123,1487049751,18.10,12.00,17.80,11.80,0.10,17.50
S123,1487050050,18.10,12.10,18.00,11.90,0.10,17.50
S123,1487050349,18.10,12.10,18.10,11.80,0.10,17.50
S123,1487050648,18.10,12.20,18.20,11.80,0.10,17.50
S123,1487050947,18.20,12.30,18.30,11.80,0.10,17.50
S123,1487051246,18.20,12.30,18.40,11.70,0.10,17.50
S123,1487051545,18.20,12.30,18.40,11.70,0.10,17.50
S123,1487051844,18.30,12.40,18.50,11.70,0.10,17.50
S123,1487052143,18.30,12.40,18.50,11.70,0.10,17.50
S123,1487052442,18.30,12.40,18.60,11.80,0.10,17.50
S123,1487052741,18.40,12.50,18.60,11.70,0.10,17.50
S123,1487053040,18.40,12.50,18.60,11.70,0.10,17.50
S123,1487053339,18.50,12.60,18.70,11.80,0.10,17.50
S123,1487053638,18.50,12.60,18.70,11.80,0.10,17.50
S123,1487053937,18.50,12.60,18.80,11.80,0.10,17.50
S123,1487054236,18.50,12.60,18.80,11.80,0.10,17.50
S123,1487054535,18.60,12.70,18.90,11.80,0.10,17.50
S123,1487054834,18.60,12.70,18.90,11.70,0.10,17.50
S123,1487055133,18.70,12.70,18.90,11.80,0.10,17.50
S123,1487055432,18.70,12.70,19.00,11.80,0.10,17.50
S123,1487055731,18.70,12.70,19.00,11.70,0.10,17.50
S123,1487056030,18.80,12.70,19.00,11.70,0.10,17.40
S123,1487056329,18.80,12.70,19.10,11.80,0.10,17.50
S123,1487056628,18.80,12.70,19.10,11.80,0.10,17.50
S123,1487056927,18.80,12.70,19.20,11.70,0.10,17.50
S123,1487057226,18.90,12.80,19.20,11.90,0.10,17.50
S123,1487057525,18.90,12.80,19.20,11.70,0.10,17.50
S123,1487057824,19.00,12.80,19.30,11.70,0.10,17.50
S123,1487058123,19.00,12.80,19.30,11.70,0.10,17.50
S123,1487058422,19.00,12.80,19.30,11.70,0.10,17.50
S123,1487058721,19.10,12.90,19.40,11.70,0.10,17.50
S123,1487059020,19.10,12.80,19.40,11.80,0.10,17.50
S123,1487059319,19.10,12.80,19.40,11.70,0.10,17.50
S123,1487059618,19.20,12.90,19.50,11.80,0.10,17.50
S123,1487059917,19.20,12.90,19.50,11.80,0.10,17.50
S123,1487060216,19.20,12.80,19.50,11.80,0.10,17.50
S123,1487060515,19.30,12.90,19.60,11.90,0.10,17.50
S123,1487060814,19.30,12.90,19.60,11.80,0.10,17.50
S123,1487061113,19.30,12.90,19.60,11.90,0.10,17.50
S123,1487061412,19.40,12.90,19.70,11.90,0.10,17.50
S123,1487061711,19.40,12.90,19.70,11.90,0.10,17.50
S123,1487062010,19.40,12.80,19.70,11.80,0.10,17.50
S123,1487062309,19.50,12.90,19.80,12.00,0.10,17.50
S123,1487062608,19.50,12.90,19.90,11.80,0.10,17.50
S123,1487062907,19.50,12.80,20.00,11.70,0.10,17.40
S123,1487063206,19.60,12.90,20.00,11.80,0.10,17.50
S123,1487063505,19.60,12.90,20.10,11.60,0.10,17.50
S123,1487063804,19.60,12.80,20.10,11.50,0.10,17.40
S123,1487064103,19.70,12.90,20.20,11.50,0.10,17.50
S123,1487064402,19.70,12.80,20.20,11.30,0.10,17.50
S123,1487064701,19.80,12.70,20.30,11.40,0.10,17.50
S123,1487065001,19.80,12.70,20.30,11.10,0.10,17.40
S123,1487065300,19.90,12.50,20.40,11.20,0.10,17.50
S123,1487065599,19.90,12.70,20.40,11.20,0.10,17.40
S123,1487065898,19.90,12.60,20.40,11.00,0.10,17.50
S123,1487066197,20.00,12.60,20.30,10.90,0.10,17.40
S123,1487066496,20.00,12.50,20.30,11.00,0.10,17.40
S123,1487066795,20.00,12.50,20.30,10.70,0.10,17.50
S123,1487067094,20.00,12.40,20.40,10.70,0.10,17.40
S123,1487067393,20.10,12.30,20.50,10.50,0.10,17.40
S123,1487067692,20.10,12.20,20.50,10.70,0.10,17.50
S123,1487067991,20.20,12.20,20.50,10.50,0.10,17.40
S123,1487068290,20.20,12.20,20.60,10.40,0.10,17.40
S123,1487068589,20.20,12.10,20.60,10.20,0.10,17.50
S123,1487068888,20.30,12.00,20.60,10.30,0.10,17.40
S123,1487069187,20.30,12.10,20.60,10.60,0.10,17.40
S123,1487069486,20.30,12.00,20.60,10.20,0.10,17.40
S123,1487069785,20.40,11.90,20.60,10.50,0.10,17.50
S123,1487070084,20.40,11.80,20.60,10.40,0.10,17.40
S123,1487070383,20.40,11.90,20.60,10.50,0.10,17.50
S123,1487070682,20.40,12.00,20.50,10.40,0.10,17.40
S123,1487070981,20.40,12.00,20.50,10.30,0.10,17.50
S123,1487071280,20.40,12.00,20.50,10.40,0.10,17.50
S123,1487071579,20.40,11.90,20.50,10.40,0.10,17.40
S123,1487071878,20.40,11.90,20.50,10.30,0.10,17.40
S123,1487072177,20.40,11.90,20.50,10.10,0.10,17.50
S123,1487072476,20.40,11.90,20.50,10.20,0.10,17.40
S123,1487072775,20.40,11.90,20.50,10.10,0.10,17.40
S123,1487073074,20.40,11.80,20.50,10.10,0.10,17.50
S123,1487073373,20.40,11.70,20.50,10.10,0.10,17.40
S123,1487073672,20.40,11.70,20.50,9.80,0.10,17.40
S123,1487073971,20.50,11.80,20.50,9.70,0.10,17.50
S123,1487074270,20.50,11.80,20.50,9.90,0.10,17.40
S123,1487074569,20.50,11.80,20.50,9.80,0.10,17.40
S123,1487074868,20.50,11.70,20.60,10.00,0.10,17.40
S123,1487075167,20.50,11.70,20.60,9.80,0.10,17.50
S123,1487075466,20.50,11.70,20.60,9.70,0.10,17.40
S123,1487075765,20.50,11.60,20.50,9.80,0.10,17.40
S123,1487076064,20.50,11.60,20.50,9.50,0.10,17.50
S123,1487076363,20.50,11.50,20.50,9.60,0.10,17.40
S123,1487076662,20.50,11.50,20.60,9.70,0.10,17.40
S123,1487076961,20.50,11.40,20.60,9.70,0.10,17.40
S123,1487077260,20.50,11.50,20.70,9.60,0.10,17.40
S123,1487077559,20.50,11.50,20.70,9.70,0.10,17.40
S123,1487077858,20.60,11.60,20.80,9.80,0.10,17.50
S123,1487078157,20.60,11.60,20.90,9.80,0.10,17.50
S123,1487078456,20.60,11.60,20.90,9.70,0.10,17.40
S123,1487078755,20.60,11.50,20.90,9.50,0.10,17.40
S123,1487079054,20.60,11.50,21.00,9.70,0.10,17.40
S123,1487079353,20.70,11.60,21.00,9.80,0.10,17.40
S123,1487079652,20.70,11.60,21.00,9.60,0.10,17.40
S123,1487079951,20.70,11.30,21.00,9.70,0.10,17.50
S123,1487080250,20.70,10.60,21.10,9.40,0.10,17.40
S123,1487080549,20.80,10.90,21.10,9.20,0.10,17.40
S123,1487080848,20.80,10.40,21.00,9.10,0.10,17.40
S123,1487081147,20.80,10.40,21.00,9.10,0.10,17.40
S123,1487081446,20.80,10.40,21.00,9.10,0.10,17.40
S123,1487081745,20.90,10.60,21.00,9.30,0.10,17.40
S123,1487082044,20.80,10.40,21.00,9.00,0.10,17.40
S123,1487082343,20.90,10.70,21.10,9.10,0.10,17.40
S123,1487082642,20.90,10.70,21.10,8.90,0.10,17.40
S123,1487082941,20.90,10.50,21.20,9.10,0.10,17.50
S123,1487083240,20.90,10.50,21.20,9.00,0.10,17.40
S123,1487083539,20.90,10.50,21.20,8.90,0.10,17.40
S123,1487083838,20.90,10.50,21.20,8.60,0.10,17.40
S123,1487084137,20.90,10.40,21.20,8.60,0.10,17.40
S123,1487084436,20.90,10.20,21.10,8.50,0.10,17.40
S123,1487084735,20.90,10.40,21.10,9.00,0.10,17.40
S123,1487085034,20.90,10.10,21.20,8.70,0.10,17.40
S123,1487085333,21.00,10.40,21.20,8.80,0.10,17.40
S123,1487085632,21.00,10.40,21.20,8.80,0.10,17.40
S123,1487085931,21.00,10.20,21.30,8.90,0.10,17.40
S123,1487086230,21.00,10.20,21.30,8.60,0.10,17.40
S123,1487086529,21.00,10.30,21.30,8.60,0.10,17.40
S123,1487086828,21.00,10.20,21.20,8.90,0.10,17.40
S123,1487087127,21.00,10.30,21.10,8.50,0.10,17.40
S123,1487087426,21.00,10.30,21.10,8.70,0.10,17.40
S123,1487087725,21.00,10.30,21.10,8.70,0.10,17.40
S123,1487088024,21.00,10.10,21.10,8.50,0.10,17.40
S123,1487088323,21.00,10.20,21.10,8.70,0.10,17.50
S123,1487088622,21.00,10.30,21.20,8.70,0.10,17.50
S123,1487088921,21.00,10.10,21.20,8.70,0.10,17.40
S123,1487089220,21.00,10.20,21.20,8.80,0.10,17.40
S123,1487089519,21.00,10.30,21.20,8.90,0.10,17.40
S123,1487089818,21.00,10.30,21.20,8.70,0.10,17.40
S123,1487090117,21.00,10.30,21.20,8.50,0.10,17.40
S123,1487090416,21.00,10.40,21.30,9.00,0.10,17.40
S123,1487090715,21.00,9.80,21.30,8.80,0.10,17.40
S123,1487091014,21.00,9.90,21.30,8.60,0.10,17.40
S123,1487091313,21.00,9.90,21.20,8.50,0.10,17.40
S123,1487091612,21.10,10.00,21.10,8.70,0.10,17.40
S123,1487091911,21.00,9.90,21.20,8.50,0.10,17.40
S123,1487092210,21.00,9.90,21.20,8.50,0.10,17.40
S123,1487092509,21.10,9.90,21.30,8.60,0.10,17.40
S123,1487092808,21.10,10.00,21.30,8.40,0.10,17.40
S123,1487093107,21.10,10.00,21.10,8.50,0.10,17.50
S123,1487093406,21.10,9.80,21.00,8.40,0.10,17.40
S123,1487093705,21.10,9.90,21.00,8.40,0.10,17.40
S123,1487094004,21.10,9.90,21.00,8.40,0.10,17.40
S123,1487094303,21.00,9.90,21.00,8.40,0.10,17.40
S123,1487094602,21.00,9.80,21.10,8.50,0.10,17.40
S123,1487094901,21.00,9.90,21.00,8.40,0.10,17.40
S123,1487095200,21.00,9.90,21.10,8.50,0.10,17.40
S123,1487095499,21.00,9.70,21.10,8.50,0.10,17.40
S123,1487095798,21.00,9.60,21.10,8.50,0.10,17.50
S123,1487096097,21.00,9.60,21.10,8.50,0.10,17.40
S123,1487096396,21.00,9.50,21.10,8.50,0.10,17.40
S123,1487096695,21.00,9.80,21.10,8.50,0.10,17.40
S123,1487096994,21.00,9.70,21.10,8.50,0.10,17.40
S123,1487097293,21.00,9.90,21.20,8.50,0.10,17.40
S123,1487097592,21.00,9.50,21.20,8.40,0.10,17.40
S123,1487097891,21.00,9.50,21.10,7.90,0.10,17.40
S123,1487098190,21.00,9.40,21.00,7.90,0.10,17.40
S123,1487098489,21.00,9.40,21.10,8.30,0.10,17.40
S123,1487098788,21.00,9.10,21.10,8.00,0.10,17.50
S123,1487099087,21.00,8.90,21.10,7.90,0.10,17.40
S123,1487099386,21.00,9.20,21.10,8.50,0.10,17.40
S123,1487099685,21.00,9.70,21.10,8.10,0.10,17.40
S123,1487099984,21.00,9.60,21.10,7.90,0.10,17.40
S123,1487100283,21.00,9.40,21.00,7.50,0.10,17.50
S123,1487100582,21.00,9.20,21.00,7.50,0.10,17.40
S123,1487100881,21.00,9.20,21.00,7.80,0.10,17.40
S123,1487101180,21.00,9.30,21.00,7.90,0.10,17.40
S123,1487101479,21.00,9.50,21.00,7.90,0.10,17.50
S123,1487101778,21.00,9.60,21.00,8.20,0.10,17.40
S123,1487102077,21.00,9.50,21.00,8.20,0.10,17.40
S123,1487102376,21.00,9.70,20.90,8.30,0.10,17.50
S123,1487102675,21.00,9.30,20.80,8.20,0.10,17.40
S123,1487102974,21.00,9.20,20.80,8.30,0.10,17.40
S123,1487103274,20.90,9.40,20.70,8.20,0.10,17.50
S123,1487103573,20.90,9.60,20.70,8.20,0.10,17.50
S123,1487103872,20.90,9.50,20.70,8.20,0.10,17.40
S123,1487104171,20.90,9.50,20.60,8.10,0.10,17.40
S123,1487104470,20.90,9.50,20.60,8.10,0.10,17.40
S123,1487104769,20.90,9.50,20.60,8.10,0.10,17.40
S123,1487105068,20.80,9.50,20.50,8.10,0.10,17.40
S123,1487105367,20.80,9.70,20.50,8.10,0.10,17.50
S123,1487105666,20.80,9.50,20.50,8.10,0.10,17.40
S123,1487105965,20.70,9.50,20.50,8.10,0.10,17.50
S123,1487106264,20.70,9.50,20.50,8.10,0.10,17.40
S123,1487106563,20.70,9.60,20.50,8.10,0.10,17.40
S123,1487106862,20.70,9.40,20.40,8.00,0.10,17.50
S123,1487107161,20.60,9.00,20.10,7.80,0.10,17.40
S123,1487107460,20.60,9.20,20.00,7.80,0.10,17.50
S123,1487107759,20.60,8.90,19.80,7.80,0.10,17.50
S123,1487108058,20.50,8.80,19.70,8.00,0.10,17.40
S123,1487108357,20.50,8.80,19.60,8.00,0.10,17.40
S123,1487108656,20.40,8.70,19.50,8.10,0.10,17.50
S123,1487108955,20.40,8.50,19.40,7.90,0.10,17.50
S123,1487109254,20.30,8.70,19.30,8.00,0.10,17.50
S123,1487109553,20.30,8.70,19.30,8.10,0.10,17.50
S123,1487109852,20.20,8.50,19.20,8.10,0.10,17.40
S123,1487110151,20.20,8.60,19.20,8.20,0.10,17.50
S123,1487110450,20.10,8.60,19.10,8.20,0.10,17.50
S123,1487110749,20.00,8.50,19.00,8.20,0.10,17.50
S123,1487111048,20.00,8.50,19.00,8.30,0.10,17.50
S123,1487111347,19.90,8.70,18.90,8.30,0.10,17.50
S123,1487111646,19.90,8.70,18.90,8.40,0.10,17.50
S123,1487111945,19.80,8.50,18.80,8.40,0.10,17.50
S123,1487112244,19.70,8.50,18.80,8.50,0.10,17.50
S123,1487112543,19.80,8.70,18.70,8.60,0.10,17.50
S123,1487112842,19.60,8.90,18.80,8.80,0.10,17.50
S123,1487113141,19.70,9.20,18.80,8.80,0.10,17.50
S123,1487113440,19.60,9.10,18.90,8.70,0.10,17.50
S123,1487113739,19.60,8.90,18.80,8.60,0.10,17.50
S123,1487114038,19.60,8.70,18.80,8.60,0.10,17.50
S123,1487114337,19.50,8.90,18.80,8.60,0.10,17.50
S123,1487114636,19.50,8.70,18.80,8.50,0.10,17.40
S123,1487114935,19.50,8.90,18.80,8.50,0.10,17.50
S123,1487115234,19.50,9.10,18.80,9.40,0.10,17.50
S123,1487115533,19.40,9.70,18.80,9.60,0.10,17.50
S123,1487115832,19.40,9.50,18.80,9.30,0.10,17.50
S123,1487116131,19.40,9.20,18.80,9.00,0.10,17.50
S123,1487116430,19.40,9.20,18.70,8.70,0.10,17.50
S123,1487116729,19.40,8.80,18.70,8.40,0.10,17.50
S123,1487117028,19.40,8.60,18.70,8.30,0.10,17.50
S123,1487117327,19.30,8.20,18.70,8.10,0.10,17.50
S123,1487117626,19.30,8.30,18.70,7.90,0.10,17.50
S123,1487117925,19.30,8.50,18.70,8.00,0.10,17.50
S123,1487118224,19.30,8.50,18.50,7.90,0.10,17.50
S123,1487118523,19.20,8.50,18.40,7.70,0.10,17.50
S123,1487118822,19.20,8.10,18.40,7.80,0.10,17.50
S123,1487119121,19.20,8.40,18.40,7.80,0.10,17.40
S123,1487119420,19.10,8.20,18.30,7.80,0.10,17.50
S123,1487119719,19.10,8.10,18.30,7.80,0.10,17.50
S123,1487120018,19.00,8.20,18.20,7.70,0.10,17.50
S123,1487120317,19.00,8.00,18.20,7.70,0.10,17.50
S123,1487120616,19.00,8.20,18.20,7.80,0.10,17.50
S123,1487120915,18.90,7.90,18.10,7.80,0.10,17.50
S123,1487121214,18.90,8.00,18.10,7.80,0.10,17.50
S123,1487121513,18.90,8.10,18.10,7.80,0.10,17.50
S123,1487121812,18.80,8.10,18.00,7.80,0.10,17.50
S123,1487122111,18.80,8.00,18.00,7.80,0.10,17.50
S123,1487122410,18.80,7.90,18.00,7.90,0.10,17.50
S123,1487122709,18.70,8.20,17.90,7.90,0.10,17.50
S123,1487123008,18.70,8.30,17.90,7.90,0.10,17.50
S123,1487123307,18.70,8.10,17.90,8.00,0.10,17.50
S123,1487123606,18.60,8.20,17.80,8.00,0.10,17.50
S123,1487123905,18.60,8.40,17.80,8.10,0.10,17.50
S123,1487124204,18.60,8.30,17.80,8.20,0.10,17.50
S123,1487124503,18.50,8.30,17.80,8.30,0.10,17.50
S123,1487124802,18.50,8.20,17.80,8.20,0.10,17.50
S123,1487125101,18.50,8.50,17.70,8.20,0.10,17.50
S123,1487125400,18.50,8.40,17.70,8.20,0.10,17.50
S123,1487125699,18.40,8.40,17.70,8.30,0.10,17.50
S123,1487125998,18.40,8.30,17.70,8.20,0.10,17.50
S123,1487126297,18.40,8.30,17.70,8.20,0.10,17.50
S123,1487126596,18.40,8.40,17.60,8.10,0.10,17.50
S123,1487126895,18.30,8.30,17.60,8.10,0.10,17.50
S123,1487127194,18.30,8.40,17.60,8.10,0.10,17.50
S123,1487127493,18.30,8.30,17.60,8.00,0.10,17.50
S123,1487127792,18.20,8.00,17.60,8.10,0.10,17.50
S123,1487128091,18.20,8.10,17.50,8.00,0.10,17.50
S123,1487128390,18.20,7.90,17.50,8.00,0.10,17.50
S123,1487128689,18.20,8.20,17.50,8.10,0.10,17.50
S123,1487128988,18.20,8.20,17.50,8.10,0.10,17.50
S123,1487129287,18.20,8.20,17.40,8.00,0.10,17.50
S123,1487129586,18.10,8.30,17.40,8.00,0.10,17.50
S123,1487129885,18.10,8.10,17.40,8.10,0.10,17.50
S123,1487130184,18.10,7.90,17.40,8.20,0.10,17.50
S123,1487130483,18.10,8.40,17.40,8.20,0.10,17.50
S123,1487130782,18.10,8.40,17.40,8.30,0.10,17.50
S123,1487131081,18.00,8.30,17.40,8.30,0.10,17.50
S123,1487131380,18.00,8.50,17.40,8.40,0.10,17.50
S123,1487131679,18.00,8.50,17.30,8.40,0.10,17.50
S123,1487131978,18.00,8.50,17.30,8.50,0.10,17.50
S123,1487132277,18.00,8.60,17.30,8.60,0.10,17.50
S123,1487132576,17.90,8.50,17.30,8.60,0.10,17.50
S123,1487132875,17.90,8.60,17.30,8.70,0.10,17.50
S123,1487133174,17.90,8.80,17.30,8.70,0.10,17.50
S123,1487133473,17.90,8.80,17.30,8.80,0.10,17.50
S123,1487133772,17.90,9.00,17.40,8.80,0.10,17.50
S123,1487134071,17.80,8.80,17.40,8.70,0.10,17.50
S123,1487134370,17.90,8.90,17.40,8.70,0.10,17.50
S123,1487134669,17.90,9.00,17.50,8.70,0.10,17.50
S123,1487134968,17.90,8.90,17.40,8.60,0.10,17.50
S123,1487135267,17.90,8.70,17.50,8.70,0.10,17.50
S123,1487135566,17.90,9.00,17.50,8.70,0.10,17.50
S123,1487135865,17.90,9.20,17.70,8.80,0.10,17.50
S123,1487136164,17.90,9.40,17.90,8.80,0.10,17.50
S123,1487136463,17.90,9.50,17.90,8.70,0.10,17.50
S123,1487136762,18.00,9.60,18.00,8.60,0.10,17.50
S123,1487137061,17.90,9.60,18.10,8.80,0.10,17.50
S123,1487137360,18.00,9.70,18.10,8.80,0.10,17.50
S123,1487137659,18.00,9.70,18.20,8.90,0.10,17.50
S123,1487137958,18.10,9.80,18.20,8.80,0.10,17.50
S123,1487138257,18.10,9.80,18.20,8.80,0.10,17.50
S123,1487138556,18.10,9.80,18.30,8.70,0.10,17.50
S123,1487138855,18.20,9.90,18.40,8.70,0.10,17.50
S123,1487139154,18.20,9.90,18.40,8.70,0.10,17.50
S123,1487139453,18.20,9.90,18.40,8.70,0.10,17.50
S123,1487139752,18.20,9.80,18.50,8.60,0.10,17.50
S123,1487140051,18.30,9.90,18.50,8.50,0.10,17.50
S123,1487140350,18.30,9.80,18.50,8.50,0.10,17.50
S123,1487140649,18.30,9.80,18.50,8.40,0.10,17.50
S123,1487140948,18.40,9.80,18.60,8.40,0.10,17.50
S123,1487141247,18.40,9.80,18.60,8.40,0.10,17.50
S123,1487141547,18.40,9.80,18.70,8.50,0.10,17.50
S123,1487141846,18.50,9.80,18.70,8.30,0.10,17.50
S123,1487142145,18.50,9.70,18.70,8.30,0.10,17.50
S123,1487142444,18.50,9.70,18.70,8.30,0.10,17.50
S123,1487142743,18.50,9.70,18.80,8.30,0.10,17.50
S123,1487143042,18.60,9.80,18.80,8.20,0.10,17.50
S123,1487143341,18.60,9.70,18.80,8.20,0.10,17.50
S123,1487143640,18.60,9.70,18.90,8.20,0.10,17.50
S123,1487143939,18.70,9.80,18.90,8.20,0.10,17.50
S123,1487144238,18.70,10.20,18.90,8.10,0.10,17.50
S123,1487144537,18.70,9.70,19.00,8.00,0.10,17.50
S123,1487144836,18.70,9.60,19.00,8.00,0.10,17.50
S123,1487145135,18.80,9.60,19.00,8.00,0.10,17.50
S123,1487145434,18.80,9.50,19.10,8.00,0.10,17.50
S123,1487145733,18.80,9.40,19.20,8.00,0.10,17.50
S123,1487146032,18.90,9.50,19.20,7.90,0.10,17.50
S123,1487146331,18.90,9.40,19.20,7.90,0.10,17.50
S123,1487146630,18.90,9.10,19.10,7.50,0.10,17.50
S123,1487146929,19.00,9.20,19.10,7.50,0.10,17.50
S123,1487147228,19.00,9.20,19.10,7.50,0.10,17.40
S123,1487147527,19.00,9.20,19.00,7.50,0.10,17.50
S123,1487147826,19.10,9.00,19.00,7.80,0.10,17.50
S123,1487148125,19.00,8.90,19.00,7.80,0.10,17.50
S123,1487148424,19.10,8.80,19.00,7.80,0.10,17.50
S123,1487148723,19.10,8.60,18.90,7.80,0.10,17.50
S123,1487149022,19.10,8.90,18.90,8.10,0.10,17.50
S123,1487149321,19.10,8.90,18.90,8.20,0.10,17.50
S123,1487149620,19.10,8.90,18.90,8.40,0.10,17.50
S123,1487149919,19.10,9.00,18.80,8.40,0.10,17.50
S123,1487150218,19.10,8.80,18.80,8.50,0.10,17.40
S123,1487150517,19.10,8.40,18.70,8.20,0.10,17.50
S123,1487150816,19.10,8.80,18.70,8.30,0.10,17.40
S123,1487151115,19.10,8.80,18.80,8.70,0.10,17.50
S123,1487151414,19.10,9.10,18.90,8.60,0.10,17.50
S123,1487151713,19.10,9.20,19.00,8.70,0.10,17.50
S123,1487152012,19.10,9.20,19.10,8.20,0.10,17.50
S123,1487152311,19.10,9.20,19.20,8.20,0.10,17.50
S123,1487152610,19.10,9.20,19.40,8.30,0.10,17.50
S123,1487152909,19.20,9.50,19.50,8.20,0.10,17.50
S123,1487153208,19.20,9.40,19.60,8.60,0.10,17.50
S123,1487153507,19.20,9.50,19.70,8.60,0.10,17.50
S123,1487153806,19.30,9.40,19.70,8.10,0.10,17.40
S123,1487154105,19.30,9.40,19.80,8.10,0.10,17.40
S123,1487154404,19.40,9.10,19.80,7.90,0.10,17.50
S123,1487154703,19.40,9.00,19.90,8.20,0.10,17.50
S123,1487155002,19.40,9.10,19.90,7.70,0.10,17.50
S123,1487155301,19.50,9.10,19.90,8.00,0.10,17.40
S123,1487155600,19.50,9.20,19.90,7.70,0.10,17.50
S123,1487155899,19.50,9.20,19.90,7.70,0.10,17.50
S123,1487156198,19.60,9.20,19.90,7.70,0.10,17.40
S123,1487156497,19.60,8.80,19.90,7.70,0.10,17.40
S123,1487156796,19.60,8.90,20.00,7.70,0.10,17.50
S123,1487157095,19.70,8.80,20.00,7.40,0.10,17.50
S123,1487157394,19.70,8.80,20.00,7.70,0.10,17.50
S123,1487157693,19.70,8.80,20.00,7.30,0.10,17.40
S123,1487157992,19.80,8.70,20.10,7.30,0.10,17.40
S123,1487158291,19.80,8.70,20.10,7.20,0.10,17.40
S123,1487158590,19.80,8.40,20.10,7.20,0.10,17.40
S123,1487158889,19.80,8.30,20.20,7.20,0.10,17.40
S123,1487159188,19.90,8.10,20.20,7.00,0.10,17.40
S123,1487159487,19.90,8.40,20.20,7.20,0.10,17.50
S123,1487159786,19.90,8.20,20.30,7.20,0.10,17.50
