Device,Time,DHT1-OUT Temp,DHT1-OUT Hum,DHT2-IN Temp,DHT2-IN Hum,Soil,Infrared
S117,1486911899,21.60,5.10,21.60,10.10,0.10,17.40
S117,1486912198,21.60,4.70,21.60,10.10,0.10,17.40
S117,1486912497,21.60,4.60,21.50,10.20,0.10,17.40
S117,1486912796,21.60,5.50,21.50,10.50,0.10,17.40
S117,1486913095,21.50,5.50,21.60,10.60,0.10,17.40
S117,1486913394,21.50,5.50,21.60,10.40,0.10,17.40
S117,1486913693,21.50,5.80,21.60,10.60,0.10,17.40
S117,1486913992,21.50,6.00,21.60,10.60,0.10,17.40
S117,1486914291,21.50,6.20,21.60,10.80,0.10,17.40
S117,1486914590,21.50,6.50,21.60,10.60,0.10,17.40
S117,1486914889,21.50,6.10,21.70,10.80,0.10,17.40
S117,1486915188,21.50,6.20,21.70,10.40,0.10,17.40
S117,1486915487,21.50,5.80,21.70,10.60,0.10,17.40
S117,1486915786,21.50,6.00,21.60,10.50,0.10,17.40
S117,1486916085,21.50,5.40,21.60,10.30,0.10,17.40
S117,1486916385,21.40,5.80,21.60,10.20,0.10,17.40
S117,1486916684,21.50,5.60,21.50,10.10,0.10,17.40
S117,1486916983,21.40,5.50,21.50,10.30,0.10,17.40
S117,1486917283,21.40,5.90,21.50,10.30,0.10,17.40
S117,1486917582,21.40,5.90,21.50,10.30,0.10,17.40
S117,1486917881,21.40,6.00,21.50,10.30,0.10,17.40
S117,1486918181,21.40,5.70,21.50,10.00,0.10,17.40
S117,1486918480,21.40,4.90,21.40,10.00,0.10,17.40
S117,1486918780,21.40,5.30,21.40,9.80,0.10,17.40
S117,1486919079,21.40,5.80,21.40,10.00,0.10,17.40
S117,1486919378,21.40,5.90,21.40,10.20,0.10,17.40
S117,1486919677,21.30,5.80,21.40,10.20,0.10,17.40
S117,1486919977,21.30,5.90,21.50,10.10,0.10,17.40
S117,1486920276,21.30,5.20,21.50,10.00,0.10,17.40
S117,1486920575,21.30,4.90,21.40,9.70,0.10,17.40
S117,1486920874,21.30,5.00,21.50,9.70,0.10,17.40
S117,1486921174,21.30,5.70,21.40,10.00,0.10,17.40
S117,1486921473,21.30,5.60,21.50,10.10,0.10,17.40
S117,1486921772,21.30,5.90,21.50,10.30,0.10,17.40
S117,1486922072,21.30,5.80,21.50,10.60,0.10,17.40
S117,1486922371,21.30,5.50,21.50,10.10,0.10,17.40
S117,1486922670,21.30,5.80,21.50,9.80,0.10,17.40
S117,1486922969,21.30,5.30,21.40,9.70,0.10,17.40
S117,1486923268,21.30,5.60,21.40,10.00,0.10,17.40
S117,1486923567,21.30,5.90,21.40,10.20,0.10,17.40
S117,1486923867,21.30,6.00,21.40,10.20,0.10,17.40
S117,1486924166,21.30,5.90,21.40,10.00,0.10,17.40
S117,1486924465,21.30,5.80,21.50,10.20,0.10,17.40
S117,1486924764,21.30,5.80,21.40,9.90,0.10,17.40
S117,1486925063,21.30,5.70,21.40,9.80,0.10,17.40
S117,1486925362,21.30,5.70,21.40,10.00,0.10,17.40
S117,1486925661,21.20,5.70,21.40,10.10,0.10,17.40
S117,1486925961,21.30,6.00,21.40,10.20,0.10,17.40
S117,1486926260,21.30,5.90,21.40,10.40,0.10,17.40
S117,1486926559,21.20,5.40,21.40,9.90,0.10,17.40
S117,1486926858,21.30,5.60,21.40,9.60,0.10,17.40
S117,1486927157,21.30,5.20,21.40,9.70,0.10,17.40
S117,1486927456,21.20,5.70,21.40,9.80,0.10,17.40
S117,1486927755,21.20,5.80,21.40,10.10,0.10,17.40
S117,1486928054,21.20,5.80,21.40,10.20,0.10,17.40
S117,1486928353,21.20,5.50,21.50,10.30,0.10,17.40
S117,1486928652,21.20,5.70,21.40,9.60,0.10,17.40
S117,1486928951,21.20,5.40,21.40,9.60,0.10,17.40
S117,1486929250,21.20,5.40,21.40,9.70,0.10,17.40
S117,1486929549,21.20,5.50,21.40,9.80,0.10,17.40
S117,1486929848,21.20,5.60,21.40,10.00,0.10,17.40
S117,1486930147,21.20,5.60,21.40,10.20,0.10,17.40
S117,1486930446,21.20,5.70,21.40,9.80,0.10,17.40
S117,1486930745,21.20,5.50,21.40,9.60,0.10,17.40
S117,1486931044,21.20,5.50,21.40,9.50,0.10,17.40
S117,1486931343,21.20,5.40,21.40,9.80,0.10,17.40
S117,1486931642,21.20,5.60,21.40,9.80,0.10,17.40
S117,1486931941,21.20,5.80,21.40,10.10,0.10,17.40
S117,1486932240,21.20,5.80,21.40,9.80,0.10,17.40
S117,1486932539,21.20,5.90,21.40,10.00,0.10,17.40
S117,1486932838,21.20,5.70,21.40,10.00,0.10,17.40
S117,1486933137,21.20,5.30,21.40,9.70,0.10,17.40
S117,1486933436,21.20,5.60,21.40,9.80,0.10,17.40
S117,1486933735,21.20,5.70,21.30,9.90,0.10,17.40
S117,1486934034,21.20,5.90,21.30,10.00,0.10,17.40
S117,1486934333,21.20,5.80,21.30,10.00,0.10,17.40
S117,1486934632,21.20,5.70,21.20,9.70,0.10,17.40
S117,1486934931,21.20,5.20,21.10,9.70,0.10,17.40
S117,1486935230,21.10,4.80,20.90,9.60,0.10,17.40
S117,1486935529,21.10,5.10,20.80,9.70,0.10,17.40
S117,1486935828,21.00,4.90,20.70,9.70,0.10,17.40
S117,1486936127,21.00,4.70,20.60,9.70,0.10,17.40
S117,1486936426,21.00,4.90,20.60,9.90,0.10,17.40
S117,1486936725,20.90,4.90,20.50,9.90,0.10,17.40
S117,1486937024,20.80,5.20,20.40,10.00,0.10,17.40
S117,1486937323,20.80,5.40,20.40,10.10,0.10,17.40
S117,1486937622,20.70,5.40,20.30,10.20,0.10,17.40
S117,1486937921,20.70,5.70,20.30,10.40,0.10,17.40
S117,1486938220,20.60,5.90,20.30,10.50,0.10,17.40
S117,1486938519,20.60,5.90,20.30,10.80,0.10,17.40
S117,1486938818,20.60,5.90,20.30,10.80,0.10,17.40
S117,1486939117,20.60,6.00,20.30,10.90,0.10,17.40
S117,1486939416,20.50,6.10,20.30,10.90,0.10,17.40
S117,1486939715,20.50,5.80,20.20,10.90,0.10,17.40
S117,1486940014,20.50,6.10,20.20,10.90,0.10,17.40
S117,1486940313,20.40,6.00,20.20,11.00,0.10,17.40
S117,1486940612,20.40,6.00,20.20,11.10,0.10,17.40
S117,1486940911,20.40,6.20,20.20,11.10,0.10,17.40
S117,1486941210,20.40,6.40,20.10,11.10,0.10,17.40
S117,1486941509,20.40,6.30,20.10,11.30,0.10,17.40
S117,1486941808,20.30,6.40,20.10,11.50,0.10,17.40
S117,1486942107,20.30,6.60,20.00,11.60,0.10,17.40
S117,1486942406,20.30,6.60,20.00,11.60,0.10,17.40
S117,1486942705,20.30,6.70,20.00,11.60,0.10,17.40
S117,1486943004,20.30,6.70,20.00,11.60,0.10,17.40
S117,1486943303,20.20,6.60,19.90,11.50,0.10,17.40
S117,1486943602,20.20,6.60,19.90,11.50,0.10,17.40
S117,1486943901,20.20,6.70,19.90,11.50,0.10,17.40
S117,1486944200,20.20,6.70,19.80,11.40,0.10,17.40
S117,1486944499,20.10,6.70,19.80,11.40,0.10,17.40
S117,1486944798,20.10,6.50,19.70,11.30,0.10,17.40
S117,1486945097,20.10,6.70,19.70,11.40,0.10,17.40
S117,1486945396,20.00,6.90,19.60,11.60,0.10,17.40
S117,1486945695,20.00,6.80,19.60,11.70,0.10,17.40
S117,1486945994,20.00,6.70,19.50,11.60,0.10,17.40
S117,1486946293,19.90,6.70,19.50,11.80,0.10,17.40
S117,1486946592,19.90,6.90,19.40,11.80,0.10,17.40
S117,1486946891,19.80,6.90,19.40,11.90,0.10,17.40
S117,1486947190,19.80,6.90,19.30,11.90,0.10,17.40
S117,1486947489,19.70,6.80,19.30,11.90,0.10,17.40
S117,1486947788,19.70,6.90,19.30,12.00,0.10,17.40
S117,1486948087,19.70,6.90,19.20,11.90,0.10,17.40
S117,1486948386,19.60,6.80,19.20,11.90,0.10,17.40
S117,1486948685,19.60,6.80,19.20,11.90,0.10,17.40
S117,1486948984,19.60,6.80,19.20,12.00,0.10,17.40
S117,1486949283,19.50,7.00,19.10,11.80,0.10,17.40
S117,1486949582,19.50,7.00,19.10,11.90,0.10,17.40
S117,1486949881,19.50,7.00,19.10,11.90,0.10,17.40
S117,1486950181,19.40,7.00,19.10,12.00,0.10,17.40
S117,1486950480,19.40,6.90,19.00,11.90,0.10,17.40
S117,1486950779,19.40,6.80,19.00,12.00,0.10,17.40
S117,1486951078,19.40,7.20,19.00,12.10,0.10,17.40
S117,1486951377,19.30,7.20,19.00,12.20,0.10,17.40
S117,1486951676,19.30,7.30,19.00,12.30,0.10,17.40
S117,1486951975,19.30,7.30,18.90,12.40,0.10,17.40
S117,1486952274,19.30,7.40,18.90,12.40,0.10,17.40
S117,1486952573,19.20,7.20,18.90,12.40,0.10,17.40
S117,1486952872,19.20,7.40,18.90,12.50,0.10,17.40
S117,1486953171,19.20,7.30,18.80,12.20,0.10,17.40
S117,1486953470,19.10,7.30,18.80,12.40,0.10,17.40
S117,1486953769,19.10,7.20,18.80,12.40,0.10,17.40
S117,1486954068,19.10,7.30,18.70,12.40,0.10,17.40
S117,1486954367,19.00,7.30,18.70,12.80,0.10,17.40
S117,1486954666,19.10,7.40,18.70,12.30,0.10,17.40
S117,1486954965,19.00,7.10,18.70,12.20,0.10,17.40
S117,1486955264,19.00,7.20,18.70,12.10,0.10,17.40
S117,1486955563,19.00,7.10,18.70,12.20,0.10,17.40
S117,1486955862,19.00,7.20,18.70,12.40,0.10,17.40
S117,1486956161,18.90,7.40,18.60,12.40,0.10,17.40
S117,1486956460,18.90,7.30,18.60,12.40,0.10,17.40
S117,1486956759,18.90,7.30,18.60,12.30,0.10,17.40
S117,1486957058,18.80,7.40,18.60,12.30,0.10,17.40
S117,1486957357,18.80,7.10,18.60,12.20,0.10,17.40
S117,1486957656,18.80,7.20,18.50,12.20,0.10,17.40
S117,1486957955,18.80,7.20,18.50,12.10,0.10,17.40
S117,1486958254,18.80,7.10,18.50,12.10,0.10,17.40
S117,1486958553,18.80,7.20,18.50,12.20,0.10,17.40
S117,1486958852,18.70,7.40,18.40,12.30,0.10,17.40
S117,1486959151,18.70,7.50,18.50,12.40,0.10,17.40
S117,1486959450,18.70,7.70,18.50,12.40,0.10,17.40
S117,1486959749,18.70,7.70,18.50,12.30,0.10,17.40
S117,1486960048,18.70,7.70,18.60,12.20,0.10,17.40
S117,1486960347,18.70,7.70,18.60,12.10,0.10,17.40
S117,1486960646,18.70,7.40,18.60,11.90,0.10,17.40
S117,1486960945,18.70,7.50,18.60,11.90,0.10,17.40
S117,1486961244,18.70,7.50,18.60,11.90,0.10,17.40
S117,1486961543,18.70,7.40,18.60,11.90,0.10,17.40
S117,1486961842,18.70,7.40,18.60,11.80,0.10,17.40
S117,1486962141,18.70,7.10,18.50,11.70,0.10,17.40
S117,1486962440,18.70,7.20,18.50,11.70,0.10,17.40
S117,1486962739,18.70,7.10,18.40,11.60,0.10,17.40
S117,1486963038,18.60,7.20,18.40,11.70,0.10,17.40
S117,1486963337,18.60,7.30,18.40,11.70,0.10,17.40
S117,1486963636,18.60,7.50,18.40,11.90,0.10,17.40
S117,1486963935,18.60,7.70,18.50,12.00,0.10,17.40
S117,1486964234,18.60,7.80,18.60,12.10,0.10,17.40
S117,1486964533,18.70,7.90,18.70,12.10,0.10,17.40
S117,1486964832,18.60,7.90,18.80,12.20,0.10,17.40
S117,1486965131,18.70,8.00,18.80,12.10,0.10,17.40
S117,1486965430,18.70,8.00,18.90,12.10,0.10,17.40
S117,1486965729,18.70,8.10,18.90,12.10,0.10,17.40
S117,1486966028,18.70,8.00,19.00,12.20,0.10,17.40
S117,1486966327,18.80,8.00,19.00,12.20,0.10,17.40
S117,1486966626,18.80,8.00,19.10,12.20,0.10,17.40
S117,1486966925,18.80,8.00,19.10,12.10,0.10,17.40
S117,1486967224,18.90,8.00,19.10,12.10,0.10,17.40
S117,1486967523,18.90,8.00,19.20,12.10,0.10,17.40
S117,1486967822,18.90,8.00,19.20,12.10,0.10,17.40
S117,1486968121,18.90,8.00,19.30,12.10,0.10,17.40
S117,1486968420,19.00,8.00,19.30,12.10,0.10,17.40
S117,1486968719,19.00,8.00,19.30,12.10,0.10,17.40
S117,1486969018,19.00,8.00,19.40,12.10,0.10,17.40
S117,1486969317,19.10,8.00,19.40,12.00,0.10,17.40
S117,1486969616,19.10,8.00,19.50,12.00,0.10,17.40
S117,1486969915,19.20,8.00,19.50,12.00,0.10,17.40
S117,1486970214,19.20,8.00,19.50,12.00,0.10,17.40
S117,1486970513,19.20,7.90,19.60,12.00,0.10,17.40
S117,1486970812,19.20,7.80,19.50,12.00,0.10,17.40
S117,1486971111,19.30,7.80,19.60,12.00,0.10,17.40
S117,1486971410,19.30,7.90,19.60,12.00,0.10,17.40
S117,1486971709,19.30,7.70,19.60,11.80,0.10,17.40
S117,1486972008,19.30,7.70,19.70,12.00,0.10,17.40
S117,1486972307,19.40,7.60,19.70,11.80,0.10,17.40
S117,1486972606,19.40,7.80,19.70,11.80,0.10,17.40
S117,1486972905,19.40,7.70,19.70,11.70,0.10,17.40
S117,1486973204,19.40,7.70,19.70,11.70,0.10,17.40
S117,1486973503,19.50,7.60,19.80,11.90,0.10,17.40
S117,1486973802,19.50,7.60,19.80,11.90,0.10,17.40
S117,1486974101,19.50,7.50,19.80,11.70,0.10,17.40
S117,1486974400,19.50,7.50,19.80,11.40,0.10,17.40
S117,1486974699,19.60,7.50,19.90,11.50,0.10,17.40
S117,1486974998,19.60,7.60,19.90,11.50,0.10,17.40
S117,1486975297,19.60,7.50,19.90,11.50,0.10,17.40
S117,1486975596,19.60,7.40,20.00,11.60,0.10,17.40
S117,1486975895,19.70,7.50,20.00,11.70,0.10,17.40
S117,1486976194,19.70,7.70,20.00,11.60,0.10,17.40
S117,1486976493,19.70,7.40,20.10,11.60,0.10,17.40
S117,1486976792,19.70,7.50,20.20,11.70,0.10,17.40
S117,1486977091,19.80,12.10,20.30,13.20,0.10,17.40
S117,1486977390,19.80,8.00,20.30,11.80,0.10,17.40
S117,1486977689,19.80,7.80,20.40,11.80,0.10,17.40
S117,1486977988,19.90,7.50,20.40,11.80,0.10,17.40
S117,1486978287,19.90,7.20,20.50,11.60,0.10,17.40
S117,1486978586,20.00,7.40,20.50,11.70,0.10,17.40
S117,1486978885,20.00,7.30,20.50,11.40,0.10,17.40
S117,1486979184,20.10,7.30,20.60,11.30,0.10,17.40
S117,1486979483,20.10,7.60,20.60,11.30,0.10,17.40
S117,1486979782,20.10,7.40,20.60,11.50,0.10,17.40
S117,1486980081,20.10,7.40,20.60,11.70,0.10,17.40
S117,1486980380,20.20,7.20,20.70,11.40,0.10,17.40
S117,1486980679,20.20,7.20,20.70,11.40,0.10,17.40
S117,1486980978,20.20,7.30,20.70,11.30,0.10,17.40
S117,1486981277,20.30,7.20,20.70,11.70,0.10,17.40
S117,1486981576,20.30,7.30,20.80,11.40,0.10,17.40
S117,1486981875,20.30,7.40,20.80,11.60,0.10,17.40
S117,1486982174,20.40,7.50,20.80,11.70,0.10,17.40
S117,1486982473,20.40,7.40,20.80,11.40,0.10,17.40
S117,1486982772,20.40,7.20,20.90,11.70,0.10,17.40
S117,1486983071,20.40,7.40,21.00,12.20,0.10,17.40
S117,1486983370,20.50,7.10,21.00,12.30,0.10,17.40
S117,1486983669,20.50,7.30,21.00,11.40,0.10,17.40
S117,1486983968,20.60,7.00,21.00,11.70,0.10,17.40
S117,1486984267,20.60,8.20,21.00,12.10,0.10,17.40
S117,1486984566,20.60,6.90,21.10,11.60,0.10,17.40
S117,1486984865,20.70,7.20,21.10,11.80,0.10,17.40
S117,1486985164,20.70,7.00,21.10,11.60,0.10,17.40
S117,1486985463,20.70,6.80,21.10,11.10,0.10,17.40
S117,1486985762,20.70,6.80,21.10,11.20,0.10,17.40
S117,1486986061,20.80,6.80,21.10,11.30,0.10,17.40
S117,1486986360,20.70,6.90,21.10,11.10,0.10,17.40
S117,1486986659,20.80,7.10,21.10,11.30,0.10,17.40
S117,1486986958,20.80,6.90,21.10,10.90,0.10,17.40
S117,1486987257,20.80,6.80,21.10,10.90,0.10,17.40
S117,1486987556,20.80,6.80,21.10,10.90,0.10,17.40
S117,1486987855,20.80,6.20,21.20,10.80,0.10,17.40
S117,1486988154,20.90,6.90,21.20,10.90,0.10,17.40
S117,1486988454,20.90,6.80,21.20,10.90,0.10,17.40
S117,1486988753,20.90,6.90,21.20,10.90,0.10,17.40
S117,1486989052,20.90,6.80,21.20,11.00,0.10,17.40
S117,1486989351,20.90,6.90,21.20,11.20,0.10,17.40
S117,1486989650,20.90,6.80,21.20,11.30,0.10,17.40
S117,1486989949,20.90,6.90,21.20,10.80,0.10,17.40
S117,1486990248,20.90,6.80,21.30,11.00,0.10,17.40
S117,1486990547,20.90,6.90,21.30,11.00,0.10,17.40
S117,1486990846,21.00,6.80,21.20,10.80,0.10,17.40
S117,1486991145,20.90,7.10,21.30,10.70,0.10,17.40
S117,1486991444,20.90,6.10,21.20,9.90,0.10,17.40
S117,1486991743,21.00,6.30,21.20,10.10,0.10,17.40
S117,1486992042,21.00,6.20,21.30,10.30,0.10,17.40
S117,1486992341,21.00,6.10,21.20,9.90,0.10,17.40
S117,1486992640,21.00,6.10,21.20,10.20,0.10,17.40
S117,1486992939,20.90,6.00,21.30,10.60,0.10,17.40
S117,1486993238,21.00,6.30,21.30,10.40,0.10,17.40
S117,1486993537,21.00,6.30,21.30,10.00,0.10,17.40
S117,1486993836,21.00,6.20,21.30,9.90,0.10,17.40
S117,1486994135,21.00,6.10,21.30,9.80,0.10,17.40
S117,1486994434,21.00,6.10,21.30,9.90,0.10,17.40
S117,1486994733,21.00,5.50,21.30,9.90,0.10,17.40
S117,1486995032,21.00,6.00,21.30,10.10,0.10,17.40
S117,1486995331,21.00,6.10,21.30,10.20,0.10,17.40
S117,1486995630,21.00,6.10,21.30,10.10,0.10,17.40
S117,1486995929,21.00,6.10,21.30,10.00,0.10,17.40
S117,1486996228,21.00,6.10,21.30,10.10,0.10,17.40
S117,1486996527,21.00,6.10,21.30,9.90,0.10,17.40
S117,1486996826,21.00,6.10,21.30,10.00,0.10,17.40
S117,1486997125,21.00,5.60,21.30,10.00,0.10,17.40
S117,1486997424,21.00,6.10,21.30,10.00,0.10,17.40
S117,1486997723,21.00,5.50,21.30,9.60,0.10,17.40
S117,1486998022,21.00,5.90,21.30,9.50,0.10,17.40
S117,1486998321,21.00,5.80,21.30,9.80,0.10,17.40
S117,1486998620,21.10,5.90,21.30,9.50,0.10,17.40
S117,1486998919,21.00,5.70,21.30,9.50,0.10,17.40
S117,1486999218,21.00,5.70,21.30,9.50,0.10,17.40
S117,1486999517,21.10,5.90,21.30,9.40,0.10,17.40
S117,1486999816,21.10,5.90,21.30,9.60,0.10,17.40
S117,1487000115,21.10,5.90,21.30,9.60,0.10,17.40
S117,1487000414,21.10,5.40,21.30,9.10,0.10,17.40
S117,1487000713,21.10,5.00,21.30,9.30,0.10,17.40
S117,1487001012,21.10,5.20,21.30,9.40,0.10,17.40
S117,1487001311,21.10,5.50,21.30,9.40,0.10,17.40
S117,1487001610,21.10,5.50,21.30,9.30,0.10,17.40
S117,1487001909,21.10,5.50,21.30,9.50,0.10,17.40
S117,1487002208,21.10,5.60,21.30,9.40,0.10,17.40
S117,1487002507,21.10,5.30,21.30,9.30,0.10,17.40
S117,1487002806,21.10,5.30,21.30,9.30,0.10,17.40
S117,1487003105,21.10,5.40,21.30,9.20,0.10,17.40
S117,1487003404,21.10,4.90,21.30,9.20,0.10,17.40
S117,1487003703,21.10,5.20,21.20,9.30,0.10,17.40
S117,1487004002,21.10,5.30,21.30,9.40,0.10,17.40
S117,1487004301,21.10,5.20,21.30,9.60,0.10,17.40
S117,1487004600,21.10,5.40,21.30,9.60,0.10,17.40
S117,1487004899,21.10,5.70,21.40,9.60,0.10,17.40
S117,1487005198,21.10,5.60,21.40,9.60,0.10,17.40
S117,1487005497,21.10,5.60,21.40,9.40,0.10,17.40
S117,1487005796,21.10,5.20,21.40,9.40,0.10,17.40
S117,1487006095,21.10,5.50,21.30,9.30,0.10,17.40
S117,1487006394,21.10,5.50,21.30,9.30,0.10,17.40
S117,1487006693,21.10,5.50,21.40,9.70,0.10,17.40
S117,1487006992,21.10,5.70,21.40,9.60,0.10,17.40
S117,1487007291,21.10,5.60,21.40,9.60,0.10,17.40
S117,1487007590,21.10,5.40,21.30,9.30,0.10,17.40
S117,1487007889,21.10,4.90,21.30,9.30,0.10,17.40
S117,1487008188,21.10,5.40,21.30,9.50,0.10,17.40
S117,1487008487,21.10,5.50,21.30,9.50,0.10,17.40
S117,1487008786,21.10,5.60,21.30,9.70,0.10,17.40
S117,1487009085,21.10,5.50,21.30,9.60,0.10,17.40
S117,1487009384,21.10,5.40,21.30,9.60,0.10,17.40
S117,1487009683,21.10,5.50,21.30,9.50,0.10,17.40
S117,1487009982,21.10,5.40,21.30,9.80,0.10,17.40
S117,1487010281,21.10,5.40,21.30,9.70,0.10,17.40
S117,1487010580,21.10,5.40,21.30,9.70,0.10,17.40
S117,1487010879,21.10,5.20,21.30,9.70,0.10,17.40
S117,1487011178,21.10,5.50,21.30,9.50,0.10,17.40
S117,1487011477,21.10,5.40,21.30,9.70,0.10,17.40
S117,1487011776,21.10,5.50,21.20,9.40,0.10,17.40
S117,1487012075,21.10,5.20,21.20,9.60,0.10,17.40
S117,1487012374,21.10,5.60,21.30,9.70,0.10,17.40
S117,1487012673,21.10,5.60,21.30,9.50,0.10,17.40
S117,1487012972,21.10,5.20,21.30,9.50,0.10,17.40
S117,1487013271,21.10,5.50,21.20,9.50,0.10,17.40
S117,1487013570,21.00,5.50,21.20,9.40,0.10,17.40
S117,1487013869,21.10,5.20,21.30,9.60,0.10,17.40
S117,1487014168,21.10,5.40,21.30,9.60,0.10,17.40
S117,1487014468,21.10,5.30,21.40,9.70,0.10,17.40
S117,1487014767,21.10,5.20,21.40,9.50,0.10,17.40
S117,1487015066,21.10,4.80,21.40,9.50,0.10,17.40
S117,1487015365,21.10,4.80,21.40,9.10,0.10,17.40
S117,1487015664,21.10,5.00,21.40,9.40,0.10,17.40
S117,1487015963,21.10,4.90,21.40,9.30,0.10,17.40
S117,1487016262,21.10,5.10,21.50,9.30,0.10,17.40
S117,1487016561,21.10,5.10,21.50,9.50,0.10,17.40
S117,1487016860,21.20,5.00,21.50,9.20,0.10,17.40
S117,1487017159,21.10,4.90,21.50,9.30,0.10,17.40
S117,1487017458,21.10,4.60,21.50,9.30,0.10,17.40
S117,1487017757,21.20,4.80,21.60,9.40,0.10,17.40
S117,1487018056,21.10,4.90,21.50,9.30,0.10,17.40
S117,1487018355,21.20,5.20,21.50,9.40,0.10,17.40
S117,1487018654,21.10,5.20,21.50,9.40,0.10,17.40
S117,1487018953,21.20,5.10,21.50,9.30,0.10,17.40
S117,1487019252,21.20,4.90,21.40,9.10,0.10,17.40
S117,1487019551,21.20,5.10,21.30,9.20,0.10,17.40
S117,1487019850,21.20,4.90,21.40,9.20,0.10,17.40
S117,1487020149,21.10,4.50,21.40,9.30,0.10,17.40
S117,1487020448,21.20,5.20,21.40,9.20,0.10,17.40
S117,1487020747,21.10,4.90,21.30,8.80,0.10,17.40
S117,1487021046,21.10,4.70,21.10,8.70,0.10,17.40
S117,1487021345,21.10,4.70,21.00,8.70,0.10,17.40
S117,1487021644,21.10,4.70,20.80,8.70,0.10,17.40
S117,1487021943,21.00,4.70,20.80,8.80,0.10,17.40
S117,1487022242,21.00,4.60,20.70,8.80,0.10,17.40
S117,1487022541,21.00,4.30,20.50,8.70,0.10,17.40
S117,1487022840,20.90,4.00,20.40,8.80,0.10,17.40
S117,1487023139,20.90,4.00,20.30,8.90,0.10,17.40
S117,1487023438,20.80,4.10,20.10,8.80,0.10,17.40
S117,1487023737,20.70,4.20,20.00,8.90,0.10,17.40
S117,1487024036,20.70,4.10,20.00,9.00,0.10,17.40
S117,1487024335,20.60,4.20,19.90,9.00,0.10,17.40
S117,1487024634,20.50,4.40,19.90,9.10,0.10,17.40
S117,1487024933,20.50,4.30,19.80,9.10,0.10,17.40
S117,1487025232,20.40,4.40,19.70,9.20,0.10,17.40
S117,1487025531,20.40,4.40,19.70,9.40,0.10,17.40
S117,1487025830,20.30,4.60,19.60,9.50,0.10,17.40
S117,1487026129,20.30,4.80,19.60,9.60,0.10,17.40
S117,1487026428,20.20,4.70,19.50,9.70,0.10,17.40
S117,1487026728,20.20,4.80,19.50,9.80,0.10,17.40
S117,1487027027,20.10,5.00,19.40,9.80,0.10,17.40
S117,1487027326,20.10,5.10,19.40,10.00,0.10,17.40
S117,1487027625,20.00,5.10,19.40,10.10,0.10,17.40
S117,1487027924,20.00,5.10,19.30,10.10,0.10,17.40
S117,1487028223,19.90,5.40,19.30,10.20,0.10,17.40
S117,1487028522,19.90,5.30,19.20,10.10,0.10,17.40
S117,1487028821,19.80,5.30,19.20,10.30,0.10,17.40
S117,1487029120,19.90,5.50,19.20,10.30,0.10,17.40
S117,1487029419,19.80,5.50,19.10,10.30,0.10,17.40
S117,1487029718,19.70,5.50,19.10,10.40,0.10,17.40
S117,1487030017,19.70,5.30,19.10,10.50,0.10,17.40
S117,1487030316,19.70,5.30,19.00,10.40,0.10,17.40
S117,1487030615,19.60,5.30,19.00,10.50,0.10,17.40
S117,1487030914,19.60,5.60,19.10,10.60,0.10,17.40
S117,1487031213,19.50,5.40,19.00,10.50,0.10,17.40
S117,1487031512,19.50,5.60,19.10,10.60,0.10,17.40
S117,1487031811,19.50,5.80,19.10,10.60,0.10,17.40
S117,1487032110,19.50,5.50,19.00,10.50,0.10,17.40
S117,1487032409,19.50,5.70,19.00,10.50,0.10,17.40
S117,1487032708,19.40,5.70,19.00,10.60,0.10,17.40
S117,1487033007,19.40,5.50,19.00,10.60,0.10,17.40
S117,1487033306,19.40,5.70,19.00,10.60,0.10,17.40
S117,1487033605,19.40,5.60,18.90,10.60,0.10,17.40
S117,1487033904,19.40,5.60,18.80,10.70,0.10,17.40
S117,1487034203,19.30,5.60,18.80,10.70,0.10,17.40
S117,1487034502,19.30,5.60,18.70,10.60,0.10,17.40
S117,1487034801,19.30,5.70,18.70,10.60,0.10,17.40
S117,1487035100,19.20,5.90,18.60,10.60,0.10,17.40
S117,1487035399,19.20,6.00,18.60,10.60,0.10,17.40
S117,1487035698,19.10,5.90,18.60,10.60,0.10,17.40
S117,1487035997,19.10,5.90,18.60,10.60,0.10,17.40
S117,1487036296,19.10,6.00,18.60,10.60,0.10,17.40
S117,1487036595,19.00,6.10,18.50,10.50,0.10,17.40
S117,1487036894,19.00,6.20,18.50,10.50,0.10,17.40
S117,1487037193,19.00,6.00,18.50,10.60,0.10,17.40
S117,1487037492,19.00,6.20,18.50,10.60,0.10,17.40
S117,1487037791,18.90,6.00,18.50,10.70,0.10,17.40
S117,1487038090,18.90,6.20,18.50,10.70,0.10,17.40
S117,1487038389,18.90,6.20,18.40,10.70,0.10,17.40
S117,1487038688,18.80,6.20,18.40,10.80,0.10,17.40
S117,1487038987,18.80,6.10,18.40,10.80,0.10,17.40
S117,1487039286,18.80,6.20,18.40,10.90,0.10,17.40
S117,1487039585,18.80,6.30,18.40,10.90,0.10,17.40
S117,1487039884,18.70,6.10,18.30,10.90,0.10,17.40
S117,1487040183,18.70,6.30,18.30,11.00,0.10,17.40
S117,1487040482,18.70,6.20,18.30,11.00,0.10,17.40
S117,1487040781,18.70,6.40,18.30,11.00,0.10,17.40
S117,1487041080,18.60,6.50,18.20,11.00,0.10,17.40
S117,1487041379,18.60,6.20,18.30,11.10,0.10,17.40
S117,1487041678,18.60,6.40,18.30,11.10,0.10,17.40
S117,1487041977,18.60,6.50,18.20,11.10,0.10,17.40
S117,1487042276,18.50,6.50,18.20,11.10,0.10,17.40
S117,1487042575,18.50,6.50,18.20,11.20,0.10,17.40
S117,1487042874,18.50,6.60,18.20,11.30,0.10,17.40
S117,1487043173,18.50,6.70,18.20,11.30,0.10,17.40
S117,1487043472,18.50,6.70,18.10,11.30,0.10,17.40
S117,1487043771,18.50,6.70,18.20,11.30,0.10,17.40
S117,1487044070,18.40,6.70,18.10,11.30,0.10,17.40
S117,1487044369,18.40,6.60,18.10,11.30,0.10,17.40
S117,1487044668,18.40,6.60,18.10,11.40,0.10,17.40
S117,1487044967,18.40,6.80,18.10,11.40,0.10,17.40
S117,1487045266,18.40,6.60,18.10,11.40,0.10,17.40
S117,1487045565,18.30,6.80,18.00,11.40,0.10,17.40
S117,1487045864,18.30,6.70,18.00,11.50,0.10,17.40
S117,1487046163,18.30,6.90,18.00,11.50,0.10,17.40
S117,1487046462,18.30,6.80,18.00,11.50,0.10,17.40
S117,1487046761,18.30,6.70,18.00,11.60,0.10,17.40
S117,1487047060,18.30,6.80,18.00,11.60,0.10,17.40
S117,1487047359,18.30,7.00,18.00,11.60,0.10,17.40
S117,1487047658,18.30,7.10,18.00,11.60,0.10,17.40
S117,1487047957,18.20,6.90,18.00,11.60,0.10,17.40
S117,1487048256,18.20,7.00,17.90,11.60,0.10,17.40
S117,1487048555,18.20,6.80,17.90,11.60,0.10,17.40
S117,1487048854,18.20,7.00,17.90,11.60,0.10,17.40
S117,1487049153,18.20,6.90,17.90,11.60,0.10,17.40
S117,1487049452,18.20,7.10,17.90,11.60,0.10,17.40
S117,1487049751,18.20,7.30,18.00,11.60,0.10,17.40
S117,1487050050,18.20,7.40,18.10,11.70,0.10,17.40
S117,1487050349,18.20,7.50,18.20,11.70,0.10,17.40
S117,1487050648,18.20,7.60,18.30,11.80,0.10,17.40
S117,1487050947,18.20,7.60,18.40,11.80,0.10,17.40
S117,1487051246,18.20,7.60,18.50,11.80,0.10,17.40
S117,1487051545,18.30,7.70,18.50,11.80,0.10,17.40
S117,1487051844,18.30,7.80,18.60,11.80,0.10,17.40
S117,1487052143,18.30,7.70,18.60,11.80,0.10,17.40
S117,1487052442,18.30,7.70,18.60,11.70,0.10,17.40
S117,1487052741,18.30,7.70,18.70,11.80,0.10,17.40
S117,1487053040,18.40,7.80,18.70,11.80,0.10,17.40
S117,1487053339,18.40,7.70,18.80,11.90,0.10,17.40
S117,1487053638,18.50,7.80,18.80,11.90,0.10,17.40
S117,1487053937,18.50,7.80,18.90,11.90,0.10,17.40
S117,1487054236,18.60,7.90,19.00,12.00,0.10,17.40
S117,1487054535,18.60,7.90,19.00,11.90,0.10,17.40
S117,1487054834,18.60,7.90,19.00,11.90,0.10,17.40
S117,1487055133,18.60,7.80,19.10,12.00,0.10,17.40
S117,1487055432,18.70,7.90,19.10,11.90,0.10,17.40
S117,1487055731,18.70,7.90,19.10,11.90,0.10,17.40
S117,1487056030,18.70,7.90,19.20,11.90,0.10,17.40
S117,1487056329,18.80,7.90,19.20,11.90,0.10,17.40
S117,1487056628,18.80,7.90,19.20,11.90,0.10,17.40
S117,1487056927,18.80,7.90,19.30,11.90,0.10,17.40
S117,1487057226,18.90,7.90,19.30,12.00,0.10,17.40
S117,1487057525,18.90,7.90,19.40,12.00,0.10,17.40
S117,1487057824,18.90,7.90,19.40,12.00,0.10,17.40
S117,1487058123,19.00,8.00,19.40,12.00,0.10,17.40
S117,1487058422,19.00,7.90,19.40,12.00,0.10,17.40
S117,1487058721,19.00,8.00,19.50,12.00,0.10,17.40
S117,1487059020,19.10,8.00,19.50,12.00,0.10,17.40
S117,1487059319,19.10,8.00,19.60,12.00,0.10,17.40
S117,1487059618,19.10,8.00,19.60,12.00,0.10,17.40
S117,1487059917,19.10,7.90,19.60,12.00,0.10,17.40
S117,1487060216,19.20,7.90,19.60,12.00,0.10,17.40
S117,1487060515,19.20,8.00,19.70,12.00,0.10,17.40
S117,1487060814,19.20,7.90,19.70,12.00,0.10,17.40
S117,1487061113,19.30,8.00,19.70,12.00,0.10,17.40
S117,1487061412,19.30,8.00,19.80,12.00,0.10,17.40
S117,1487061711,19.30,7.90,19.80,12.10,0.10,17.40
S117,1487062010,19.40,8.10,19.80,12.00,0.10,17.40
S117,1487062309,19.40,8.00,19.90,12.10,0.10,17.40
S117,1487062608,19.40,8.00,20.00,12.10,0.10,17.40
S117,1487062907,19.50,8.00,20.00,11.80,0.10,17.40
S117,1487063206,19.50,8.00,20.10,12.00,0.10,17.40
S117,1487063505,19.50,8.00,20.20,11.70,0.10,17.40
S117,1487063804,19.60,8.00,20.20,11.70,0.10,17.40
S117,1487064103,19.60,8.00,20.30,11.80,0.10,17.40
S117,1487064402,19.70,8.00,20.30,11.80,0.10,17.40
S117,1487064701,19.70,7.80,20.40,11.80,0.10,17.40
S117,1487065001,19.80,7.90,20.40,11.80,0.10,17.40
S117,1487065300,19.80,7.70,20.50,11.90,0.10,17.40
S117,1487065599,19.80,7.70,20.50,11.90,0.10,17.40
S117,1487065898,19.90,7.70,20.50,11.90,0.10,17.40
S117,1487066197,19.90,7.60,20.50,11.60,0.10,17.40
S117,1487066496,20.00,7.60,20.50,11.50,0.10,17.40
S117,1487066795,20.00,7.60,20.50,11.70,0.10,17.40
S117,1487067094,20.00,7.40,20.50,11.30,0.10,17.40
S117,1487067393,20.00,7.40,20.60,11.30,0.10,17.40
S117,1487067692,20.00,7.40,20.60,11.20,0.10,17.40
S117,1487067991,20.10,7.40,20.70,11.20,0.10,17.40
S117,1487068290,20.10,7.30,20.70,10.90,0.10,17.40
S117,1487068589,20.20,7.30,20.80,11.00,0.10,17.40
S117,1487068888,20.20,7.20,20.80,10.70,0.10,17.40
S117,1487069187,20.20,7.10,20.70,11.00,0.10,17.40
S117,1487069486,20.20,7.10,20.70,10.90,0.10,17.40
S117,1487069785,20.30,7.10,20.80,10.90,0.10,17.40
S117,1487070084,20.30,7.10,20.70,10.90,0.10,17.40
S117,1487070383,20.30,7.10,20.70,11.00,0.10,17.40
S117,1487070682,20.30,7.10,20.70,11.10,0.10,17.40
S117,1487070981,20.30,7.20,20.60,11.00,0.10,17.40
S117,1487071280,20.30,7.10,20.70,11.00,0.10,17.40
S117,1487071579,20.30,7.00,20.60,10.90,0.10,17.40
S117,1487071878,20.30,7.00,20.60,11.00,0.10,17.40
S117,1487072177,20.30,7.00,20.60,10.90,0.10,17.40
S117,1487072476,20.30,6.90,20.60,10.80,0.10,17.40
S117,1487072775,20.30,7.00,20.60,10.80,0.10,17.40
S117,1487073074,20.40,7.00,20.60,10.70,0.10,17.40
S117,1487073373,20.40,6.90,20.70,10.60,0.10,17.40
S117,1487073672,20.40,6.80,20.70,10.50,0.10,17.40
S117,1487073971,20.40,6.80,20.70,10.60,0.10,17.40
S117,1487074270,20.40,6.80,20.70,10.50,0.10,17.40
S117,1487074569,20.40,6.70,20.70,10.50,0.10,17.40
S117,1487074868,20.40,6.70,20.70,10.50,0.10,17.40
S117,1487075167,20.40,6.50,20.70,10.40,0.10,17.40
S117,1487075466,20.40,6.60,20.70,10.40,0.10,17.40
S117,1487075765,20.40,6.60,20.70,10.50,0.10,17.40
S117,1487076064,20.40,6.90,20.70,10.20,0.10,17.40
S117,1487076363,20.40,6.40,20.70,10.20,0.10,17.40
S117,1487076662,20.40,6.30,20.70,10.30,0.10,17.40
S117,1487076961,20.40,6.30,20.80,10.30,0.10,17.40
S117,1487077260,20.40,6.40,20.80,10.40,0.10,17.40
S117,1487077559,20.40,6.40,20.80,10.20,0.10,17.40
S117,1487077858,20.50,6.50,20.90,10.40,0.10,17.40
S117,1487078157,20.50,6.40,20.90,10.40,0.10,17.40
S117,1487078456,20.50,6.50,21.00,10.40,0.10,17.40
S117,1487078755,20.50,6.30,21.00,10.30,0.10,17.40
S117,1487079054,20.60,6.50,21.00,10.40,0.10,17.40
S117,1487079353,20.60,6.50,21.00,10.40,0.10,17.40
S117,1487079652,20.60,6.50,21.00,10.40,0.10,17.40
S117,1487079951,20.60,6.30,21.10,10.30,0.10,17.40
S117,1487080250,20.70,6.30,21.20,10.20,0.10,17.40
S117,1487080549,20.70,6.00,21.20,9.70,0.10,17.40
S117,1487080848,20.70,5.90,21.10,9.50,0.10,17.40
S117,1487081147,20.70,5.40,21.10,9.40,0.10,17.40
S117,1487081446,20.70,5.60,21.10,9.50,0.10,17.40
S117,1487081745,20.70,5.50,21.10,9.70,0.10,17.40
S117,1487082044,20.80,5.40,21.20,9.50,0.10,17.40
S117,1487082343,20.80,5.80,21.20,9.70,0.10,17.40
S117,1487082642,20.80,5.70,21.20,9.70,0.10,17.40
S117,1487082941,20.80,5.60,21.30,9.70,0.10,17.40
S117,1487083240,20.80,5.90,21.30,9.50,0.10,17.40
S117,1487083539,20.80,5.30,21.30,9.60,0.10,17.40
S117,1487083838,20.80,5.50,21.30,9.20,0.10,17.40
S117,1487084137,20.90,5.20,21.30,9.40,0.10,17.40
S117,1487084436,20.90,5.00,21.30,9.20,0.10,17.40
S117,1487084735,20.90,5.20,21.30,9.30,0.10,17.40
S117,1487085034,20.90,5.40,21.30,9.30,0.10,17.40
S117,1487085333,20.90,5.50,21.40,9.40,0.10,17.40
S117,1487085632,20.90,5.50,21.40,9.30,0.10,17.40
S117,1487085931,20.90,5.30,21.40,9.40,0.10,17.40
S117,1487086230,20.90,5.60,21.50,9.40,0.10,17.40
S117,1487086529,20.90,5.40,21.50,9.10,0.10,17.40
S117,1487086828,20.90,5.10,21.50,9.20,0.10,17.40
S117,1487087127,20.90,5.10,21.50,9.20,0.10,17.40
S117,1487087426,20.90,4.70,21.40,9.10,0.10,17.40
S117,1487087725,21.00,4.70,21.40,9.20,0.10,17.40
S117,1487088024,21.00,5.00,21.40,9.00,0.10,17.40
S117,1487088323,21.00,5.20,21.40,9.30,0.10,17.40
S117,1487088622,20.90,5.00,21.50,9.30,0.10,17.40
S117,1487088921,20.90,4.70,21.50,9.30,0.10,17.40
S117,1487089220,21.00,5.10,21.50,9.40,0.10,17.40
S117,1487089519,21.00,4.70,21.50,9.50,0.10,17.40
S117,1487089818,21.00,4.90,21.50,9.40,0.10,17.40
S117,1487090117,21.00,5.10,21.50,9.20,0.10,17.40
S117,1487090416,21.00,4.90,21.50,9.30,0.10,17.40
S117,1487090715,21.00,4.70,21.60,9.40,0.10,17.40
S117,1487091014,21.00,5.10,21.50,9.10,0.10,17.40
S117,1487091313,21.00,4.90,21.50,9.10,0.10,17.40
S117,1487091612,21.00,4.70,21.50,9.00,0.10,17.40
S117,1487091911,21.00,4.60,21.50,9.10,0.10,17.40
S117,1487092210,21.00,4.10,21.50,8.90,0.10,17.40
S117,1487092509,21.00,4.50,21.60,10.00,0.10,17.40
S117,1487092808,21.00,4.90,21.60,9.00,0.10,17.40
S117,1487093107,21.00,4.60,21.50,8.80,0.10,17.40
S117,1487093406,21.00,4.60,21.50,8.90,0.10,17.40
S117,1487093705,21.00,4.60,21.40,8.80,0.10,17.40
S117,1487094004,20.90,4.40,21.40,8.80,0.10,17.40
S117,1487094303,21.00,4.40,21.40,8.80,0.10,17.40
S117,1487094602,21.00,4.50,21.50,9.10,0.10,17.40
S117,1487094901,21.00,4.30,21.40,8.80,0.10,17.40
S117,1487095200,21.00,4.70,21.40,8.80,0.10,17.40
S117,1487095499,20.90,4.80,21.40,8.80,0.10,17.40
S117,1487095798,21.00,4.80,21.40,8.70,0.10,17.40
S117,1487096097,21.00,5.10,21.40,9.00,0.10,17.40
S117,1487096396,21.00,5.10,21.40,8.90,0.10,17.40
S117,1487096695,21.00,4.70,21.40,8.70,0.10,17.40
S117,1487096994,21.00,4.90,21.40,8.80,0.10,17.40
S117,1487097293,21.00,4.70,21.40,8.90,0.10,17.40
S117,1487097592,21.00,4.30,21.40,8.50,0.10,17.40
S117,1487097891,21.00,4.50,21.40,8.40,0.10,17.40
S117,1487098190,21.00,4.00,21.40,8.30,0.10,17.40
S117,1487098489,20.90,4.40,21.40,8.50,0.10,17.40
S117,1487098788,20.90,4.30,21.40,8.50,0.10,17.40
S117,1487099087,21.00,4.10,21.40,8.40,0.10,17.40
S117,1487099386,21.00,4.10,21.40,8.80,0.10,17.40
S117,1487099685,21.00,4.30,21.40,8.80,0.10,17.40
S117,1487099984,21.00,4.50,21.40,8.30,0.10,17.40
S117,1487100283,21.00,4.10,21.30,8.10,0.10,17.40
S117,1487100582,21.00,4.30,21.30,8.00,0.10,17.40
S117,1487100881,21.00,4.40,21.30,8.30,0.10,17.40
S117,1487101180,20.90,4.50,21.30,8.40,0.10,17.40
S117,1487101479,20.90,4.60,21.30,8.40,0.10,17.40
S117,1487101778,20.90,4.50,21.20,8.40,0.10,17.40
S117,1487102077,20.90,4.40,21.20,8.40,0.10,17.40
S117,1487102376,20.90,4.50,21.20,8.40,0.10,17.40
S117,1487102675,20.90,4.30,21.10,8.30,0.10,17.40
S117,1487102974,20.90,4.30,21.00,8.30,0.10,17.40
S117,1487103274,20.90,4.40,21.00,8.40,0.10,17.40
S117,1487103573,20.90,4.50,20.90,8.30,0.10,17.40
S117,1487103872,20.80,4.40,20.90,8.40,0.10,17.40
S117,1487104171,20.80,4.30,20.90,8.40,0.10,17.40
S117,1487104470,20.80,4.50,20.90,8.40,0.10,17.40
S117,1487104769,20.80,4.20,20.80,8.30,0.10,17.40
S117,1487105068,20.70,4.30,20.80,8.30,0.10,17.40
S117,1487105367,20.70,4.40,20.80,8.30,0.10,17.40
S117,1487105666,20.70,4.40,20.70,8.20,0.10,17.40
S117,1487105965,20.70,4.40,20.70,8.30,0.10,17.40
S117,1487106264,20.70,4.30,20.70,8.30,0.10,17.40
S117,1487106563,20.70,4.40,20.70,8.30,0.10,17.40
S117,1487106862,20.60,4.30,20.70,8.30,0.10,17.40
S117,1487107161,20.60,4.30,20.60,8.20,0.10,17.40
S117,1487107460,20.60,4.10,20.40,8.10,0.10,17.40
S117,1487107759,20.50,4.10,20.30,8.00,0.10,17.40
S117,1487108058,20.50,3.90,20.20,8.10,0.10,17.40
S117,1487108357,20.40,3.90,20.00,8.00,0.10,17.40
S117,1487108656,20.40,3.60,20.00,8.10,0.10,17.40
S117,1487108955,20.40,3.70,19.90,8.00,0.10,17.40
S117,1487109254,20.30,3.80,19.80,8.00,0.10,17.40
S117,1487109553,20.30,3.70,19.70,8.00,0.10,17.40
S117,1487109852,20.20,3.70,19.70,8.10,0.10,17.40
S117,1487110151,20.10,3.80,19.70,8.10,0.10,17.40
S117,1487110450,20.10,4.10,19.60,8.20,0.10,17.40
S117,1487110749,20.00,3.70,19.60,8.20,0.10,17.40
S117,1487111048,20.00,3.90,19.50,8.20,0.10,17.40
S117,1487111347,20.00,3.90,19.50,8.20,0.10,17.40
S117,1487111646,19.90,3.90,19.40,8.20,0.10,17.40
S117,1487111945,19.80,3.90,19.40,8.30,0.10,17.40
S117,1487112244,19.80,3.90,19.30,8.80,0.10,17.40
S117,1487112543,19.80,4.00,19.30,8.40,0.10,17.40
S117,1487112842,19.70,4.10,19.30,8.70,0.10,17.40
S117,1487113141,19.70,3.90,19.30,8.70,0.10,17.40
S117,1487113440,19.60,3.80,19.30,8.70,0.10,17.40
S117,1487113739,19.60,4.00,19.30,8.60,0.10,17.40
S117,1487114038,19.60,4.10,19.30,8.60,0.10,17.40
S117,1487114337,19.60,3.90,19.30,8.50,0.10,17.40
S117,1487114636,19.60,4.20,19.20,8.40,0.10,17.40
S117,1487114935,19.50,4.00,19.20,8.40,0.10,17.40
S117,1487115234,19.50,4.10,19.20,8.90,0.10,17.40
S117,1487115533,19.50,4.90,19.20,9.60,0.10,17.40
S117,1487115832,19.50,4.90,19.20,9.30,0.10,17.40
S117,1487116131,19.40,4.60,19.20,9.00,0.10,17.40
S117,1487116430,19.40,4.40,19.20,8.70,0.10,17.40
S117,1487116729,19.40,4.10,19.20,8.50,0.10,17.40
S117,1487117028,19.40,4.20,19.20,8.40,0.10,17.40
S117,1487117327,19.40,3.60,19.10,8.10,0.10,17.40
S117,1487117626,19.30,3.70,19.10,8.00,0.10,17.40
S117,1487117925,19.30,3.60,19.00,7.90,0.10,17.40
S117,1487118224,19.30,3.70,19.00,7.90,0.10,17.40
S117,1487118523,19.30,3.50,18.90,7.80,0.10,17.40
S117,1487118822,19.20,3.10,18.90,7.80,0.10,17.40
S117,1487119121,19.20,3.60,18.80,7.70,0.10,17.40
S117,1487119420,19.20,3.40,18.80,7.80,0.10,17.40
S117,1487119719,19.10,3.30,18.70,7.70,0.10,17.40
S117,1487120018,19.10,3.40,18.70,7.70,0.10,17.40
S117,1487120317,19.00,3.40,18.60,7.60,0.10,17.40
S117,1487120616,19.00,3.30,18.60,7.70,0.10,17.40
S117,1487120915,19.00,3.30,18.60,7.70,0.10,17.40
S117,1487121214,18.90,2.90,18.60,7.80,0.10,17.40
S117,1487121513,18.90,3.20,18.50,7.70,0.10,17.40
S117,1487121812,18.90,3.30,18.50,7.70,0.10,17.40
S117,1487122111,18.80,3.30,18.50,7.70,0.10,17.40
S117,1487122410,18.80,2.90,18.40,7.80,0.10,17.40
S117,1487122709,18.80,3.30,18.40,7.80,0.10,17.40
S117,1487123008,18.70,3.30,18.40,7.80,0.10,17.40
S117,1487123307,18.70,3.40,18.30,7.80,0.10,17.40
S117,1487123606,18.70,3.50,18.30,7.90,0.10,17.40
S117,1487123905,18.60,3.30,18.30,8.00,0.10,17.40
S117,1487124204,18.60,3.30,18.30,8.10,0.10,17.40
S117,1487124503,18.60,3.60,18.20,8.00,0.10,17.40
S117,1487124802,18.60,3.10,18.20,8.00,0.10,17.40
S117,1487125101,18.50,3.70,18.20,8.00,0.10,17.40
S117,1487125400,18.50,3.60,18.20,8.10,0.10,17.40
S117,1487125699,18.50,3.70,18.10,8.00,0.10,17.40
S117,1487125998,18.50,3.80,18.10,8.00,0.10,17.40
S117,1487126297,18.40,3.80,18.10,8.00,0.10,17.40
S117,1487126596,18.40,3.80,18.10,8.00,0.10,17.40
S117,1487126895,18.40,3.60,18.10,8.00,0.10,17.40
S117,1487127194,18.40,3.80,18.10,8.00,0.10,17.40
S117,1487127493,18.40,3.60,18.00,7.90,0.10,17.40
S117,1487127792,18.30,3.40,18.00,7.90,0.10,17.40
S117,1487128091,18.30,3.20,18.00,7.80,0.10,17.40
S117,1487128390,18.30,3.80,18.00,7.90,0.10,17.40
S117,1487128689,18.30,3.40,17.90,7.90,0.10,17.40
S117,1487128988,18.20,3.50,17.90,7.90,0.10,17.40
S117,1487129287,18.20,3.50,17.90,7.90,0.10,17.40
S117,1487129586,18.20,3.40,17.90,7.90,0.10,17.40
S117,1487129885,18.20,3.70,17.90,7.90,0.10,17.40
S117,1487130184,18.20,3.10,17.80,7.90,0.10,17.40
S117,1487130483,18.10,3.60,17.80,7.90,0.10,17.40
S117,1487130782,18.10,3.40,17.80,8.00,0.10,17.40
S117,1487131081,18.10,3.70,17.80,8.10,0.10,17.40
S117,1487131380,18.10,3.90,17.80,8.10,0.10,17.40
S117,1487131679,18.10,3.90,17.80,8.20,0.10,17.40
S117,1487131978,18.00,4.00,17.70,8.20,0.10,17.40
S117,1487132277,18.00,3.90,17.70,8.30,0.10,17.40
S117,1487132576,18.00,4.10,17.70,8.40,0.10,17.40
S117,1487132875,18.00,3.90,17.70,8.40,0.10,17.40
S117,1487133174,18.00,4.00,17.70,8.50,0.10,17.40
S117,1487133473,17.90,4.20,17.70,8.50,0.10,17.40
S117,1487133772,17.90,4.20,17.70,8.50,0.10,17.40
S117,1487134071,17.90,4.20,17.70,8.40,0.10,17.40
S117,1487134370,17.90,4.40,17.80,8.50,0.10,17.40
S117,1487134669,17.90,4.40,17.80,8.50,0.10,17.40
S117,1487134968,17.90,4.40,17.80,8.50,0.10,17.40
S117,1487135267,17.90,4.20,17.80,8.40,0.10,17.40
S117,1487135566,17.90,4.30,17.80,8.50,0.10,17.40
S117,1487135865,17.90,4.60,17.90,8.70,0.10,17.40
S117,1487136164,17.90,4.70,18.00,8.70,0.10,17.40
S117,1487136463,17.90,4.80,18.10,8.80,0.10,17.40
S117,1487136762,18.00,4.90,18.10,8.70,0.10,17.40
S117,1487137061,18.00,4.90,18.20,8.80,0.10,17.40
S117,1487137360,18.00,5.00,18.30,8.90,0.10,17.40
S117,1487137659,18.10,5.00,18.30,8.90,0.10,17.40
S117,1487137958,18.10,5.10,18.40,8.90,0.10,17.40
S117,1487138257,18.10,5.10,18.40,8.90,0.10,17.40
S117,1487138556,18.10,5.10,18.40,8.90,0.10,17.40
S117,1487138855,18.20,5.20,18.50,8.80,0.10,17.40
S117,1487139154,18.20,5.10,18.50,8.80,0.10,17.40
S117,1487139453,18.30,5.20,18.60,8.90,0.10,17.40
S117,1487139752,18.30,5.10,18.60,8.80,0.10,17.40
S117,1487140051,18.30,5.00,18.60,8.70,0.10,17.40
S117,1487140350,18.30,5.00,18.70,8.80,0.10,17.40
S117,1487140649,18.30,5.00,18.70,8.60,0.10,17.40
S117,1487140948,18.30,4.90,18.70,8.60,0.10,17.40
S117,1487141247,18.40,5.00,18.70,8.50,0.10,17.40
S117,1487141547,18.40,5.00,18.80,8.60,0.10,17.40
S117,1487141846,18.40,5.00,18.80,8.50,0.10,17.40
S117,1487142145,18.50,4.90,18.80,8.50,0.10,17.40
S117,1487142444,18.50,5.00,18.90,8.60,0.10,17.40
S117,1487142743,18.50,4.90,18.90,8.50,0.10,17.40
S117,1487143042,18.60,4.90,18.90,8.50,0.10,17.40
S117,1487143341,18.60,4.80,18.90,8.50,0.10,17.40
S117,1487143640,18.60,4.80,19.00,8.50,0.10,17.40
S117,1487143939,18.60,4.80,19.00,8.50,0.10,17.40
S117,1487144238,18.70,4.70,19.10,8.40,0.10,17.40
S117,1487144537,18.70,4.80,19.10,8.40,0.10,17.40
S117,1487144836,18.70,4.60,19.10,8.40,0.10,17.40
S117,1487145135,18.70,4.60,19.20,8.50,0.10,17.40
S117,1487145434,18.80,4.70,19.20,8.30,0.10,17.40
S117,1487145733,18.80,4.50,19.20,8.20,0.10,17.40
S117,1487146032,18.80,4.40,19.30,8.00,0.10,17.40
S117,1487146331,18.90,4.30,19.30,8.00,0.10,17.40
S117,1487146630,18.90,4.00,19.30,7.90,0.10,17.40
S117,1487146929,18.90,4.20,19.30,7.90,0.10,17.40
S117,1487147228,18.90,4.30,19.30,7.90,0.10,17.40
S117,1487147527,19.00,4.20,19.30,7.80,0.10,17.40
S117,1487147826,19.00,4.00,19.30,8.00,0.10,17.40
S117,1487148125,19.00,4.00,19.30,7.90,0.10,17.40
S117,1487148424,19.00,3.90,19.30,7.90,0.10,17.40
S117,1487148723,19.00,3.70,19.30,7.90,0.10,17.40
S117,1487149022,19.00,3.80,19.20,8.10,0.10,17.40
S117,1487149321,19.00,3.90,19.20,8.10,0.10,17.40
S117,1487149620,19.00,4.00,19.20,8.40,0.10,17.40
S117,1487149919,19.00,4.30,19.20,8.50,0.10,17.40
S117,1487150218,19.10,4.20,19.20,8.40,0.10,17.40
S117,1487150517,19.00,3.70,19.10,8.20,0.10,17.40
S117,1487150816,19.10,4.00,19.10,8.30,0.10,17.40
S117,1487151115,19.00,4.00,19.10,8.70,0.10,17.40
S117,1487151414,19.00,4.50,19.10,8.70,0.10,17.40
S117,1487151713,19.10,4.60,19.20,8.40,0.10,17.40
S117,1487152012,19.00,4.10,19.20,8.30,0.10,17.40
S117,1487152311,19.10,4.40,19.40,8.60,0.10,17.40
S117,1487152610,19.10,4.70,19.50,8.70,0.10,17.40
S117,1487152909,19.10,4.90,19.60,8.60,0.10,17.40
S117,1487153208,19.10,4.70,19.70,9.00,0.10,17.40
S117,1487153507,19.20,4.90,19.70,8.60,0.10,17.40
S117,1487153806,19.20,4.50,19.90,8.50,0.10,17.40
S117,1487154105,19.30,4.50,19.90,8.30,0.10,17.40
S117,1487154404,19.30,4.60,20.00,8.30,0.10,17.40
S117,1487154703,19.30,4.20,20.00,8.50,0.10,17.40
S117,1487155002,19.40,4.50,20.10,8.30,0.10,17.40
S117,1487155301,19.40,4.50,20.10,8.70,0.10,17.40
S117,1487155600,19.40,4.40,20.10,8.10,0.10,17.40
S117,1487155899,19.50,4.30,20.20,8.10,0.10,17.40
S117,1487156198,19.50,4.30,20.20,7.90,0.10,17.40
S117,1487156497,19.50,3.90,20.20,7.90,0.10,17.40
S117,1487156796,19.60,4.20,20.20,7.90,0.10,17.40
S117,1487157095,19.60,4.20,20.30,7.80,0.10,17.40
S117,1487157394,19.60,3.70,20.30,7.70,0.10,17.40
S117,1487157693,19.70,3.80,20.30,7.70,0.10,17.40
S117,1487157992,19.70,3.70,20.30,7.80,0.10,17.40
S117,1487158291,19.70,3.90,20.30,7.50,0.10,17.40
S117,1487158590,19.70,4.00,20.40,7.50,0.10,17.40
S117,1487158889,19.80,3.60,20.40,7.40,0.10,17.40
S117,1487159188,19.80,3.60,20.40,7.30,0.10,17.40
S117,1487159487,19.80,3.70,20.40,7.70,0.10,17.40
S117,1487159786,19.90,3.80,20.50,7.40,0.10,17.40
