Device,Time,DHT1-OUT Temp,DHT1-OUT Hum,DHT2-IN Temp,DHT2-IN Hum,Soil,Infrared
S111,1486911899,21.60,9.90,21.60,10.90,0.30,17.60
S111,1486912198,21.60,10.10,21.60,10.80,0.30,17.60
S111,1486912497,21.50,9.90,21.50,10.80,0.30,17.60
S111,1486912796,21.50,9.90,21.40,10.80,0.30,17.60
S111,1486913095,21.50,9.80,21.40,10.50,0.30,17.60
S111,1486913394,21.40,9.70,21.40,10.80,0.30,17.60
S111,1486913693,21.40,10.10,21.40,11.00,0.30,17.60
S111,1486913992,21.40,9.80,21.50,10.80,0.20,17.60
S111,1486914291,21.40,9.50,21.40,10.60,0.30,17.60
S111,1486914590,21.30,9.50,21.30,10.40,0.30,17.60
S111,1486914889,21.30,9.40,21.20,10.40,0.30,17.60
S111,1486915188,21.30,9.60,21.20,10.40,0.30,17.60
S111,1486915487,21.30,9.60,21.20,10.50,0.30,17.60
S111,1486915786,21.30,9.70,21.40,10.60,0.30,17.60
S111,1486916085,21.30,9.70,21.40,10.30,0.30,17.60
S111,1486916385,21.30,10.00,21.50,10.30,0.30,17.60
S111,1486916684,21.30,9.70,21.40,10.30,0.30,17.60
S111,1486916983,21.20,9.50,21.30,10.10,0.30,17.60
S111,1486917283,21.20,9.30,21.30,10.10,0.30,17.60
S111,1486917582,21.30,9.50,21.30,10.50,0.20,17.60
S111,1486917881,21.20,9.30,21.40,10.20,0.30,17.60
S111,1486918181,21.30,9.80,21.50,10.50,0.30,17.60
S111,1486918480,21.20,9.70,21.50,10.50,0.30,17.60
S111,1486918779,21.20,9.60,21.50,10.40,0.30,17.60
S111,1486919079,21.20,9.60,21.40,10.10,0.30,17.60
S111,1486919378,21.30,9.70,21.30,10.00,0.30,17.60
S111,1486919677,21.20,9.60,21.30,10.40,0.20,17.60
S111,1486919977,21.20,9.60,21.30,10.40,0.30,17.60
S111,1486920276,21.20,9.70,21.40,10.50,0.30,17.60
S111,1486920575,21.20,9.90,21.50,10.60,0.30,17.60
S111,1486920874,21.20,9.60,21.40,10.60,0.30,17.60
S111,1486921174,21.20,9.50,21.40,10.30,0.30,17.60
S111,1486921473,21.20,9.60,21.30,10.10,0.30,17.60
S111,1486921772,21.20,9.60,21.30,10.30,0.30,17.60
S111,1486922071,21.20,9.70,21.40,10.50,0.30,17.60
S111,1486922371,21.20,9.60,21.40,10.40,0.20,17.60
S111,1486922670,21.20,9.70,21.40,10.50,0.30,17.60
S111,1486922970,21.20,9.70,21.50,10.20,0.30,17.60
S111,1486923269,21.20,9.50,21.30,10.00,0.30,17.60
S111,1486923568,21.20,9.50,21.20,10.00,0.20,17.60
S111,1486923868,21.20,9.50,21.30,10.10,0.30,17.60
S111,1486924167,21.20,9.70,21.40,10.20,0.30,17.60
S111,1486924466,21.20,9.60,21.40,10.20,0.30,17.60
S111,1486924765,21.20,9.40,21.50,10.30,0.30,17.60
S111,1486925064,21.20,9.40,21.40,10.20,0.30,17.60
S111,1486925363,21.20,9.40,21.20,9.80,0.30,17.60
S111,1486925662,21.20,9.50,21.30,10.10,0.20,17.60
S111,1486925962,21.20,9.50,21.30,10.20,0.30,17.60
S111,1486926261,21.20,9.40,21.40,10.30,0.20,17.60
S111,1486926560,21.20,9.70,21.50,10.30,0.20,17.60
S111,1486926859,21.20,9.60,21.50,10.40,0.30,17.60
S111,1486927158,21.20,9.50,21.40,9.90,0.30,17.60
S111,1486927457,21.20,9.20,21.20,10.00,0.30,17.60
S111,1486927756,21.20,9.40,21.20,10.10,0.30,17.60
S111,1486928055,21.20,9.50,21.30,10.10,0.30,17.60
S111,1486928354,21.20,9.70,21.40,10.40,0.30,17.60
S111,1486928653,21.20,9.70,21.40,10.10,0.30,17.60
S111,1486928952,21.20,9.70,21.50,10.30,0.30,17.60
S111,1486929251,21.20,9.60,21.40,10.00,0.20,17.60
S111,1486929550,21.20,9.50,21.30,9.90,0.20,17.60
S111,1486929849,21.20,9.50,21.20,10.00,0.30,17.60
S111,1486930148,21.20,9.60,21.20,10.30,0.20,17.60
S111,1486930447,21.10,9.60,21.20,10.40,0.30,17.60
S111,1486930746,21.10,9.60,21.20,10.30,0.30,17.60
S111,1486931045,21.10,9.50,21.20,10.40,0.30,17.60
S111,1486931344,21.10,9.30,21.00,10.10,0.30,17.60
S111,1486931643,21.00,9.00,20.70,10.10,0.30,17.60
S111,1486931942,20.90,9.40,20.60,10.30,0.30,17.60
S111,1486932241,20.90,9.30,20.50,10.40,0.30,17.60
S111,1486932540,20.80,9.00,20.40,10.40,0.20,17.60
S111,1486932839,20.80,9.40,20.30,10.50,0.30,17.60
S111,1486933138,20.70,9.50,20.20,10.50,0.30,17.60
S111,1486933437,20.60,9.50,20.20,10.70,0.30,17.60
S111,1486933736,20.60,9.50,20.10,10.80,0.30,17.60
S111,1486934035,20.50,9.70,20.10,10.90,0.30,17.60
S111,1486934334,20.50,9.60,20.00,11.10,0.30,17.60
S111,1486934633,20.40,9.70,20.10,11.30,0.30,17.60
S111,1486934932,20.40,9.90,20.10,11.40,0.30,17.70
S111,1486935231,20.40,10.10,20.10,11.40,0.30,17.60
S111,1486935530,20.40,10.10,20.10,11.50,0.30,17.60
S111,1486935829,20.30,10.30,20.10,11.60,0.30,17.60
S111,1486936128,20.30,10.30,20.10,11.60,0.30,17.60
S111,1486936427,20.30,10.30,20.00,11.60,0.30,17.70
S111,1486936726,20.30,10.30,20.00,11.70,0.30,17.60
S111,1486937025,20.20,10.20,20.00,11.70,0.30,17.60
S111,1486937324,20.20,10.20,19.90,11.70,0.30,17.60
S111,1486937623,20.20,10.20,19.90,11.90,0.30,17.70
S111,1486937922,20.20,10.40,19.90,12.00,0.30,17.60
S111,1486938221,20.10,10.10,19.80,12.00,0.30,17.60
S111,1486938520,20.10,10.60,19.80,12.10,0.30,17.70
S111,1486938819,20.10,10.80,19.80,12.20,0.30,17.70
S111,1486939118,20.10,10.90,19.80,12.20,0.30,17.60
S111,1486939417,20.00,10.60,19.80,12.30,0.30,17.60
S111,1486939716,20.00,10.40,19.70,12.30,0.30,17.60
S111,1486940015,20.00,10.80,19.70,12.30,0.30,17.60
S111,1486940314,20.00,10.80,19.70,12.40,0.30,17.70
S111,1486940613,19.90,10.90,19.60,12.40,0.30,17.60
S111,1486940912,19.90,10.90,19.60,12.50,0.30,17.60
S111,1486941211,19.90,10.90,19.50,12.60,0.30,17.70
S111,1486941510,19.80,10.60,19.40,12.70,0.30,17.60
S111,1486941809,19.80,10.90,19.30,12.60,0.30,17.70
S111,1486942108,19.70,10.70,19.30,12.60,0.30,17.60
S111,1486942407,19.70,10.90,19.30,12.60,0.30,17.60
S111,1486942706,19.60,10.90,19.20,12.50,0.30,17.70
S111,1486943005,19.60,11.10,19.20,12.50,0.30,17.70
S111,1486943304,19.50,11.00,19.10,12.50,0.30,17.70
S111,1486943603,19.50,11.10,19.10,12.50,0.30,17.70
S111,1486943902,19.40,11.10,19.10,12.50,0.30,17.60
S111,1486944201,19.40,11.20,19.10,12.60,0.30,17.60
S111,1486944500,19.40,11.00,19.00,12.40,0.30,17.60
S111,1486944799,19.30,11.30,19.00,12.40,0.30,17.60
S111,1486945098,19.30,11.00,19.00,12.40,0.30,17.60
S111,1486945397,19.30,11.10,19.00,12.50,0.20,17.60
S111,1486945696,19.20,11.00,18.90,12.50,0.30,17.60
S111,1486945995,19.20,11.30,18.90,12.50,0.30,17.70
S111,1486946294,19.20,11.30,18.90,12.50,0.30,17.70
S111,1486946593,19.20,11.30,18.90,12.60,0.30,17.70
S111,1486946892,19.10,11.20,18.80,12.60,0.30,17.70
S111,1486947191,19.10,11.40,18.80,12.70,0.30,17.60
S111,1486947490,19.10,11.50,18.80,12.80,0.30,17.60
S111,1486947789,19.00,11.50,18.80,12.90,0.30,17.70
S111,1486948088,19.00,11.60,18.80,13.10,0.30,17.70
S111,1486948387,19.00,11.70,18.80,13.20,0.30,17.70
S111,1486948686,19.00,11.70,18.70,13.20,0.30,17.70
S111,1486948985,19.00,11.70,18.70,13.20,0.30,17.60
S111,1486949284,18.90,11.70,18.70,13.20,0.30,17.70
S111,1486949583,18.90,11.60,18.70,13.10,0.30,17.70
S111,1486949882,18.90,11.60,18.60,13.00,0.30,17.70
S111,1486950182,18.90,11.60,18.60,13.00,0.30,17.60
S111,1486950481,18.80,11.70,18.60,13.20,0.30,17.60
S111,1486950780,18.80,11.70,18.60,13.20,0.30,17.70
S111,1486951079,18.80,11.60,18.60,13.20,0.30,17.70
S111,1486951378,18.80,11.60,18.50,13.00,0.30,17.70
S111,1486951677,18.70,11.50,18.50,12.90,0.30,17.60
S111,1486951976,18.70,11.50,18.50,13.00,0.30,17.60
S111,1486952275,18.70,11.70,18.50,13.10,0.30,17.70
S111,1486952574,18.70,11.70,18.40,13.20,0.30,17.70
S111,1486952873,18.60,11.70,18.40,13.10,0.30,17.70
S111,1486953172,18.60,11.70,18.40,13.10,0.30,17.70
S111,1486953471,18.60,11.80,18.40,13.10,0.30,17.70
S111,1486953770,18.60,11.70,18.40,13.00,0.30,17.70
S111,1486954069,18.60,11.50,18.40,13.00,0.30,17.70
S111,1486954368,18.50,11.60,18.40,13.00,0.30,17.70
S111,1486954667,18.50,11.50,18.30,13.00,0.30,17.70
S111,1486954966,18.50,11.60,18.30,12.90,0.30,17.70
S111,1486955265,18.50,11.70,18.30,13.10,0.30,17.70
S111,1486955564,18.50,11.80,18.30,13.10,0.30,17.70
S111,1486955863,18.50,12.00,18.40,13.10,0.30,17.70
S111,1486956162,18.50,11.90,18.50,13.10,0.30,17.70
S111,1486956461,18.50,11.80,18.50,12.90,0.30,17.70
S111,1486956760,18.50,11.80,18.50,12.80,0.30,17.70
S111,1486957059,18.50,11.80,18.50,12.70,0.30,17.70
S111,1486957358,18.50,11.60,18.60,12.70,0.30,17.70
S111,1486957657,18.50,11.60,18.50,12.50,0.30,17.70
S111,1486957956,18.50,11.60,18.50,12.50,0.30,17.70
S111,1486958255,18.50,11.30,18.40,12.50,0.20,17.60
S111,1486958554,18.50,11.40,18.40,12.50,0.30,17.70
S111,1486958853,18.50,11.20,18.30,12.40,0.30,17.70
S111,1486959152,18.50,11.20,18.30,12.40,0.30,17.70
S111,1486959451,18.40,11.20,18.30,12.50,0.30,17.70
S111,1486959750,18.40,11.20,18.20,12.80,0.30,17.70
S111,1486960049,18.40,11.60,18.40,12.60,0.30,17.70
S111,1486960348,18.40,11.80,18.60,12.60,0.30,17.70
S111,1486960647,18.40,11.90,18.70,12.60,0.30,17.70
S111,1486960946,18.50,12.10,18.80,12.60,0.30,17.70
S111,1486961245,18.50,12.10,18.80,12.60,0.30,17.70
S111,1486961544,18.50,12.10,18.90,12.60,0.30,17.70
S111,1486961843,18.50,12.10,19.00,12.50,0.30,17.70
S111,1486962142,18.60,12.20,19.00,12.50,0.30,17.70
S111,1486962441,18.60,12.20,19.10,12.50,0.30,17.60
S111,1486962740,18.70,12.20,19.10,12.50,0.30,17.60
S111,1486963039,18.70,12.20,19.20,12.50,0.30,17.70
S111,1486963338,18.70,12.20,19.20,12.50,0.30,17.60
S111,1486963637,18.80,12.20,19.30,12.60,0.30,17.60
S111,1486963936,18.80,12.20,19.30,12.60,0.30,17.70
S111,1486964235,18.80,12.10,19.40,12.70,0.30,17.70
S111,1486964534,18.90,12.20,19.40,12.70,0.30,17.70
S111,1486964833,18.90,12.20,19.50,12.70,0.30,17.70
S111,1486965132,19.00,12.20,19.50,12.80,0.30,17.70
S111,1486965431,19.00,12.30,19.50,12.80,0.30,17.70
S111,1486965730,19.00,12.10,19.60,12.80,0.30,17.70
S111,1486966029,19.10,12.10,19.60,12.80,0.20,17.60
S111,1486966328,19.10,12.10,19.60,12.80,0.30,17.60
S111,1486966627,19.10,12.10,19.70,12.90,0.30,17.60
S111,1486966926,19.10,12.00,19.70,12.90,0.30,17.70
S111,1486967225,19.20,12.10,19.70,13.30,0.30,17.60
S111,1486967524,19.20,12.00,19.70,12.70,0.30,17.70
S111,1486967823,19.30,12.10,19.80,12.60,0.30,17.70
S111,1486968122,19.30,11.90,19.80,12.50,0.30,17.60
S111,1486968421,19.30,11.80,19.80,12.30,0.30,17.60
S111,1486968720,19.30,11.80,19.80,12.30,0.30,17.60
S111,1486969019,19.40,11.90,19.80,12.50,0.30,17.60
S111,1486969318,19.40,11.90,19.90,12.40,0.30,17.60
S111,1486969617,19.40,11.80,19.90,12.50,0.30,17.60
S111,1486969916,19.40,11.70,19.90,12.40,0.30,17.70
S111,1486970215,19.40,11.70,20.00,12.50,0.30,17.60
S111,1486970514,19.50,11.80,20.00,12.30,0.30,17.60
S111,1486970813,19.50,11.60,20.00,12.20,0.30,17.60
S111,1486971112,19.50,11.70,20.00,12.20,0.30,17.60
S111,1486971411,19.50,11.70,20.10,12.30,0.30,17.60
S111,1486971710,19.50,11.70,20.10,12.20,0.30,17.70
S111,1486972009,19.60,11.60,20.10,12.00,0.30,17.60
S111,1486972308,19.60,11.60,20.10,12.20,0.30,17.60
S111,1486972607,19.60,11.50,20.20,12.20,0.30,17.60
S111,1486972906,19.70,11.70,20.30,12.00,0.30,17.60
S111,1486973205,19.70,11.70,20.30,12.20,0.30,17.60
S111,1486973504,19.80,12.00,20.50,12.30,0.30,17.70
S111,1486973803,19.90,12.10,20.60,12.30,0.30,17.60
S111,1486974102,19.90,11.90,20.60,12.10,0.30,17.70
S111,1486974401,19.90,11.70,20.60,12.20,0.30,17.60
S111,1486974700,20.00,11.60,20.60,12.10,0.30,17.60
S111,1486974999,20.00,11.50,20.60,11.90,0.30,17.60
S111,1486975298,20.10,11.50,20.60,11.90,0.30,17.60
S111,1486975597,20.10,11.40,20.70,11.80,0.20,17.60
S111,1486975896,20.10,11.30,20.70,11.80,0.30,17.60
S111,1486976195,20.20,11.40,20.70,11.90,0.30,17.60
S111,1486976494,20.20,11.40,20.70,12.00,0.30,17.60
S111,1486976793,20.20,11.30,20.80,11.80,0.30,17.60
S111,1486977092,20.20,11.20,20.80,11.80,0.30,17.60
S111,1486977391,20.30,11.30,20.80,11.70,0.30,17.60
S111,1486977690,20.30,11.20,20.80,11.80,0.30,17.60
S111,1486977989,20.30,11.30,20.90,11.90,0.30,17.60
S111,1486978288,20.30,11.40,20.90,11.90,0.30,17.60
S111,1486978587,20.40,11.30,20.90,11.90,0.30,17.60
S111,1486978886,20.40,11.20,21.00,11.70,0.30,17.60
S111,1486979185,20.50,11.90,21.10,11.80,0.30,17.60
S111,1486979484,20.50,11.60,21.20,12.40,0.30,17.60
S111,1486979783,20.50,11.30,21.10,11.70,0.30,17.60
S111,1486980082,20.60,11.40,21.10,11.60,0.30,17.60
S111,1486980381,20.60,11.10,21.10,11.70,0.30,17.60
S111,1486980680,20.70,11.10,21.20,11.70,0.30,17.60
S111,1486980979,20.70,11.20,21.20,11.80,0.30,17.60
S111,1486981278,20.70,11.10,21.20,11.70,0.30,17.60
S111,1486981577,20.80,11.00,21.20,11.60,0.30,17.60
S111,1486981876,20.80,10.60,21.20,11.40,0.30,17.60
S111,1486982175,20.80,10.90,21.20,11.50,0.30,17.60
S111,1486982474,20.80,11.00,21.30,11.60,0.30,17.60
S111,1486982773,20.80,11.10,21.20,11.50,0.20,17.60
S111,1486983072,20.80,11.10,21.20,11.70,0.30,17.60
S111,1486983371,20.80,10.60,21.20,11.40,0.30,17.60
S111,1486983670,20.80,10.60,21.20,11.30,0.20,17.60
S111,1486983969,20.90,10.70,21.20,11.30,0.30,17.60
S111,1486984268,20.80,10.60,21.20,11.20,0.30,17.60
S111,1486984567,20.80,10.60,21.20,11.20,0.30,17.60
S111,1486984866,20.90,10.70,21.20,11.30,0.30,17.60
S111,1486985165,20.90,10.70,21.30,11.30,0.30,17.60
S111,1486985464,20.90,10.70,21.30,11.40,0.30,17.60
S111,1486985763,20.90,10.70,21.30,11.30,0.30,17.60
S111,1486986062,20.90,10.70,21.30,11.70,0.30,17.60
S111,1486986361,20.90,11.00,21.30,11.40,0.30,17.60
S111,1486986660,20.90,10.70,21.30,11.60,0.30,17.60
S111,1486986959,20.90,11.10,21.40,11.50,0.30,17.60
S111,1486987258,20.90,10.80,21.30,11.60,0.30,17.60
S111,1486987557,20.90,10.70,21.30,11.30,0.20,17.60
S111,1486987856,21.00,10.50,21.30,10.90,0.30,17.60
S111,1486988155,21.00,10.20,21.20,10.80,0.30,17.60
S111,1486988455,20.90,10.20,21.20,10.90,0.30,17.60
S111,1486988754,20.90,10.40,21.20,11.00,0.30,17.60
S111,1486989053,21.00,10.30,21.30,10.90,0.30,17.60
S111,1486989352,21.00,10.50,21.30,11.10,0.30,17.60
S111,1486989651,21.00,10.50,21.40,10.90,0.30,17.60
S111,1486989950,21.00,10.70,21.40,11.00,0.30,17.60
S111,1486990249,21.00,10.50,21.40,10.70,0.30,17.60
S111,1486990548,21.00,10.00,21.40,10.50,0.30,17.60
S111,1486990847,21.00,10.20,21.30,10.60,0.30,17.60
S111,1486991146,21.00,10.00,21.20,10.50,0.30,17.60
S111,1486991445,21.00,10.10,21.30,10.90,0.30,17.60
S111,1486991744,21.00,10.30,21.30,10.70,0.30,17.60
S111,1486992043,21.00,10.20,21.20,10.80,0.30,17.60
S111,1486992342,21.00,10.30,21.20,10.80,0.30,17.60
S111,1486992641,21.00,10.40,21.30,10.80,0.30,17.60
S111,1486992940,21.00,10.00,21.30,10.70,0.30,17.60
S111,1486993239,21.00,10.20,21.30,10.60,0.20,17.60
S111,1486993538,21.00,9.90,21.30,10.60,0.30,17.60
S111,1486993837,21.00,10.30,21.40,10.70,0.30,17.60
S111,1486994136,21.00,9.90,21.30,10.30,0.30,17.60
S111,1486994435,21.00,9.70,21.40,10.40,0.30,17.60
S111,1486994734,21.00,9.60,21.40,9.90,0.30,17.60
S111,1486995033,21.00,9.60,21.40,9.90,0.30,17.60
S111,1486995332,21.00,9.60,21.40,9.90,0.30,17.60
S111,1486995631,21.00,9.50,21.40,10.10,0.30,17.60
S111,1486995930,21.10,9.80,21.40,10.20,0.30,17.60
S111,1486996229,21.10,9.90,21.40,10.00,0.30,17.60
S111,1486996528,21.00,9.80,21.40,10.10,0.30,17.60
S111,1486996827,21.00,9.30,21.40,10.00,0.30,17.60
S111,1486997126,21.10,9.20,21.30,10.00,0.30,17.60
S111,1486997425,21.10,9.30,21.20,9.80,0.30,17.60
S111,1486997724,21.10,9.40,21.30,9.90,0.30,17.60
S111,1486998023,21.10,9.50,21.30,9.90,0.20,17.60
S111,1486998322,21.10,9.30,21.30,10.10,0.30,17.60
S111,1486998621,21.10,9.50,21.30,9.90,0.30,17.60
S111,1486998920,21.00,9.20,21.30,10.00,0.30,17.60
S111,1486999219,21.10,9.50,21.40,10.20,0.30,17.60
S111,1486999518,21.10,9.10,21.30,9.90,0.30,17.60
S111,1486999817,21.00,8.80,21.10,9.70,0.30,17.60
S111,1487000116,21.00,9.10,21.10,10.10,0.30,17.60
S111,1487000415,21.10,9.00,21.20,10.10,0.30,17.60
S111,1487000714,21.00,9.40,21.30,10.10,0.30,17.60
S111,1487001013,21.00,9.50,21.40,10.60,0.30,17.60
S111,1487001312,21.10,9.60,21.40,10.20,0.30,17.60
S111,1487001611,21.10,9.50,21.40,10.10,0.30,17.70
S111,1487001910,21.00,9.40,21.40,10.40,0.30,17.60
S111,1487002209,21.10,9.20,21.40,9.90,0.30,17.60
S111,1487002508,21.10,9.30,21.30,10.10,0.30,17.60
S111,1487002807,21.10,9.40,21.30,10.50,0.20,17.60
S111,1487003106,21.10,9.40,21.40,10.10,0.20,17.60
S111,1487003405,21.10,9.60,21.30,10.90,0.30,17.60
S111,1487003704,21.10,9.50,21.40,10.80,0.20,17.60
S111,1487004003,21.10,9.50,21.30,9.90,0.20,17.60
S111,1487004302,21.10,9.30,21.30,10.10,0.20,17.60
S111,1487004601,21.10,9.30,21.30,10.20,0.30,17.60
S111,1487004900,21.10,9.60,21.30,10.30,0.30,17.60
S111,1487005199,21.10,9.70,21.30,10.40,0.30,17.60
S111,1487005498,21.00,9.60,21.40,10.30,0.30,17.60
S111,1487005797,21.10,9.40,21.30,10.10,0.30,17.60
S111,1487006096,21.10,9.50,21.20,10.30,0.30,17.60
S111,1487006395,21.00,9.50,21.20,10.60,0.30,17.60
S111,1487006694,21.10,9.50,21.20,10.40,0.30,17.60
S111,1487006993,21.10,9.60,21.30,10.30,0.30,17.60
S111,1487007292,21.10,9.80,21.30,10.30,0.30,17.60
S111,1487007591,21.10,9.40,21.30,10.00,0.30,17.60
S111,1487007890,21.10,9.20,21.10,10.60,0.30,17.60
S111,1487008189,21.10,9.30,21.10,10.50,0.30,17.60
S111,1487008488,21.00,9.40,21.20,10.10,0.30,17.60
S111,1487008787,21.00,9.40,21.30,10.10,0.30,17.60
S111,1487009086,21.10,9.40,21.30,9.90,0.30,17.60
S111,1487009385,21.00,9.10,21.20,10.00,0.30,17.60
S111,1487009684,21.00,9.00,21.10,10.10,0.30,17.60
S111,1487009983,21.00,9.20,21.10,10.30,0.30,17.60
S111,1487010282,21.00,9.40,21.20,10.00,0.30,17.60
S111,1487010581,21.00,9.50,21.30,10.20,0.30,17.60
S111,1487010880,21.00,9.40,21.30,10.30,0.30,17.60
S111,1487011179,21.00,9.30,21.40,9.90,0.30,17.60
S111,1487011478,21.10,9.30,21.30,9.90,0.30,17.60
S111,1487011777,21.10,8.90,21.30,9.80,0.30,17.60
S111,1487012076,21.10,9.20,21.30,10.10,0.30,17.60
S111,1487012375,21.10,9.20,21.40,9.90,0.30,17.60
S111,1487012674,21.10,9.50,21.40,9.90,0.30,17.60
S111,1487012973,21.10,9.40,21.40,10.10,0.30,17.60
S111,1487013272,21.10,9.10,21.40,9.90,0.30,17.60
S111,1487013571,21.10,9.10,21.40,9.90,0.30,17.60
S111,1487013870,21.10,8.90,21.40,9.90,0.30,17.60
S111,1487014169,21.10,9.00,21.40,9.90,0.30,17.60
S111,1487014468,21.10,9.20,21.50,10.00,0.30,17.60
S111,1487014767,21.10,9.20,21.40,9.90,0.30,17.60
S111,1487015066,21.10,9.20,21.40,10.10,0.30,17.60
S111,1487015365,21.10,9.20,21.40,9.90,0.30,17.60
S111,1487015664,21.10,8.80,21.20,9.80,0.30,17.60
S111,1487015963,21.10,8.90,21.20,9.80,0.30,17.60
S111,1487016262,21.10,8.80,21.20,9.80,0.30,17.60
S111,1487016561,21.10,9.00,21.30,9.90,0.30,17.60
S111,1487016860,21.10,9.10,21.30,9.90,0.30,17.60
S111,1487017159,21.10,9.00,21.30,9.70,0.30,17.60
S111,1487017458,21.00,8.60,21.00,9.40,0.30,17.60
S111,1487017757,21.00,8.40,20.80,9.50,0.30,17.60
S111,1487018056,21.00,8.60,20.60,9.40,0.30,17.60
S111,1487018355,20.90,8.50,20.50,9.50,0.30,17.60
S111,1487018654,20.90,8.50,20.40,9.60,0.30,17.60
S111,1487018953,20.80,8.30,20.30,9.60,0.30,17.60
S111,1487019252,20.80,8.40,20.20,9.70,0.30,17.60
S111,1487019551,20.70,8.50,20.10,9.60,0.30,17.60
S111,1487019850,20.60,8.40,20.00,9.60,0.30,17.60
S111,1487020149,20.50,8.50,19.90,9.70,0.30,17.60
S111,1487020448,20.40,8.20,19.80,9.80,0.30,17.60
S111,1487020747,20.40,8.50,19.70,9.80,0.30,17.60
S111,1487021046,20.30,8.30,19.60,9.80,0.30,17.60
S111,1487021345,20.20,8.40,19.60,10.00,0.20,17.60
S111,1487021644,20.10,8.60,19.50,10.10,0.30,17.70
S111,1487021943,20.10,8.70,19.50,10.30,0.30,17.70
S111,1487022242,20.00,9.00,19.50,10.40,0.30,17.60
S111,1487022541,20.00,9.10,19.40,10.50,0.30,17.60
S111,1487022840,19.90,9.20,19.40,10.60,0.30,17.60
S111,1487023139,19.90,9.40,19.30,10.60,0.30,17.60
S111,1487023438,19.80,9.30,19.30,10.70,0.20,17.60
S111,1487023737,19.80,9.40,19.20,10.70,0.30,17.60
S111,1487024036,19.70,9.80,19.20,10.80,0.30,17.60
S111,1487024335,19.70,9.90,19.20,10.90,0.30,17.60
S111,1487024634,19.60,9.60,19.10,11.00,0.30,17.60
S111,1487024933,19.60,9.60,19.10,11.10,0.30,17.60
S111,1487025232,19.50,9.70,19.10,11.10,0.30,17.70
S111,1487025531,19.50,9.70,19.00,11.20,0.30,17.70
S111,1487025830,19.50,9.70,19.00,11.20,0.20,17.60
S111,1487026129,19.40,9.70,19.00,11.20,0.30,17.70
S111,1487026428,19.40,9.70,18.90,11.20,0.30,17.60
S111,1487026728,19.40,9.70,18.90,11.30,0.30,17.60
S111,1487027027,19.30,9.80,19.00,11.50,0.30,17.60
S111,1487027326,19.30,9.90,19.00,11.40,0.30,17.70
S111,1487027625,19.30,10.00,19.00,11.40,0.30,17.70
S111,1487027924,19.30,9.90,19.00,11.40,0.30,17.70
S111,1487028223,19.30,9.80,19.00,11.40,0.30,17.70
S111,1487028522,19.30,10.00,19.00,11.40,0.30,17.60
S111,1487028821,19.20,9.50,18.90,11.40,0.30,17.70
S111,1487029120,19.20,9.90,18.90,11.40,0.30,17.70
S111,1487029419,19.20,9.50,18.90,11.40,0.30,17.70
S111,1487029718,19.20,9.80,18.90,11.50,0.30,17.70
S111,1487030017,19.20,10.10,18.80,11.40,0.30,17.70
S111,1487030316,19.10,9.90,18.70,11.50,0.30,17.70
S111,1487030615,19.10,9.70,18.70,11.60,0.30,17.60
S111,1487030914,19.10,10.00,18.60,11.60,0.30,17.70
S111,1487031213,19.00,9.60,18.50,11.60,0.30,17.70
S111,1487031512,18.90,9.70,18.50,11.80,0.30,17.70
S111,1487031811,18.90,9.90,18.50,11.80,0.30,17.70
S111,1487032110,18.90,10.10,18.50,11.90,0.30,17.70
S111,1487032409,18.80,9.90,18.40,11.90,0.30,17.70
S111,1487032708,18.80,10.10,18.40,12.00,0.30,17.70
S111,1487033007,18.70,10.10,18.40,12.00,0.30,17.70
S111,1487033306,18.70,10.00,18.40,12.00,0.30,17.60
S111,1487033605,18.70,10.20,18.40,12.00,0.30,17.70
S111,1487033904,18.70,10.20,18.40,12.00,0.30,17.70
S111,1487034203,18.60,10.00,18.30,12.00,0.30,17.70
S111,1487034502,18.60,10.20,18.30,12.00,0.30,17.70
S111,1487034801,18.60,10.30,18.30,12.00,0.30,17.70
S111,1487035100,18.50,10.10,18.30,12.00,0.30,17.70
S111,1487035399,18.50,10.20,18.30,12.00,0.30,17.70
S111,1487035698,18.50,10.40,18.30,12.00,0.30,17.70
S111,1487035997,18.50,10.30,18.20,11.90,0.30,17.60
S111,1487036296,18.50,10.20,18.20,11.90,0.30,17.70
S111,1487036595,18.50,10.50,18.20,11.90,0.30,17.70
S111,1487036894,18.40,10.40,18.20,11.90,0.30,17.70
S111,1487037193,18.40,10.30,18.10,11.80,0.30,17.70
S111,1487037492,18.40,10.70,18.10,11.80,0.30,17.70
S111,1487037791,18.30,10.50,18.10,11.80,0.30,17.70
S111,1487038090,18.30,10.60,18.10,11.80,0.30,17.70
S111,1487038389,18.30,10.60,18.10,11.80,0.30,17.70
S111,1487038688,18.30,10.60,18.10,11.80,0.30,17.70
S111,1487038987,18.30,10.70,18.00,11.90,0.30,17.70
S111,1487039286,18.20,10.70,18.10,12.00,0.30,17.70
S111,1487039585,18.20,10.70,18.00,12.00,0.30,17.70
S111,1487039884,18.20,10.80,18.00,12.00,0.30,17.70
S111,1487040183,18.20,10.80,18.00,12.10,0.30,17.70
S111,1487040482,18.20,10.80,18.00,12.10,0.30,17.70
S111,1487040781,18.20,10.80,18.00,12.10,0.30,17.60
S111,1487041080,18.20,10.80,18.00,12.20,0.30,17.70
S111,1487041379,18.10,10.90,17.90,12.20,0.30,17.70
S111,1487041678,18.10,10.90,17.90,12.20,0.30,17.70
S111,1487041977,18.10,11.00,17.90,12.30,0.30,17.70
S111,1487042276,18.10,11.10,17.90,12.40,0.30,17.60
S111,1487042575,18.10,11.10,17.90,12.40,0.30,17.70
S111,1487042874,18.10,11.10,17.90,12.50,0.30,17.60
S111,1487043173,18.00,11.00,17.90,12.50,0.30,17.70
S111,1487043472,18.00,11.10,17.90,12.50,0.30,17.70
S111,1487043771,18.00,11.10,17.90,12.50,0.30,17.70
S111,1487044070,18.00,11.10,17.80,12.40,0.30,17.70
S111,1487044369,18.00,11.20,17.80,12.50,0.30,17.70
S111,1487044668,18.00,11.00,17.80,12.50,0.30,17.70
S111,1487044967,17.90,11.20,17.80,12.50,0.30,17.70
S111,1487045266,17.90,11.10,17.80,12.50,0.30,17.70
S111,1487045565,17.90,11.00,17.80,12.50,0.30,17.70
S111,1487045864,17.90,11.20,17.80,12.50,0.30,17.70
S111,1487046163,17.90,11.40,17.90,12.50,0.30,17.70
S111,1487046462,17.90,11.50,18.10,12.50,0.30,17.70
S111,1487046761,18.00,11.70,18.30,12.50,0.30,17.70
S111,1487047060,18.00,11.70,18.30,12.40,0.30,17.70
S111,1487047359,18.00,11.70,18.40,12.50,0.30,17.70
S111,1487047658,18.10,11.80,18.50,12.40,0.30,17.70
S111,1487047957,18.10,11.80,18.60,12.40,0.30,17.70
S111,1487048256,18.20,11.90,18.60,12.30,0.30,17.60
S111,1487048555,18.20,11.90,18.70,12.30,0.30,17.70
S111,1487048854,18.20,11.90,18.70,12.20,0.30,17.70
S111,1487049153,18.20,11.90,18.80,12.30,0.30,17.70
S111,1487049452,18.30,11.90,18.80,12.30,0.30,17.70
S111,1487049751,18.30,11.90,18.90,12.30,0.30,17.60
S111,1487050050,18.40,12.00,18.90,12.30,0.30,17.70
S111,1487050349,18.40,12.00,18.90,12.30,0.30,17.70
S111,1487050648,18.40,12.00,19.00,12.40,0.30,17.70
S111,1487050947,18.50,12.10,19.00,12.40,0.30,17.60
S111,1487051246,18.50,12.10,19.10,12.50,0.30,17.60
S111,1487051545,18.60,12.10,19.10,12.50,0.30,17.60
S111,1487051844,18.60,12.10,19.20,12.50,0.30,17.60
S111,1487052143,18.60,12.10,19.20,12.60,0.30,17.70
S111,1487052442,18.70,12.10,19.20,12.50,0.30,17.70
S111,1487052741,18.70,12.10,19.30,12.60,0.30,17.60
S111,1487053040,18.70,12.10,19.30,12.60,0.30,17.70
S111,1487053339,18.80,12.10,19.40,12.70,0.30,17.70
S111,1487053638,18.80,12.10,19.40,12.70,0.30,17.60
S111,1487053937,18.80,12.10,19.40,12.70,0.30,17.60
S111,1487054236,18.90,12.20,19.50,12.80,0.30,17.70
S111,1487054535,18.90,12.10,19.50,12.80,0.30,17.60
S111,1487054834,19.00,12.20,19.50,12.80,0.30,17.70
S111,1487055133,19.00,12.20,19.60,12.80,0.30,17.70
S111,1487055432,19.00,12.20,19.60,12.80,0.30,17.60
S111,1487055731,19.00,12.20,19.70,12.90,0.30,17.70
S111,1487056030,19.10,12.20,19.70,12.90,0.30,17.70
S111,1487056329,19.10,12.20,19.70,12.90,0.30,17.60
S111,1487056628,19.10,12.20,19.70,12.90,0.30,17.60
S111,1487056927,19.20,12.20,19.80,13.00,0.30,17.70
S111,1487057226,19.20,12.20,19.80,13.00,0.30,17.60
S111,1487057525,19.30,12.20,19.80,13.00,0.30,17.60
S111,1487057824,19.30,12.20,19.90,13.00,0.30,17.60
S111,1487058123,19.30,12.20,19.90,13.00,0.30,17.60
S111,1487058422,19.30,12.20,19.90,13.00,0.30,17.60
S111,1487058721,19.30,12.20,20.00,13.10,0.30,17.60
S111,1487059020,19.40,12.20,20.10,13.10,0.30,17.60
S111,1487059319,19.50,12.30,20.20,13.00,0.20,17.60
S111,1487059618,19.50,12.20,20.20,12.80,0.30,17.70
S111,1487059917,19.50,12.20,20.30,12.90,0.30,17.60
S111,1487060216,19.60,12.20,20.40,12.80,0.30,17.60
S111,1487060515,19.60,12.20,20.40,12.70,0.30,17.60
S111,1487060814,19.70,12.20,20.50,12.70,0.30,17.60
S111,1487061113,19.80,12.20,20.50,12.60,0.30,17.60
S111,1487061412,19.80,12.10,20.60,12.70,0.30,17.60
S111,1487061711,19.80,12.00,20.60,12.70,0.30,17.60
S111,1487062010,19.90,12.00,20.60,12.40,0.30,17.60
S111,1487062309,19.90,11.90,20.60,12.60,0.30,17.60
S111,1487062608,20.00,11.70,20.50,12.20,0.30,17.60
S111,1487062907,20.00,11.70,20.50,12.40,0.30,17.60
S111,1487063206,20.00,11.70,20.60,12.40,0.30,17.60
S111,1487063505,20.00,11.60,20.60,12.30,0.30,17.60
S111,1487063804,20.10,11.70,20.70,12.20,0.30,17.60
S111,1487064103,20.10,11.60,20.80,12.10,0.30,17.60
S111,1487064402,20.10,11.40,20.80,11.80,0.30,17.60
S111,1487064701,20.10,11.30,20.80,12.10,0.30,17.60
S111,1487065001,20.20,11.30,20.90,11.90,0.30,17.60
S111,1487065300,20.20,11.20,20.90,12.00,0.20,17.60
S111,1487065599,20.30,11.40,20.90,11.70,0.30,17.70
S111,1487065898,20.30,11.40,20.80,11.90,0.30,17.60
S111,1487066197,20.30,11.30,20.80,11.90,0.30,17.60
S111,1487066496,20.30,11.20,20.80,11.90,0.30,17.60
S111,1487066795,20.30,11.20,20.80,11.80,0.30,17.60
S111,1487067094,20.30,11.20,20.80,11.70,0.30,17.60
S111,1487067393,20.30,11.10,20.70,11.80,0.30,17.60
S111,1487067692,20.30,11.10,20.70,11.50,0.30,17.60
S111,1487067991,20.30,11.10,20.70,11.60,0.30,17.60
S111,1487068290,20.30,11.00,20.70,11.50,0.30,17.60
S111,1487068589,20.30,11.00,20.70,11.60,0.30,17.60
S111,1487068888,20.30,10.90,20.70,11.50,0.30,17.60
S111,1487069187,20.30,10.90,20.70,11.30,0.30,17.60
S111,1487069486,20.30,11.00,20.70,11.40,0.20,17.60
S111,1487069785,20.30,10.90,20.70,11.40,0.20,17.60
S111,1487070084,20.30,10.90,20.70,11.30,0.30,17.60
S111,1487070383,20.30,10.80,20.70,11.40,0.30,17.60
S111,1487070682,20.30,10.80,20.70,11.30,0.30,17.60
S111,1487070981,20.40,10.70,20.70,11.20,0.30,17.60
S111,1487071280,20.40,10.70,20.70,10.80,0.30,17.60
S111,1487071579,20.30,10.40,20.70,10.80,0.30,17.60
S111,1487071878,20.40,10.40,20.70,10.70,0.30,17.60
S111,1487072177,20.40,10.30,20.70,10.80,0.30,17.60
S111,1487072476,20.40,10.30,20.70,10.90,0.30,17.60
S111,1487072775,20.40,10.30,20.70,10.90,0.30,17.60
S111,1487073074,20.40,10.30,20.70,10.90,0.30,17.60
S111,1487073373,20.40,10.30,20.80,11.00,0.30,17.60
S111,1487073672,20.40,10.30,20.90,10.90,0.30,17.60
S111,1487073971,20.40,10.30,20.90,10.80,0.30,17.60
S111,1487074270,20.50,10.40,21.00,10.90,0.30,17.60
S111,1487074569,20.50,10.40,21.00,10.90,0.30,17.60
S111,1487074868,20.50,10.40,21.10,10.90,0.20,17.60
S111,1487075167,20.50,10.40,21.10,10.90,0.30,17.60
S111,1487075466,20.60,10.50,21.20,11.00,0.20,17.60
S111,1487075765,20.60,10.50,21.20,10.90,0.30,17.60
S111,1487076064,20.60,10.50,21.20,10.90,0.30,17.60
S111,1487076363,20.60,10.50,21.20,10.80,0.30,17.60
S111,1487076662,20.70,10.60,21.30,10.90,0.20,17.60
S111,1487076961,20.70,10.30,21.30,10.20,0.20,17.60
S111,1487077260,20.70,10.10,21.20,10.30,0.30,17.60
S111,1487077559,20.70,10.00,21.20,10.30,0.30,17.60
S111,1487077858,20.80,10.30,21.20,10.10,0.30,17.60
S111,1487078157,20.70,9.90,21.10,10.40,0.30,17.60
S111,1487078456,20.70,9.50,21.20,10.10,0.30,17.60
S111,1487078755,20.80,10.00,21.20,10.30,0.30,17.60
S111,1487079054,20.80,9.90,21.30,10.30,0.20,17.60
S111,1487079353,20.80,10.00,21.30,10.30,0.30,17.60
S111,1487079652,20.80,10.20,21.40,10.50,0.30,17.60
S111,1487079951,20.80,9.90,21.40,10.40,0.30,17.60
S111,1487080250,20.80,9.70,21.40,10.00,0.30,17.60
S111,1487080549,20.80,9.50,21.30,10.10,0.20,17.60
S111,1487080848,20.80,9.30,21.20,9.80,0.30,17.60
S111,1487081147,20.90,9.40,21.20,9.90,0.30,17.60
S111,1487081446,20.80,9.60,21.30,10.20,0.30,17.60
S111,1487081745,20.90,9.80,21.30,9.90,0.30,17.70
S111,1487082044,20.80,9.70,21.40,10.00,0.30,17.70
S111,1487082343,20.90,10.20,21.40,10.40,0.30,17.60
S111,1487082642,20.90,10.10,21.40,9.90,0.30,17.60
S111,1487082941,20.90,9.90,21.50,10.00,0.30,17.60
S111,1487083240,20.90,9.80,21.40,9.90,0.30,17.60
S111,1487083539,20.90,9.60,21.20,9.80,0.20,17.60
S111,1487083838,20.90,9.50,21.10,9.90,0.30,17.60
S111,1487084137,20.90,9.00,21.20,10.20,0.30,17.60
S111,1487084436,20.90,9.20,21.20,9.80,0.30,17.60
S111,1487084735,20.90,9.20,21.30,9.90,0.30,17.60
S111,1487085034,20.90,9.40,21.30,9.90,0.30,17.60
S111,1487085333,20.90,9.30,21.30,9.90,0.30,17.60
S111,1487085632,20.90,9.30,21.30,9.90,0.30,17.60
S111,1487085931,20.90,9.10,21.30,10.40,0.30,17.60
S111,1487086230,20.90,9.40,21.20,9.90,0.30,17.60
S111,1487086529,20.90,9.60,21.30,10.20,0.30,17.60
S111,1487086828,20.90,9.70,21.40,10.20,0.30,17.60
S111,1487087127,20.90,9.50,21.40,9.90,0.30,17.60
S111,1487087426,20.90,9.60,21.30,9.90,0.30,17.60
S111,1487087725,20.90,9.40,21.20,9.80,0.30,17.60
S111,1487088024,20.90,9.10,21.20,9.70,0.30,17.60
S111,1487088323,20.90,9.00,21.30,9.80,0.20,17.60
S111,1487088622,20.90,9.00,21.30,9.60,0.30,17.60
S111,1487088921,20.90,9.20,21.30,9.90,0.30,17.60
S111,1487089220,21.00,9.10,21.30,9.70,0.30,17.60
S111,1487089519,20.90,9.10,21.20,9.60,0.30,17.60
S111,1487089818,20.90,8.90,21.10,9.60,0.30,17.60
S111,1487090117,20.90,8.90,21.10,9.50,0.30,17.60
S111,1487090416,20.90,8.80,21.10,9.60,0.30,17.60
S111,1487090715,20.90,8.80,21.20,9.60,0.20,17.60
S111,1487091014,20.90,8.80,21.20,9.80,0.30,17.60
S111,1487091313,20.90,8.90,21.20,9.60,0.30,17.60
S111,1487091612,20.90,9.20,21.20,9.50,0.30,17.60
S111,1487091911,20.90,9.00,21.20,9.70,0.30,17.60
S111,1487092210,20.90,9.30,21.20,9.60,0.30,17.60
S111,1487092509,20.90,9.40,21.20,9.70,0.30,17.60
S111,1487092808,20.90,9.30,21.30,9.70,0.30,17.60
S111,1487093107,20.90,9.20,21.30,9.70,0.30,17.60
S111,1487093406,20.90,9.30,21.30,9.60,0.30,17.60
S111,1487093705,20.90,9.30,21.30,9.60,0.30,17.60
S111,1487094004,20.90,8.80,21.30,9.00,0.30,17.60
S111,1487094303,20.90,8.80,21.20,8.80,0.30,17.60
S111,1487094602,20.90,8.70,21.20,8.80,0.30,17.60
S111,1487094901,20.90,8.80,21.30,9.00,0.30,17.60
S111,1487095200,20.90,9.00,21.30,9.40,0.30,17.60
S111,1487095499,20.90,8.80,21.30,9.30,0.30,17.60
S111,1487095798,20.90,8.50,21.30,9.50,0.30,17.60
S111,1487096097,20.90,8.80,21.20,9.40,0.30,17.60
S111,1487096396,20.90,9.00,21.20,9.20,0.20,17.60
S111,1487096695,20.90,8.70,21.20,9.00,0.20,17.60
S111,1487096994,20.90,8.80,21.20,8.80,0.20,17.60
S111,1487097293,20.90,8.80,21.10,9.00,0.20,17.60
S111,1487097592,20.90,8.90,21.10,9.00,0.30,17.60
S111,1487097891,20.90,8.90,21.10,9.00,0.30,17.60
S111,1487098190,20.90,8.90,21.10,9.00,0.20,17.60
S111,1487098489,20.90,8.90,21.10,9.00,0.30,17.60
S111,1487098788,20.80,8.90,21.00,8.90,0.30,17.60
S111,1487099087,20.90,8.80,20.90,8.90,0.30,17.60
S111,1487099386,20.80,8.80,20.90,9.00,0.30,17.60
S111,1487099685,20.80,8.80,20.80,8.90,0.30,17.60
S111,1487099984,20.80,8.90,20.80,8.90,0.30,17.60
S111,1487100283,20.70,8.70,20.70,8.90,0.30,17.60
S111,1487100582,20.70,8.80,20.70,9.00,0.30,17.60
S111,1487100881,20.70,8.80,20.70,9.00,0.30,17.60
S111,1487101180,20.70,8.80,20.70,9.00,0.30,17.60
S111,1487101479,20.60,8.70,20.70,9.00,0.30,17.60
S111,1487101778,20.60,8.80,20.60,9.00,0.30,17.60
S111,1487102077,20.60,8.70,20.60,8.90,0.30,17.60
S111,1487102376,20.60,8.80,20.60,9.00,0.30,17.60
S111,1487102675,20.50,8.70,20.60,8.90,0.30,17.70
S111,1487102974,20.50,8.80,20.60,8.90,0.20,17.60
S111,1487103274,20.50,8.80,20.60,9.00,0.30,17.60
S111,1487103573,20.50,8.40,20.40,8.90,0.30,17.60
S111,1487103872,20.40,8.20,20.10,8.80,0.30,17.60
S111,1487104171,20.40,8.10,20.00,9.00,0.30,17.60
S111,1487104470,20.30,8.10,19.90,8.90,0.30,17.60
S111,1487104769,20.30,7.80,19.80,8.90,0.30,17.60
S111,1487105068,20.20,8.00,19.70,8.80,0.30,17.60
S111,1487105367,20.10,7.70,19.60,8.90,0.30,17.60
S111,1487105666,20.10,8.00,19.50,8.90,0.30,17.60
S111,1487105965,20.00,8.10,19.40,8.80,0.30,17.60
S111,1487106264,19.90,8.00,19.40,8.90,0.30,17.70
S111,1487106563,19.90,7.70,19.30,9.00,0.30,17.60
S111,1487106862,19.80,8.00,19.30,9.00,0.30,17.70
S111,1487107161,19.80,7.80,19.20,9.00,0.30,17.70
S111,1487107460,19.70,8.20,19.20,9.10,0.30,17.70
S111,1487107759,19.70,7.80,19.10,9.10,0.30,17.60
S111,1487108058,19.60,8.00,19.10,9.10,0.30,17.70
S111,1487108357,19.60,7.80,19.00,9.10,0.30,17.70
S111,1487108656,19.50,8.00,19.00,9.20,0.20,17.60
S111,1487108955,19.50,7.90,18.90,9.30,0.30,17.70
S111,1487109254,19.40,8.10,19.00,9.50,0.30,17.60
S111,1487109553,19.40,8.10,19.00,9.50,0.30,17.70
S111,1487109852,19.40,8.00,19.10,9.50,0.30,17.70
S111,1487110151,19.40,8.20,19.10,9.40,0.30,17.60
S111,1487110450,19.30,7.90,19.10,9.40,0.30,17.70
S111,1487110749,19.30,8.10,19.00,9.30,0.30,17.60
S111,1487111048,19.30,8.20,19.00,9.30,0.30,17.70
S111,1487111347,19.30,8.20,19.00,9.20,0.30,17.70
S111,1487111646,19.20,8.10,19.00,9.50,0.30,17.60
S111,1487111945,19.30,9.10,19.00,10.50,0.30,17.70
S111,1487112244,19.20,8.80,19.00,10.10,0.30,17.60
S111,1487112543,19.20,8.60,19.00,9.80,0.20,17.60
S111,1487112842,19.20,8.40,19.00,9.60,0.30,17.70
S111,1487113141,19.20,8.50,18.90,9.30,0.30,17.70
S111,1487113440,19.20,8.40,18.90,9.10,0.30,17.70
S111,1487113739,19.20,8.10,18.90,9.00,0.30,17.70
S111,1487114038,19.20,8.20,18.90,8.80,0.30,17.70
S111,1487114337,19.20,7.90,18.80,8.70,0.30,17.60
S111,1487114636,19.10,7.40,18.70,8.60,0.30,17.70
S111,1487114935,19.10,7.30,18.60,8.60,0.30,17.70
S111,1487115234,19.00,7.20,18.60,8.50,0.30,17.70
S111,1487115533,19.00,7.30,18.60,8.60,0.30,17.70
S111,1487115832,18.90,7.40,18.50,8.50,0.30,17.60
S111,1487116131,18.90,7.30,18.50,8.60,0.30,17.70
S111,1487116430,18.80,7.20,18.50,8.60,0.30,17.70
S111,1487116729,18.80,7.30,18.40,8.40,0.30,17.70
S111,1487117028,18.70,7.10,18.40,8.50,0.30,17.60
S111,1487117327,18.70,7.20,18.30,8.50,0.30,17.60
S111,1487117626,18.70,7.20,18.30,8.50,0.30,17.70
S111,1487117925,18.60,7.20,18.30,8.60,0.30,17.70
S111,1487118224,18.60,7.10,18.30,8.50,0.30,17.70
S111,1487118523,18.60,7.20,18.20,8.60,0.30,17.70
S111,1487118822,18.50,7.30,18.20,8.60,0.30,17.60
S111,1487119121,18.50,7.20,18.20,8.70,0.30,17.70
S111,1487119420,18.50,7.20,18.10,8.70,0.30,17.70
S111,1487119719,18.40,7.30,18.10,8.60,0.30,17.70
S111,1487120018,18.40,7.50,18.10,8.80,0.30,17.70
S111,1487120317,18.40,7.50,18.00,8.80,0.30,17.70
S111,1487120616,18.30,7.40,18.00,8.80,0.30,17.70
S111,1487120915,18.30,7.50,18.00,8.90,0.30,17.70
S111,1487121214,18.30,7.50,18.00,8.90,0.30,17.60
S111,1487121513,18.20,7.50,18.00,8.90,0.30,17.70
S111,1487121812,18.20,7.60,18.00,8.90,0.30,17.70
S111,1487122111,18.20,7.60,17.90,8.80,0.30,17.70
S111,1487122410,18.20,7.80,17.90,8.90,0.30,17.70
S111,1487122709,18.10,7.50,17.90,8.90,0.30,17.70
S111,1487123008,18.20,7.70,17.90,8.90,0.30,17.70
S111,1487123307,18.10,7.50,17.90,8.80,0.20,17.60
S111,1487123606,18.10,7.70,17.90,8.80,0.30,17.70
S111,1487123905,18.10,7.70,17.80,8.80,0.30,17.70
S111,1487124204,18.10,7.50,17.80,8.70,0.30,17.70
S111,1487124503,18.00,7.10,17.80,8.70,0.30,17.70
S111,1487124802,18.00,7.20,17.80,8.70,0.30,17.70
S111,1487125101,18.00,7.30,17.70,8.70,0.30,17.70
S111,1487125400,18.00,7.30,17.70,8.70,0.30,17.70
S111,1487125699,17.90,7.30,17.70,8.70,0.30,17.70
S111,1487125998,17.90,7.40,17.70,8.70,0.30,17.70
S111,1487126297,17.90,7.50,17.60,8.70,0.30,17.70
S111,1487126596,17.90,7.30,17.60,8.70,0.30,17.70
S111,1487126895,17.90,7.50,17.60,8.80,0.30,17.70
S111,1487127194,17.80,7.50,17.60,8.90,0.30,17.70
S111,1487127493,17.80,7.50,17.60,8.90,0.30,17.70
S111,1487127792,17.80,7.70,17.60,9.00,0.30,17.70
S111,1487128091,17.80,7.60,17.50,9.00,0.30,17.70
S111,1487128390,17.80,7.80,17.50,9.10,0.30,17.70
S111,1487128689,17.70,7.70,17.50,9.20,0.30,17.70
S111,1487128988,17.70,8.10,17.50,9.20,0.30,17.70
S111,1487129287,17.70,8.00,17.50,9.30,0.30,17.70
S111,1487129586,17.70,8.00,17.50,9.30,0.30,17.70
S111,1487129885,17.70,8.20,17.50,9.40,0.30,17.70
S111,1487130184,17.70,8.20,17.60,9.40,0.30,17.70
S111,1487130483,17.70,8.20,17.60,9.30,0.30,17.70
S111,1487130782,17.70,8.50,17.70,9.40,0.30,17.70
S111,1487131081,17.70,8.50,17.70,9.40,0.30,17.70
S111,1487131380,17.70,8.40,17.70,9.30,0.30,17.70
S111,1487131679,17.70,8.50,17.80,9.30,0.30,17.70
S111,1487131978,17.70,8.50,17.80,9.40,0.30,17.70
S111,1487132277,17.70,8.50,17.90,9.30,0.30,17.70
S111,1487132576,17.80,8.60,18.00,9.40,0.30,17.70
S111,1487132875,17.80,8.60,18.20,9.50,0.30,17.70
S111,1487133174,17.80,8.60,18.20,9.40,0.30,17.70
S111,1487133473,17.90,8.80,18.30,9.50,0.30,17.70
S111,1487133772,17.90,8.90,18.30,9.50,0.30,17.70
S111,1487134071,17.90,8.90,18.40,9.50,0.30,17.70
S111,1487134370,18.00,8.90,18.40,9.50,0.30,17.60
S111,1487134669,18.00,8.90,18.50,9.50,0.30,17.70
S111,1487134968,18.00,9.00,18.50,9.40,0.30,17.70
S111,1487135267,18.10,9.00,18.60,9.50,0.30,17.70
S111,1487135566,18.10,9.00,18.60,9.40,0.30,17.70
S111,1487135865,18.10,8.90,18.60,9.40,0.30,17.70
S111,1487136164,18.20,8.80,18.70,9.40,0.30,17.70
S111,1487136463,18.20,8.80,18.70,9.30,0.30,17.70
S111,1487136762,18.20,8.80,18.80,9.20,0.30,17.70
S111,1487137061,18.30,8.90,18.80,9.30,0.30,17.70
S111,1487137360,18.30,8.90,18.80,9.20,0.30,17.70
S111,1487137659,18.30,8.90,18.90,9.20,0.30,17.70
S111,1487137958,18.30,8.90,18.90,9.20,0.30,17.70
S111,1487138257,18.30,8.90,18.90,9.10,0.30,17.70
S111,1487138556,18.40,9.00,18.90,9.20,0.30,17.70
S111,1487138855,18.40,9.00,19.00,9.20,0.30,17.60
S111,1487139154,18.50,9.00,19.00,9.10,0.30,17.70
S111,1487139453,18.50,9.00,19.00,9.00,0.30,17.70
S111,1487139752,18.50,8.90,19.10,9.00,0.30,17.70
S111,1487140051,18.50,9.00,19.10,9.00,0.30,17.70
S111,1487140350,18.50,9.00,19.10,9.10,0.30,17.70
S111,1487140649,18.60,8.90,19.20,8.90,0.30,17.60
S111,1487140948,18.60,8.80,19.20,9.00,0.30,17.70
S111,1487141247,18.60,8.70,19.20,8.90,0.30,17.70
S111,1487141547,18.70,8.90,19.20,8.70,0.30,17.70
S111,1487141846,18.70,8.80,19.30,8.90,0.30,17.70
S111,1487142145,18.70,8.60,19.30,8.50,0.20,17.60
S111,1487142444,18.80,8.60,19.30,8.70,0.30,17.70
S111,1487142743,18.80,8.40,19.30,8.50,0.30,17.70
S111,1487143042,18.90,8.20,19.30,8.40,0.30,17.70
S111,1487143341,18.90,8.20,19.30,8.50,0.30,17.60
S111,1487143640,18.90,8.20,19.30,8.50,0.30,17.70
S111,1487143939,18.90,8.20,19.30,8.50,0.30,17.70
S111,1487144238,18.90,8.20,19.30,8.90,0.30,17.60
S111,1487144537,19.00,8.10,19.20,8.50,0.30,17.70
S111,1487144836,19.00,8.10,19.20,8.50,0.30,17.70
S111,1487145135,19.00,7.80,19.20,8.70,0.30,17.70
S111,1487145434,19.00,8.20,19.10,8.80,0.30,17.70
S111,1487145733,19.00,8.10,19.10,8.90,0.30,17.60
S111,1487146032,19.00,8.20,19.10,9.10,0.30,17.70
S111,1487146331,19.00,8.20,19.10,9.20,0.30,17.70
S111,1487146630,19.00,8.30,19.00,9.30,0.30,17.70
S111,1487146929,19.00,8.20,19.00,9.00,0.30,17.70
S111,1487147228,19.00,8.20,18.90,9.00,0.30,17.70
S111,1487147527,18.90,8.20,18.90,9.10,0.30,17.60
S111,1487147826,18.90,8.60,19.00,9.70,0.30,17.70
S111,1487148125,19.00,8.80,19.10,9.50,0.30,17.70
S111,1487148424,19.00,8.60,19.20,9.70,0.30,17.70
S111,1487148723,19.00,8.50,19.40,9.50,0.30,17.60
S111,1487149022,19.00,8.90,19.50,9.40,0.30,17.60
S111,1487149321,19.00,9.00,19.60,9.70,0.30,17.60
S111,1487149620,19.10,8.90,19.70,9.70,0.30,17.60
S111,1487149919,19.10,9.10,19.80,9.30,0.30,17.60
S111,1487150218,19.20,8.70,19.90,9.00,0.30,17.60
S111,1487150517,19.20,8.70,19.90,8.90,0.30,17.60
S111,1487150816,19.30,8.90,19.90,9.20,0.30,17.70
S111,1487151115,19.30,8.40,20.00,9.20,0.30,17.60
S111,1487151414,19.40,8.80,20.10,9.30,0.30,17.60
S111,1487151713,19.40,8.70,20.10,9.40,0.30,17.60
S111,1487152012,19.40,8.50,20.10,9.10,0.30,17.70
S111,1487152311,19.50,8.50,20.10,9.00,0.20,17.60
S111,1487152610,19.50,8.50,20.10,8.80,0.30,17.60
S111,1487152909,19.50,8.20,20.10,8.70,0.30,17.60
S111,1487153208,19.60,8.10,20.20,8.70,0.30,17.60
S111,1487153507,19.60,8.20,20.20,8.80,0.30,17.70
S111,1487153806,19.60,8.10,20.20,8.50,0.30,17.60
S111,1487154105,19.70,8.00,20.30,8.40,0.30,17.60
S111,1487154404,19.70,8.00,20.30,8.70,0.30,17.60
S111,1487154703,19.70,8.00,20.40,8.30,0.30,17.60
S111,1487155002,19.80,8.10,20.40,8.60,0.30,17.70
S111,1487155301,19.80,7.70,20.40,8.20,0.30,17.70
S111,1487155600,19.80,7.70,20.50,7.90,0.30,17.70
S111,1487155899,19.90,7.90,20.50,8.40,0.30,17.60
S111,1487156198,19.90,7.90,20.50,7.80,0.30,17.70
S111,1487156497,19.90,7.60,20.50,7.90,0.30,17.60
S111,1487156796,19.90,7.60,20.60,8.10,0.30,17.60
