Device,Time,DHT1-OUT Temp,DHT1-OUT Hum,DHT2-IN Temp,DHT2-IN Hum,Soil,Infrared
S113,1486911899,21.80,9.20,21.60,8.10,0.30,17.70
S113,1486912198,21.80,9.30,21.60,8.20,0.30,17.70
S113,1486912497,21.80,9.30,21.50,8.30,0.30,17.70
S113,1486912796,21.80,10.40,21.40,8.20,0.30,17.70
S113,1486913095,21.70,10.40,21.40,8.10,0.30,17.70
S113,1486913394,21.70,10.00,21.40,8.00,0.30,17.70
S113,1486913693,21.70,10.70,21.40,8.20,0.30,17.70
S113,1486913992,21.70,11.00,21.50,8.30,0.30,17.70
S113,1486914291,21.70,10.90,21.60,8.30,0.30,17.70
S113,1486914590,21.70,10.90,21.60,8.30,0.30,17.70
S113,1486914889,21.70,10.70,21.60,8.00,0.30,17.70
S113,1486915188,21.70,10.80,21.60,8.20,0.30,17.70
S113,1486915487,21.60,10.40,21.50,8.00,0.30,17.70
S113,1486915786,21.60,10.80,21.50,8.00,0.30,17.70
S113,1486916085,21.60,10.10,21.30,7.90,0.30,17.70
S113,1486916385,21.60,10.60,21.30,8.00,0.30,17.70
S113,1486916684,21.60,9.80,21.30,7.60,0.30,17.70
S113,1486916983,21.60,10.20,21.30,8.00,0.30,17.70
S113,1486917282,21.60,10.30,21.30,8.10,0.30,17.70
S113,1486917581,21.60,10.60,21.30,7.90,0.30,17.70
S113,1486917880,21.60,10.30,21.30,7.80,0.30,17.70
S113,1486918180,21.60,10.30,21.20,7.60,0.30,17.70
S113,1486918479,21.50,9.60,21.10,7.50,0.30,17.70
S113,1486918778,21.50,9.90,21.10,7.60,0.30,17.70
S113,1486919078,21.50,10.00,21.10,7.70,0.30,17.70
S113,1486919377,21.50,10.40,21.30,7.80,0.30,17.70
S113,1486919676,21.50,10.30,21.30,7.60,0.30,17.70
S113,1486919976,21.50,10.40,21.40,7.40,0.30,17.70
S113,1486920275,21.50,10.10,21.30,7.50,0.30,17.70
S113,1486920574,21.40,9.80,21.20,7.40,0.30,17.70
S113,1486920873,21.50,9.80,21.20,7.20,0.30,17.70
S113,1486921173,21.50,10.30,21.20,7.60,0.30,17.70
S113,1486921472,21.50,10.30,21.30,7.60,0.30,17.70
S113,1486921771,21.50,10.50,21.40,7.80,0.30,17.70
S113,1486922070,21.40,10.50,21.40,7.60,0.30,17.70
S113,1486922370,21.40,10.20,21.40,7.60,0.30,17.70
S113,1486922669,21.50,10.20,21.20,7.20,0.30,17.70
S113,1486922969,21.40,10.20,21.10,7.20,0.30,17.70
S113,1486923268,21.40,10.20,21.10,7.40,0.30,17.70
S113,1486923567,21.40,10.60,21.20,7.60,0.30,17.70
S113,1486923867,21.40,10.50,21.30,7.60,0.30,17.70
S113,1486924166,21.40,10.30,21.30,7.70,0.30,17.70
S113,1486924465,21.40,10.20,21.30,7.70,0.30,17.70
S113,1486924765,21.40,10.20,21.20,7.50,0.30,17.70
S113,1486925064,21.40,10.20,21.10,7.30,0.30,17.70
S113,1486925363,21.40,10.20,21.10,7.40,0.30,17.70
S113,1486925662,21.40,10.20,21.20,7.50,0.30,17.70
S113,1486925962,21.40,10.50,21.30,7.70,0.30,17.70
S113,1486926261,21.40,10.20,21.30,7.70,0.30,17.70
S113,1486926560,21.40,10.20,21.30,7.40,0.30,17.70
S113,1486926859,21.40,10.20,21.20,7.20,0.30,17.70
S113,1486927158,21.40,9.70,21.10,7.30,0.30,17.70
S113,1486927457,21.40,10.10,21.10,7.50,0.30,17.70
S113,1486927756,21.40,10.30,21.20,7.40,0.30,17.70
S113,1486928055,21.40,10.20,21.30,7.40,0.30,17.70
S113,1486928354,21.40,9.80,21.30,7.50,0.30,17.70
S113,1486928653,21.40,10.30,21.30,7.30,0.30,17.70
S113,1486928952,21.40,10.00,21.10,7.10,0.30,17.70
S113,1486929251,21.40,10.10,21.10,7.20,0.30,17.70
S113,1486929550,21.40,10.00,21.20,7.30,0.30,17.70
S113,1486929849,21.40,10.10,21.30,7.40,0.30,17.70
S113,1486930148,21.40,10.50,21.30,7.50,0.30,17.70
S113,1486930447,21.40,10.30,21.30,7.60,0.30,17.70
S113,1486930746,21.40,10.20,21.20,7.10,0.30,17.70
S113,1486931045,21.40,10.20,21.10,7.10,0.30,17.70
S113,1486931344,21.40,10.00,21.10,7.30,0.30,17.70
S113,1486931643,21.40,10.20,21.20,7.20,0.30,17.70
S113,1486931942,21.40,10.40,21.30,7.50,0.30,17.70
S113,1486932241,21.40,10.60,21.30,7.40,0.30,17.70
S113,1486932540,21.40,10.60,21.30,7.60,0.30,17.70
S113,1486932839,21.40,10.20,21.30,7.50,0.30,17.70
S113,1486933138,21.40,9.90,21.20,7.30,0.30,17.70
S113,1486933437,21.40,10.30,21.10,7.20,0.30,17.70
S113,1486933736,21.40,10.30,21.10,7.40,0.30,17.70
S113,1486934035,21.40,10.40,21.10,7.40,0.30,17.70
S113,1486934334,21.30,10.30,21.10,7.40,0.30,17.70
S113,1486934633,21.30,10.10,21.00,7.40,0.30,17.70
S113,1486934932,21.30,9.80,20.90,7.20,0.30,17.70
S113,1486935231,21.30,10.00,20.70,7.20,0.30,17.70
S113,1486935530,21.20,10.20,20.60,7.30,0.30,17.70
S113,1486935829,21.20,10.10,20.40,7.30,0.30,17.70
S113,1486936128,21.10,10.00,20.40,7.40,0.30,17.70
S113,1486936427,21.10,10.10,20.30,7.40,0.30,17.70
S113,1486936726,21.00,9.90,20.20,7.50,0.30,17.70
S113,1486937025,21.00,10.10,20.10,7.70,0.30,17.70
S113,1486937324,20.90,9.70,20.10,7.80,0.30,17.70
S113,1486937623,20.90,10.40,20.00,7.90,0.30,17.70
S113,1486937922,20.80,10.30,20.10,7.90,0.30,17.70
S113,1486938221,20.80,10.00,20.10,8.10,0.30,17.70
S113,1486938520,20.80,10.30,20.10,8.20,0.30,17.70
S113,1486938819,20.70,10.50,20.10,8.20,0.30,17.70
S113,1486939118,20.70,10.40,20.10,8.30,0.30,17.70
S113,1486939417,20.70,10.60,20.00,8.50,0.30,17.70
S113,1486939716,20.70,10.80,20.00,8.50,0.30,17.70
S113,1486940015,20.70,10.90,20.00,8.50,0.30,17.70
S113,1486940314,20.60,10.80,20.00,8.80,0.30,17.70
S113,1486940613,20.60,10.70,20.00,8.60,0.30,17.70
S113,1486940912,20.60,11.00,19.90,8.60,0.30,17.70
S113,1486941211,20.50,10.90,19.90,8.70,0.30,17.70
S113,1486941510,20.50,10.80,19.90,8.90,0.30,17.70
S113,1486941809,20.50,11.00,19.90,8.90,0.30,17.70
S113,1486942108,20.50,11.10,19.80,9.20,0.30,17.70
S113,1486942407,20.40,11.10,19.80,9.20,0.30,17.70
S113,1486942706,20.40,11.20,19.80,9.20,0.30,17.70
S113,1486943005,20.40,11.00,19.70,9.20,0.30,17.70
S113,1486943304,20.40,10.90,19.70,9.20,0.30,17.70
S113,1486943603,20.30,11.10,19.60,9.30,0.30,17.70
S113,1486943902,20.30,10.80,19.60,9.30,0.30,17.70
S113,1486944201,20.30,11.20,19.60,9.40,0.30,17.70
S113,1486944500,20.30,11.30,19.50,9.30,0.30,17.70
S113,1486944799,20.20,11.20,19.50,9.40,0.30,17.70
S113,1486945098,20.20,10.90,19.40,9.50,0.30,17.70
S113,1486945397,20.20,11.00,19.30,9.50,0.30,17.70
S113,1486945696,20.10,10.80,19.30,9.60,0.30,17.70
S113,1486945995,20.10,11.00,19.20,9.60,0.30,17.70
S113,1486946294,20.00,11.00,19.20,9.70,0.30,17.70
S113,1486946593,20.00,10.90,19.20,9.80,0.30,17.70
S113,1486946892,20.00,11.00,19.10,9.90,0.30,17.70
S113,1486947191,19.90,10.80,19.10,9.90,0.30,17.70
S113,1486947490,19.90,11.10,19.10,9.90,0.30,17.70
S113,1486947789,19.80,10.90,19.00,9.90,0.30,17.70
S113,1486948088,19.80,11.00,19.00,9.90,0.30,17.70
S113,1486948387,19.80,11.30,19.00,9.90,0.30,17.70
S113,1486948686,19.70,10.80,18.90,9.90,0.30,17.70
S113,1486948985,19.70,11.00,18.90,9.90,0.30,17.70
S113,1486949284,19.70,11.00,18.90,9.90,0.30,17.70
S113,1486949583,19.60,11.20,18.90,9.90,0.30,17.70
S113,1486949882,19.60,11.20,18.80,9.90,0.30,17.70
S113,1486950182,19.60,11.20,18.80,9.90,0.30,17.70
S113,1486950481,19.50,11.00,18.80,10.00,0.30,17.70
S113,1486950780,19.50,11.10,18.80,10.00,0.30,17.70
S113,1486951079,19.50,11.50,18.80,10.00,0.30,17.70
S113,1486951378,19.50,11.30,18.80,10.20,0.30,17.70
S113,1486951677,19.40,11.40,18.70,10.30,0.30,17.70
S113,1486951976,19.40,11.40,18.70,10.40,0.30,17.70
S113,1486952275,19.40,11.40,18.70,10.40,0.30,17.70
S113,1486952574,19.30,11.40,18.70,10.50,0.30,17.70
S113,1486952873,19.30,11.50,18.70,10.50,0.30,17.70
S113,1486953172,19.30,11.60,18.60,10.40,0.30,17.70
S113,1486953471,19.20,11.20,18.60,10.30,0.30,17.70
S113,1486953770,19.20,11.30,18.60,10.40,0.30,17.70
S113,1486954069,19.20,11.40,18.60,10.40,0.30,17.70
S113,1486954368,19.20,11.40,18.50,10.40,0.30,17.70
S113,1486954667,19.20,11.40,18.50,10.40,0.30,17.70
S113,1486954966,19.10,11.10,18.50,10.30,0.30,17.70
S113,1486955265,19.10,11.20,18.50,10.30,0.30,17.70
S113,1486955564,19.10,11.30,18.40,10.20,0.30,17.70
S113,1486955863,19.10,11.50,18.40,10.40,0.30,17.70
S113,1486956162,19.10,11.30,18.40,10.50,0.30,17.70
S113,1486956461,19.00,11.30,18.40,10.40,0.30,17.70
S113,1486956760,19.00,11.50,18.40,10.40,0.30,17.70
S113,1486957059,19.00,11.40,18.40,10.40,0.30,17.70
S113,1486957358,18.90,11.20,18.30,10.30,0.30,17.70
S113,1486957657,18.90,11.20,18.30,10.30,0.30,17.70
S113,1486957956,18.90,11.20,18.30,10.30,0.30,17.70
S113,1486958255,18.90,11.20,18.30,10.20,0.30,17.70
S113,1486958554,18.90,11.30,18.30,10.30,0.30,17.70
S113,1486958853,18.80,11.30,18.30,10.40,0.30,17.70
S113,1486959152,18.80,11.50,18.30,10.40,0.30,17.70
S113,1486959451,18.80,11.80,18.40,10.40,0.30,17.70
S113,1486959750,18.80,11.80,18.40,10.30,0.30,17.70
S113,1486960049,18.80,11.80,18.40,10.20,0.30,17.70
S113,1486960348,18.80,11.90,18.50,10.20,0.30,17.70
S113,1486960647,18.80,11.90,18.50,10.10,0.30,17.70
S113,1486960946,18.80,11.60,18.50,10.10,0.30,17.70
S113,1486961245,18.80,11.70,18.50,9.90,0.30,17.70
S113,1486961544,18.80,11.60,18.40,9.80,0.30,17.70
S113,1486961843,18.80,11.40,18.40,9.90,0.30,17.70
S113,1486962142,18.80,11.20,18.30,9.70,0.30,17.70
S113,1486962441,18.80,11.20,18.30,9.80,0.30,17.70
S113,1486962740,18.80,11.10,18.20,9.70,0.30,17.70
S113,1486963039,18.80,11.20,18.20,9.70,0.30,17.70
S113,1486963338,18.70,11.30,18.20,9.80,0.30,17.70
S113,1486963637,18.70,11.60,18.30,9.90,0.30,17.70
S113,1486963936,18.70,11.70,18.40,9.90,0.30,17.70
S113,1486964235,18.70,11.90,18.60,9.90,0.30,17.70
S113,1486964534,18.70,11.90,18.70,9.90,0.30,17.70
S113,1486964833,18.70,12.00,18.80,10.00,0.30,17.70
S113,1486965132,18.80,12.10,18.90,10.00,0.30,17.70
S113,1486965431,18.80,12.10,18.90,10.00,0.30,17.70
S113,1486965730,18.80,12.10,19.00,10.00,0.30,17.70
S113,1486966029,18.80,12.10,19.00,9.90,0.30,17.70
S113,1486966328,18.90,12.20,19.10,9.90,0.30,17.70
S113,1486966627,18.90,12.10,19.10,9.90,0.30,17.70
S113,1486966926,18.90,12.10,19.20,9.90,0.30,17.70
S113,1486967225,19.00,12.20,19.20,9.80,0.30,17.70
S113,1486967524,19.00,12.20,19.30,9.90,0.30,17.70
S113,1486967823,19.00,12.20,19.30,9.80,0.30,17.70
S113,1486968122,19.10,12.20,19.40,9.90,0.30,17.70
S113,1486968421,19.10,12.20,19.40,9.90,0.30,17.70
S113,1486968720,19.10,12.10,19.40,9.70,0.30,17.70
S113,1486969019,19.20,12.30,19.50,9.70,0.30,17.70
S113,1486969318,19.20,12.20,19.50,9.70,0.30,17.70
S113,1486969617,19.20,12.20,19.50,9.70,0.30,17.70
S113,1486969916,19.30,12.20,19.60,9.60,0.30,17.70
S113,1486970215,19.30,12.10,19.60,9.70,0.30,17.70
S113,1486970514,19.30,12.10,19.60,9.70,0.30,17.70
S113,1486970813,19.40,12.10,19.60,9.60,0.30,17.70
S113,1486971112,19.40,12.10,19.70,9.50,0.30,17.70
S113,1486971411,19.40,12.10,19.70,9.50,0.30,17.70
S113,1486971710,19.40,12.00,19.70,9.30,0.30,17.70
S113,1486972009,19.50,12.10,19.70,9.40,0.30,17.70
S113,1486972308,19.50,11.90,19.70,9.20,0.30,17.70
S113,1486972607,19.50,12.00,19.70,9.50,0.30,17.70
S113,1486972906,19.50,12.00,19.80,9.30,0.30,17.70
S113,1486973205,19.50,11.90,19.80,9.50,0.30,17.70
S113,1486973504,19.60,11.90,19.80,9.20,0.30,17.70
S113,1486973803,19.60,11.90,19.90,9.40,0.30,17.70
S113,1486974102,19.60,11.90,19.90,9.30,0.30,17.70
S113,1486974401,19.60,11.80,19.90,9.30,0.30,17.70
S113,1486974700,19.70,11.90,19.90,9.20,0.30,17.70
S113,1486974999,19.70,11.90,19.90,9.30,0.30,17.70
S113,1486975298,19.70,11.90,20.00,9.20,0.30,17.70
S113,1486975597,19.70,11.90,20.00,9.30,0.30,17.70
S113,1486975896,19.80,11.90,20.00,9.20,0.30,17.70
S113,1486976195,19.80,12.00,20.10,9.10,0.30,17.70
S113,1486976494,19.80,11.90,20.20,9.20,0.30,17.70
S113,1486976793,19.80,11.90,20.30,9.40,0.30,17.70
S113,1486977092,19.90,16.00,20.40,12.40,0.30,17.70
S113,1486977391,19.90,12.60,20.50,9.30,0.30,17.70
S113,1486977690,20.00,12.40,20.50,9.20,0.30,17.70
S113,1486977989,20.00,12.00,20.50,9.20,0.30,17.70
S113,1486978288,20.10,11.90,20.50,9.10,0.30,17.70
S113,1486978587,20.10,12.00,20.50,9.10,0.30,17.70
S113,1486978886,20.20,11.90,20.50,9.00,0.30,17.70
S113,1486979185,20.20,11.80,20.50,8.90,0.30,17.70
S113,1486979484,20.20,11.80,20.50,9.00,0.30,17.70
S113,1486979783,20.30,12.00,20.60,9.00,0.30,17.70
S113,1486980082,20.30,11.90,20.60,9.00,0.30,17.70
S113,1486980381,20.30,11.70,20.70,9.00,0.30,17.70
S113,1486980680,20.40,11.80,20.70,9.00,0.30,17.70
S113,1486980979,20.40,11.90,20.70,8.90,0.30,17.70
S113,1486981278,20.40,11.70,20.70,8.90,0.30,17.70
S113,1486981577,20.40,11.80,20.80,8.90,0.30,17.70
S113,1486981876,20.50,11.90,20.80,8.90,0.30,17.70
S113,1486982175,20.50,11.90,20.80,8.80,0.30,17.70
S113,1486982474,20.50,11.70,20.80,8.80,0.30,17.70
S113,1486982773,20.50,12.30,21.00,9.00,0.30,17.70
S113,1486983072,20.60,12.10,21.10,9.20,0.30,17.70
S113,1486983371,20.60,11.80,21.10,8.90,0.30,17.70
S113,1486983670,20.70,11.90,21.10,8.80,0.30,17.70
S113,1486983969,20.70,11.40,21.10,8.80,0.30,17.70
S113,1486984268,20.70,12.80,21.10,9.30,0.30,17.70
S113,1486984567,20.80,11.60,21.10,8.90,0.30,17.70
S113,1486984866,20.80,11.70,21.10,8.70,0.30,17.70
S113,1486985165,20.90,11.70,21.10,8.80,0.30,17.70
S113,1486985464,20.80,10.90,21.10,8.90,0.30,17.70
S113,1486985763,20.90,11.30,21.20,8.70,0.30,17.70
S113,1486986062,20.90,11.40,21.20,8.80,0.30,17.70
S113,1486986361,20.90,11.50,21.10,8.60,0.30,17.70
S113,1486986660,21.00,11.60,21.10,8.70,0.30,17.70
S113,1486986959,21.00,11.60,21.10,8.50,0.30,17.70
S113,1486987258,21.00,11.40,21.10,8.50,0.30,17.70
S113,1486987557,21.00,11.50,21.10,8.50,0.30,17.70
S113,1486987856,21.00,11.00,21.10,8.50,0.30,17.70
S113,1486988155,21.00,11.40,21.10,8.50,0.30,17.70
S113,1486988455,21.00,11.40,21.10,8.50,0.30,17.70
S113,1486988754,21.00,11.40,21.10,8.50,0.30,17.70
S113,1486989053,21.00,11.30,21.10,8.50,0.30,17.70
S113,1486989352,21.00,11.50,21.10,8.40,0.30,17.70
S113,1486989651,21.00,11.40,21.10,8.80,0.30,17.70
S113,1486989950,21.10,11.60,21.20,8.70,0.30,17.70
S113,1486990249,21.00,11.30,21.20,8.70,0.30,17.70
S113,1486990548,21.10,11.60,21.30,8.60,0.30,17.70
S113,1486990847,21.10,11.30,21.20,8.60,0.30,17.70
S113,1486991146,21.10,11.20,21.20,8.40,0.30,17.70
S113,1486991445,21.10,11.00,21.20,8.00,0.30,17.70
S113,1486991744,21.10,11.00,21.10,7.90,0.30,17.70
S113,1486992043,21.10,10.90,21.10,8.00,0.30,17.70
S113,1486992342,21.10,10.90,21.10,8.10,0.30,17.70
S113,1486992641,21.10,10.70,21.10,8.30,0.30,17.70
S113,1486992940,21.20,10.60,21.20,8.30,0.30,17.70
S113,1486993239,21.10,10.70,21.20,8.10,0.30,17.70
S113,1486993538,21.10,11.00,21.30,8.30,0.30,17.70
S113,1486993837,21.10,10.90,21.30,7.90,0.30,17.70
S113,1486994136,21.10,10.50,21.20,7.60,0.30,17.70
S113,1486994435,21.20,10.80,21.20,7.80,0.30,17.70
S113,1486994734,21.20,10.70,21.10,7.70,0.30,17.70
S113,1486995033,21.20,10.60,21.20,8.10,0.30,17.70
S113,1486995332,21.20,10.70,21.20,7.90,0.30,17.70
S113,1486995631,21.20,10.70,21.10,7.90,0.30,17.70
S113,1486995930,21.20,10.80,21.10,7.80,0.30,17.70
S113,1486996229,21.20,10.90,21.10,7.70,0.30,17.70
S113,1486996528,21.20,10.70,21.10,7.80,0.30,17.70
S113,1486996827,21.20,10.90,21.10,7.90,0.30,17.70
S113,1486997126,21.20,10.60,21.10,7.70,0.30,17.70
S113,1486997425,21.20,10.70,21.20,7.70,0.30,17.70
S113,1486997724,21.20,10.30,21.20,7.50,0.30,17.70
S113,1486998023,21.20,10.50,21.20,7.50,0.30,17.70
S113,1486998322,21.20,10.30,21.20,7.30,0.30,17.70
S113,1486998621,21.20,10.40,21.20,7.50,0.30,17.70
S113,1486998920,21.20,10.30,21.20,7.30,0.30,17.70
S113,1486999219,21.20,10.30,21.20,7.60,0.30,17.70
S113,1486999518,21.20,10.40,21.20,7.40,0.30,17.70
S113,1486999817,21.20,10.50,21.20,7.20,0.30,17.70
S113,1487000116,21.20,10.50,21.20,7.30,0.30,17.70
S113,1487000415,21.20,9.80,21.20,7.30,0.30,17.70
S113,1487000714,21.20,9.60,21.20,7.20,0.30,17.70
S113,1487001013,21.20,9.80,21.10,7.20,0.30,17.70
S113,1487001312,21.20,10.10,21.10,7.00,0.30,17.70
S113,1487001611,21.20,10.20,21.20,7.40,0.30,17.70
S113,1487001910,21.20,10.00,21.20,7.20,0.30,17.70
S113,1487002209,21.20,10.30,21.20,7.30,0.30,17.70
S113,1487002508,21.20,9.90,21.20,7.20,0.30,17.70
S113,1487002807,21.20,9.90,21.20,7.30,0.30,17.70
S113,1487003106,21.20,9.80,21.10,6.90,0.30,17.70
S113,1487003405,21.20,9.20,21.00,7.00,0.30,17.70
S113,1487003704,21.20,9.30,21.00,7.20,0.30,17.70
S113,1487004003,21.20,9.50,21.10,7.20,0.30,17.70
S113,1487004302,21.20,9.90,21.20,7.30,0.30,17.70
S113,1487004601,21.20,10.20,21.20,7.60,0.30,17.70
S113,1487004900,21.20,10.30,21.20,7.30,0.30,17.70
S113,1487005199,21.20,9.90,21.30,7.30,0.30,17.70
S113,1487005498,21.20,9.90,21.20,7.40,0.30,17.70
S113,1487005797,21.20,9.30,21.20,7.20,0.30,17.70
S113,1487006096,21.20,9.90,21.10,7.20,0.30,17.70
S113,1487006395,21.20,10.10,21.20,7.60,0.30,17.70
S113,1487006694,21.20,10.10,21.20,7.30,0.30,17.70
S113,1487006993,21.20,10.30,21.20,7.60,0.30,17.70
S113,1487007292,21.20,10.00,21.20,7.50,0.30,17.70
S113,1487007591,21.20,10.20,21.20,7.20,0.30,17.70
S113,1487007890,21.20,9.90,21.10,7.20,0.30,17.70
S113,1487008189,21.20,9.60,21.10,7.50,0.30,17.70
S113,1487008488,21.30,9.80,21.10,7.40,0.30,17.70
S113,1487008787,21.30,9.90,21.20,7.60,0.30,17.70
S113,1487009086,21.20,10.10,21.20,7.50,0.30,17.70
S113,1487009385,21.20,10.10,21.20,7.40,0.30,17.70
S113,1487009684,21.20,10.20,21.10,7.50,0.30,17.70
S113,1487009983,21.20,9.80,21.10,7.60,0.30,17.70
S113,1487010282,21.20,9.90,21.10,7.40,0.30,17.70
S113,1487010581,21.20,10.10,21.20,7.50,0.30,17.70
S113,1487010880,21.20,9.90,21.20,7.40,0.30,17.70
S113,1487011179,21.20,10.20,21.10,7.10,0.30,17.70
S113,1487011478,21.20,10.10,21.00,7.80,0.30,17.70
S113,1487011777,21.20,9.80,21.00,7.60,0.30,17.70
S113,1487012076,21.20,9.80,21.10,7.20,0.30,17.70
S113,1487012375,21.20,9.90,21.10,7.30,0.30,17.70
S113,1487012674,21.20,10.00,21.10,7.10,0.30,17.70
S113,1487012973,21.20,10.00,21.00,7.20,0.30,17.70
S113,1487013272,21.20,9.90,20.90,7.20,0.30,17.70
S113,1487013571,21.20,10.00,20.90,7.30,0.30,17.70
S113,1487013870,21.20,9.70,21.00,7.10,0.30,17.70
S113,1487014169,21.20,10.10,21.10,7.20,0.30,17.70
S113,1487014468,21.20,9.90,21.20,7.30,0.30,17.70
S113,1487014767,21.20,9.90,21.20,7.10,0.30,17.70
S113,1487015066,21.20,9.30,21.20,7.10,0.30,17.70
S113,1487015365,21.20,9.50,21.20,7.00,0.30,17.70
S113,1487015664,21.30,9.90,21.20,7.20,0.30,17.70
S113,1487015963,21.20,9.80,21.20,6.90,0.30,17.70
S113,1487016262,21.30,9.80,21.20,7.00,0.30,17.70
S113,1487016561,21.20,9.80,21.30,7.20,0.30,17.70
S113,1487016860,21.20,10.00,21.30,7.00,0.30,17.70
S113,1487017159,21.30,9.90,21.30,7.10,0.30,17.70
S113,1487017458,21.30,9.20,21.30,6.90,0.30,17.70
S113,1487017757,21.30,9.40,21.30,7.10,0.30,17.70
S113,1487018056,21.30,9.70,21.40,7.00,0.30,17.70
S113,1487018355,21.30,9.90,21.30,7.00,0.30,17.70
S113,1487018654,21.30,9.90,21.30,7.20,0.30,17.70
S113,1487018953,21.30,9.90,21.30,7.00,0.30,17.70
S113,1487019252,21.30,9.90,21.10,6.80,0.30,17.70
S113,1487019551,21.30,9.60,21.00,6.90,0.30,17.70
S113,1487019850,21.30,8.90,21.10,6.90,0.30,17.70
S113,1487020149,21.30,9.50,21.10,6.80,0.30,17.70
S113,1487020448,21.30,9.90,21.20,6.90,0.30,17.70
S113,1487020747,21.30,9.90,21.20,6.70,0.30,17.70
S113,1487021046,21.30,9.50,20.90,6.40,0.30,17.70
S113,1487021345,21.30,9.50,20.70,6.50,0.30,17.70
S113,1487021644,21.20,9.20,20.50,7.00,0.30,17.70
S113,1487021943,21.20,9.10,20.50,6.50,0.30,17.70
S113,1487022242,21.20,8.70,20.30,6.60,0.30,17.70
S113,1487022541,21.10,9.10,20.20,6.70,0.30,17.70
S113,1487022840,21.00,9.00,20.20,6.60,0.30,17.70
S113,1487023139,21.00,8.80,20.10,6.60,0.30,17.70
S113,1487023438,21.00,8.70,20.00,6.60,0.30,17.70
S113,1487023737,20.90,8.90,19.90,6.70,0.30,17.70
S113,1487024036,20.80,8.90,19.90,6.70,0.30,17.70
S113,1487024335,20.80,9.20,19.70,6.70,0.30,17.70
S113,1487024634,20.70,9.00,19.70,6.80,0.30,17.70
S113,1487024933,20.70,9.10,19.60,6.80,0.30,17.70
S113,1487025232,20.60,9.30,19.50,6.90,0.30,17.70
S113,1487025531,20.50,9.20,19.50,7.10,0.30,17.70
S113,1487025830,20.50,9.20,19.50,7.20,0.30,17.70
S113,1487026129,20.40,9.20,19.40,7.30,0.30,17.70
S113,1487026428,20.30,9.20,19.40,7.40,0.30,17.70
S113,1487026728,20.30,9.40,19.30,7.50,0.30,17.70
S113,1487027027,20.30,9.60,19.30,7.50,0.30,17.70
S113,1487027326,20.20,9.60,19.30,7.60,0.30,17.70
S113,1487027625,20.10,9.60,19.20,7.70,0.30,17.70
S113,1487027924,20.10,9.60,19.20,7.80,0.30,17.70
S113,1487028223,20.10,9.70,19.20,7.80,0.30,17.70
S113,1487028522,20.00,9.80,19.10,7.90,0.30,17.70
S113,1487028821,20.00,9.80,19.10,7.90,0.30,17.70
S113,1487029120,19.90,10.00,19.10,8.00,0.30,17.70
S113,1487029419,19.90,10.00,19.00,8.10,0.30,17.70
S113,1487029718,19.80,9.80,19.00,8.10,0.30,17.70
S113,1487030017,19.80,10.00,19.00,8.20,0.30,17.70
S113,1487030316,19.80,9.60,18.90,8.20,0.30,17.70
S113,1487030615,19.70,9.80,18.90,8.20,0.30,17.70
S113,1487030914,19.70,9.90,19.00,8.30,0.30,17.70
S113,1487031213,19.70,10.10,19.00,8.30,0.30,17.70
S113,1487031512,19.70,10.10,19.00,8.40,0.30,17.70
S113,1487031811,19.60,10.00,19.00,8.40,0.30,17.70
S113,1487032110,19.60,10.00,18.90,8.30,0.30,17.70
S113,1487032409,19.60,10.00,18.90,8.30,0.30,17.70
S113,1487032708,19.60,10.20,18.90,8.30,0.30,17.70
S113,1487033007,19.60,10.00,18.90,8.30,0.30,17.70
S113,1487033306,19.50,10.20,18.90,8.40,0.30,17.70
S113,1487033605,19.50,10.00,18.80,8.30,0.30,17.70
S113,1487033904,19.50,10.10,18.80,8.40,0.30,17.70
S113,1487034203,19.50,10.00,18.70,8.50,0.30,17.70
S113,1487034502,19.40,10.10,18.60,8.50,0.30,17.70
S113,1487034801,19.40,9.90,18.60,8.50,0.30,17.70
S113,1487035100,19.30,9.90,18.50,8.50,0.30,17.70
S113,1487035399,19.30,10.00,18.50,8.50,0.30,17.70
S113,1487035698,19.30,10.20,18.50,8.60,0.30,17.70
S113,1487035997,19.20,9.80,18.50,8.60,0.30,17.70
S113,1487036296,19.20,10.00,18.40,8.60,0.30,17.70
S113,1487036595,19.20,10.30,18.40,8.70,0.30,17.70
S113,1487036894,19.10,10.00,18.40,8.80,0.30,17.70
S113,1487037193,19.10,10.10,18.30,8.70,0.30,17.70
S113,1487037492,19.10,10.30,18.30,8.80,0.30,17.70
S113,1487037791,19.00,9.90,18.40,8.80,0.30,17.70
S113,1487038090,19.00,10.10,18.30,8.80,0.30,17.70
S113,1487038389,19.00,10.00,18.30,8.80,0.30,17.70
S113,1487038688,19.00,10.00,18.30,8.80,0.30,17.70
S113,1487038987,18.90,9.90,18.30,8.90,0.30,17.70
S113,1487039286,18.90,10.20,18.20,8.90,0.30,17.70
S113,1487039585,18.90,10.20,18.20,8.90,0.30,17.70
S113,1487039884,18.90,10.00,18.20,8.90,0.30,17.70
S113,1487040183,18.80,10.20,18.20,9.00,0.30,17.70
S113,1487040482,18.80,10.10,18.10,9.00,0.30,17.70
S113,1487040781,18.80,10.10,18.10,9.00,0.30,17.70
S113,1487041080,18.80,10.50,18.10,9.10,0.30,17.70
S113,1487041379,18.70,10.20,18.10,9.10,0.30,17.70
S113,1487041678,18.70,10.30,18.10,9.10,0.30,17.70
S113,1487041977,18.70,10.20,18.00,9.10,0.30,17.70
S113,1487042276,18.70,10.30,18.00,9.20,0.30,17.70
S113,1487042575,18.70,10.40,18.00,9.20,0.30,17.70
S113,1487042874,18.70,10.60,18.00,9.30,0.30,17.70
S113,1487043173,18.60,10.40,18.00,9.30,0.30,17.70
S113,1487043472,18.60,10.70,18.00,9.30,0.30,17.70
S113,1487043771,18.60,10.60,18.00,9.30,0.30,17.70
S113,1487044070,18.60,10.70,18.00,9.40,0.30,17.70
S113,1487044369,18.50,10.50,18.00,9.40,0.30,17.70
S113,1487044668,18.50,10.50,17.90,9.30,0.30,17.70
S113,1487044967,18.50,10.60,17.90,9.40,0.30,17.70
S113,1487045266,18.50,10.40,17.90,9.40,0.30,17.70
S113,1487045565,18.50,10.70,17.90,9.50,0.30,17.70
S113,1487045864,18.50,10.90,17.90,9.50,0.30,17.70
S113,1487046163,18.50,10.70,17.90,9.50,0.30,17.60
S113,1487046462,18.40,10.70,17.90,9.60,0.30,17.70
S113,1487046761,18.40,10.70,17.90,9.70,0.30,17.70
S113,1487047060,18.40,10.70,17.80,9.60,0.30,17.70
S113,1487047359,18.40,10.80,17.80,9.60,0.30,17.70
S113,1487047658,18.40,10.90,17.80,9.60,0.30,17.70
S113,1487047957,18.30,10.90,17.80,9.70,0.30,17.70
S113,1487048256,18.30,10.60,17.80,9.60,0.30,17.70
S113,1487048555,18.30,10.90,17.80,9.70,0.30,17.70
S113,1487048854,18.30,10.90,17.80,9.70,0.30,17.70
S113,1487049153,18.30,10.70,17.80,9.60,0.30,17.70
S113,1487049452,18.30,11.00,17.80,9.70,0.30,17.70
S113,1487049751,18.30,11.20,17.90,9.80,0.30,17.70
S113,1487050050,18.30,11.30,18.00,9.70,0.30,17.70
S113,1487050349,18.30,11.40,18.20,9.80,0.30,17.70
S113,1487050648,18.30,11.40,18.30,9.80,0.30,17.70
S113,1487050947,18.30,11.50,18.40,9.80,0.30,17.70
S113,1487051246,18.30,11.60,18.50,9.80,0.30,17.70
S113,1487051545,18.40,11.70,18.50,9.80,0.30,17.70
S113,1487051844,18.40,11.70,18.60,9.80,0.30,17.70
S113,1487052143,18.40,11.70,18.60,9.80,0.30,17.70
S113,1487052442,18.50,11.70,18.60,9.70,0.30,17.70
S113,1487052741,18.50,11.70,18.70,9.70,0.30,17.70
S113,1487053040,18.50,11.70,18.80,9.80,0.30,17.70
S113,1487053339,18.50,11.70,18.80,9.70,0.30,17.70
S113,1487053638,18.60,11.80,18.90,9.80,0.30,17.70
S113,1487053937,18.60,11.80,18.90,9.80,0.30,17.70
S113,1487054236,18.70,11.90,18.90,9.80,0.30,17.70
S113,1487054535,18.70,11.90,18.90,9.80,0.30,17.70
S113,1487054834,18.70,11.90,19.00,9.80,0.30,17.70
S113,1487055133,18.80,11.90,19.10,9.80,0.30,17.70
S113,1487055432,18.80,11.90,19.10,9.80,0.30,17.70
S113,1487055731,18.80,11.90,19.20,9.80,0.30,17.70
S113,1487056030,18.90,12.00,19.20,9.80,0.30,17.70
S113,1487056329,18.90,12.00,19.20,9.80,0.30,17.70
S113,1487056628,18.90,11.90,19.20,10.30,0.30,17.70
S113,1487056927,19.00,12.00,19.30,9.80,0.30,17.70
S113,1487057226,19.00,12.00,19.30,9.80,0.30,17.70
S113,1487057525,19.00,12.00,19.40,9.90,0.30,17.70
S113,1487057824,19.00,12.00,19.40,9.80,0.30,17.70
S113,1487058123,19.10,12.00,19.50,9.90,0.30,17.70
S113,1487058422,19.10,12.00,19.50,9.80,0.30,17.70
S113,1487058721,19.10,12.00,19.50,9.80,0.30,17.70
S113,1487059020,19.20,12.10,19.50,9.90,0.30,17.70
S113,1487059319,19.20,12.10,19.60,9.90,0.30,17.70
S113,1487059618,19.20,12.10,19.60,9.80,0.30,17.70
S113,1487059917,19.30,12.10,19.60,9.80,0.30,17.70
S113,1487060216,19.30,12.10,19.70,9.80,0.30,17.70
S113,1487060515,19.30,12.10,19.70,9.80,0.30,17.70
S113,1487060814,19.40,12.10,19.70,9.80,0.30,17.70
S113,1487061113,19.40,12.10,19.80,9.90,0.30,17.70
S113,1487061412,19.40,12.10,19.80,9.80,0.30,17.70
S113,1487061711,19.50,12.10,19.80,9.80,0.30,17.70
S113,1487062010,19.50,12.20,19.80,9.70,0.30,17.70
S113,1487062309,19.50,12.10,19.90,9.90,0.30,17.70
S113,1487062608,19.60,12.10,20.00,9.90,0.30,17.70
S113,1487062907,19.60,12.20,20.10,10.00,0.30,17.70
S113,1487063206,19.60,12.20,20.10,9.90,0.30,17.70
S113,1487063505,19.70,12.20,20.20,9.90,0.30,17.70
S113,1487063804,19.70,12.20,20.30,9.80,0.30,17.70
S113,1487064103,19.80,12.20,20.30,9.80,0.30,17.70
S113,1487064402,19.80,12.20,20.40,9.80,0.30,17.70
S113,1487064701,19.90,12.20,20.40,9.80,0.30,17.70
S113,1487065001,19.90,12.20,20.50,9.80,0.30,17.70
S113,1487065300,19.90,12.10,20.50,9.80,0.30,17.70
S113,1487065599,20.00,12.10,20.50,9.40,0.30,17.70
S113,1487065898,20.00,12.00,20.50,9.70,0.30,17.70
S113,1487066197,20.10,12.00,20.40,9.30,0.30,17.70
S113,1487066496,20.10,11.90,20.40,9.40,0.30,17.70
S113,1487066795,20.10,11.90,20.50,9.40,0.30,17.70
S113,1487067094,20.10,11.60,20.50,9.50,0.30,17.70
S113,1487067393,20.20,11.90,20.60,9.40,0.30,17.70
S113,1487067692,20.20,11.80,20.60,9.00,0.30,17.70
S113,1487067991,20.20,11.60,20.70,9.00,0.30,17.70
S113,1487068290,20.30,11.50,20.70,9.10,0.30,17.70
S113,1487068589,20.30,11.50,20.80,9.00,0.30,17.70
S113,1487068888,20.40,11.40,20.80,9.20,0.30,17.70
S113,1487069187,20.40,11.60,20.80,8.80,0.30,17.70
S113,1487069486,20.40,11.60,20.80,9.10,0.30,17.70
S113,1487069785,20.40,11.60,20.70,9.00,0.30,17.70
S113,1487070084,20.40,11.60,20.70,9.00,0.30,17.70
S113,1487070383,20.40,11.50,20.70,8.90,0.30,17.70
S113,1487070682,20.50,11.50,20.70,8.70,0.30,17.70
S113,1487070981,20.50,11.50,20.60,8.80,0.30,17.70
S113,1487071280,20.50,11.50,20.60,8.60,0.30,17.70
S113,1487071579,20.50,11.40,20.60,8.80,0.30,17.70
S113,1487071878,20.50,11.40,20.60,8.60,0.30,17.70
S113,1487072177,20.50,11.40,20.60,8.40,0.30,17.70
S113,1487072476,20.50,11.30,20.60,8.50,0.30,17.70
S113,1487072775,20.50,11.30,20.60,8.30,0.30,17.70
S113,1487073074,20.50,11.30,20.60,8.50,0.30,17.70
S113,1487073373,20.50,11.30,20.60,8.40,0.30,17.70
S113,1487073672,20.50,11.20,20.60,8.50,0.30,17.70
S113,1487073971,20.50,11.20,20.60,8.40,0.30,17.70
S113,1487074270,20.50,11.20,20.60,8.40,0.30,17.70
S113,1487074569,20.50,11.10,20.70,8.30,0.30,17.70
S113,1487074868,20.50,11.10,20.70,8.20,0.30,17.70
S113,1487075167,20.50,11.00,20.60,8.00,0.30,17.70
S113,1487075466,20.50,11.00,20.70,8.10,0.30,17.70
S113,1487075765,20.60,11.00,20.60,8.10,0.30,17.70
S113,1487076064,20.50,10.90,20.60,8.00,0.30,17.70
S113,1487076363,20.60,10.90,20.60,8.00,0.30,17.70
S113,1487076662,20.50,10.80,20.60,8.00,0.30,17.70
S113,1487076961,20.60,10.70,20.70,8.10,0.30,17.70
S113,1487077260,20.60,10.90,20.80,8.10,0.30,17.70
S113,1487077559,20.60,10.90,20.80,7.90,0.30,17.70
S113,1487077858,20.60,10.90,20.90,8.00,0.30,17.70
S113,1487078157,20.60,10.80,20.90,8.00,0.30,17.70
S113,1487078456,20.70,11.00,21.00,8.10,0.30,17.70
S113,1487078755,20.70,10.80,21.00,8.00,0.30,17.70
S113,1487079054,20.70,10.90,21.10,7.90,0.30,17.70
S113,1487079353,20.70,11.00,21.10,8.00,0.30,17.70
S113,1487079652,20.70,11.00,21.10,8.00,0.30,17.70
S113,1487079951,20.80,12.00,21.10,7.70,0.30,17.70
S113,1487080250,20.80,10.90,21.20,8.10,0.30,17.70
S113,1487080549,20.80,10.60,21.20,7.30,0.30,17.70
S113,1487080848,20.90,10.40,21.10,7.50,0.30,17.70
S113,1487081147,20.90,10.50,21.10,7.50,0.30,17.70
S113,1487081446,20.90,10.40,21.10,7.20,0.30,17.70
S113,1487081745,20.90,10.00,21.00,7.50,0.30,17.70
S113,1487082044,20.90,9.80,21.10,7.20,0.30,17.70
S113,1487082343,20.90,10.10,21.10,7.50,0.30,17.70
S113,1487082642,20.90,10.00,21.20,7.50,0.30,17.70
S113,1487082941,21.00,10.20,21.20,7.50,0.30,17.70
S113,1487083240,21.00,10.30,21.30,7.60,0.30,17.70
S113,1487083539,21.00,10.10,21.30,7.70,0.30,17.70
S113,1487083838,21.00,9.80,21.30,7.40,0.30,17.70
S113,1487084137,21.00,9.60,21.20,7.20,0.30,17.70
S113,1487084436,21.00,9.20,21.10,6.90,0.30,17.70
S113,1487084735,21.00,9.60,21.20,7.20,0.30,17.70
S113,1487085034,21.00,9.90,21.20,7.30,0.30,17.70
S113,1487085333,21.00,9.90,21.30,7.40,0.30,17.70
S113,1487085632,21.00,10.00,21.30,7.40,0.30,17.70
S113,1487085931,21.00,10.20,21.40,7.50,0.30,17.70
S113,1487086230,21.10,10.30,21.40,7.30,0.30,17.70
S113,1487086529,21.10,10.10,21.40,7.30,0.30,17.70
S113,1487086828,21.10,9.80,21.30,7.00,0.30,17.70
S113,1487087127,21.10,9.90,21.10,6.80,0.30,17.70
S113,1487087426,21.10,9.30,21.10,7.10,0.30,17.70
S113,1487087725,21.10,9.10,21.10,7.10,0.30,17.70
S113,1487088024,21.10,9.20,21.10,7.00,0.30,17.70
S113,1487088323,21.10,9.40,21.20,7.00,0.30,17.70
S113,1487088622,21.10,9.40,21.20,7.10,0.30,17.70
S113,1487088921,21.10,9.40,21.20,7.00,0.30,17.70
S113,1487089220,21.10,9.60,21.20,6.80,0.30,17.70
S113,1487089519,21.10,9.10,21.10,7.10,0.30,17.70
S113,1487089818,21.10,9.40,21.10,7.10,0.30,17.70
S113,1487090117,21.10,9.50,21.20,7.30,0.30,17.70
S113,1487090416,21.10,9.60,21.30,7.30,0.30,17.70
S113,1487090715,21.10,9.40,21.30,7.10,0.30,17.70
S113,1487091014,21.10,9.70,21.20,7.00,0.30,17.70
S113,1487091313,21.10,9.40,21.10,6.70,0.30,17.70
S113,1487091612,21.10,9.10,21.10,7.00,0.30,17.70
S113,1487091911,21.10,8.90,21.20,6.70,0.30,17.70
S113,1487092210,21.10,8.80,21.20,6.70,0.30,17.70
S113,1487092509,21.20,9.10,21.20,7.00,0.30,17.70
S113,1487092808,21.10,9.30,21.20,6.70,0.30,17.70
S113,1487093107,21.20,9.40,21.10,6.60,0.30,17.70
S113,1487093406,21.20,9.30,21.00,6.70,0.30,17.70
S113,1487093705,21.10,8.80,20.90,6.50,0.30,17.70
S113,1487094004,21.10,9.00,21.00,6.60,0.30,17.70
S113,1487094303,21.10,8.80,21.10,6.60,0.30,17.70
S113,1487094602,21.10,9.20,21.10,6.80,0.30,17.70
S113,1487094901,21.10,8.70,21.10,6.70,0.30,17.70
S113,1487095200,21.10,9.40,21.10,6.60,0.30,17.70
S113,1487095499,21.10,9.20,21.10,6.70,0.30,17.70
S113,1487095798,21.10,9.40,21.10,6.70,0.30,17.70
S113,1487096097,21.10,9.60,21.10,6.80,0.30,17.70
S113,1487096396,21.10,9.70,21.10,6.60,0.30,17.70
S113,1487096695,21.10,9.30,21.10,6.60,0.30,17.70
S113,1487096994,21.10,9.50,21.20,6.70,0.30,17.70
S113,1487097293,21.10,9.30,21.10,6.60,0.30,17.70
S113,1487097592,21.10,8.90,21.20,6.50,0.30,17.70
S113,1487097891,21.10,8.80,21.10,5.90,0.30,17.70
S113,1487098190,21.10,8.60,21.10,6.10,0.30,17.70
S113,1487098489,21.10,8.90,21.10,6.10,0.30,17.70
S113,1487098788,21.10,9.20,21.20,6.40,0.30,17.70
S113,1487099087,21.10,8.80,21.20,6.40,0.30,17.70
S113,1487099386,21.10,8.60,21.20,6.50,0.30,17.70
S113,1487099685,21.10,8.90,21.10,6.50,0.30,17.70
S113,1487099984,21.10,9.10,21.10,6.20,0.30,17.70
S113,1487100283,21.10,8.60,21.10,6.00,0.30,17.70
S113,1487100582,21.10,9.00,21.00,5.90,0.30,17.70
S113,1487100881,21.10,8.80,21.00,6.00,0.30,17.70
S113,1487101180,21.10,9.00,21.00,6.00,0.30,17.70
S113,1487101479,21.10,9.10,21.00,6.10,0.30,17.70
S113,1487101778,21.10,8.90,20.90,6.00,0.30,17.70
S113,1487102077,21.10,9.10,20.90,6.00,0.30,17.70
S113,1487102376,21.10,9.30,20.90,6.00,0.30,17.70
S113,1487102675,21.10,9.10,20.80,6.00,0.30,17.70
S113,1487102974,21.00,9.10,20.80,6.00,0.30,17.70
S113,1487103274,21.00,8.90,20.70,6.00,0.30,17.70
S113,1487103573,21.00,9.10,20.70,6.00,0.30,17.70
S113,1487103872,21.00,9.10,20.60,6.00,0.30,17.70
S113,1487104171,21.00,9.00,20.60,6.00,0.30,17.70
S113,1487104470,20.90,9.00,20.60,6.00,0.30,17.70
S113,1487104769,20.90,8.80,20.50,5.90,0.30,17.70
S113,1487105068,20.90,8.90,20.50,6.00,0.30,17.70
S113,1487105367,20.90,9.10,20.50,5.90,0.30,17.70
S113,1487105666,20.90,9.10,20.50,5.90,0.30,17.70
S113,1487105965,20.80,9.00,20.50,5.90,0.30,17.70
S113,1487106264,20.80,9.00,20.50,5.90,0.30,17.70
S113,1487106563,20.80,9.10,20.40,5.90,0.30,17.70
S113,1487106862,20.80,9.00,20.40,5.90,0.30,17.70
S113,1487107161,20.70,8.80,20.30,5.90,0.30,17.70
S113,1487107460,20.70,8.80,20.10,5.90,0.30,17.70
S113,1487107759,20.70,8.50,19.90,5.80,0.30,17.70
S113,1487108058,20.60,8.30,19.80,5.80,0.30,17.70
S113,1487108357,20.60,8.20,19.80,5.80,0.30,17.70
S113,1487108656,20.50,8.10,19.70,5.80,0.30,17.70
S113,1487108955,20.50,8.30,19.50,5.80,0.30,17.70
S113,1487109254,20.40,8.00,19.50,5.80,0.30,17.70
S113,1487109553,20.40,8.10,19.40,5.80,0.30,17.70
S113,1487109852,20.30,8.20,19.40,5.90,0.30,17.70
S113,1487110151,20.30,8.00,19.40,5.90,0.30,17.70
S113,1487110450,20.20,8.30,19.30,6.00,0.30,17.70
S113,1487110749,20.10,7.80,19.30,6.10,0.30,17.70
S113,1487111048,20.10,8.10,19.20,6.00,0.30,17.70
S113,1487111347,20.10,8.20,19.20,6.10,0.30,17.70
S113,1487111646,20.00,8.20,19.10,6.10,0.30,17.70
S113,1487111945,20.00,8.00,19.10,6.10,0.30,17.70
S113,1487112244,19.90,8.30,19.00,6.20,0.30,17.70
S113,1487112543,19.90,8.00,18.90,6.10,0.30,17.70
S113,1487112842,19.90,8.30,19.00,6.50,0.30,17.70
S113,1487113141,19.80,8.00,19.00,6.40,0.30,17.70
S113,1487113440,19.80,7.90,19.10,6.40,0.30,17.70
S113,1487113739,19.80,8.20,19.10,6.40,0.30,17.70
S113,1487114038,19.70,8.00,19.00,6.30,0.30,17.70
S113,1487114337,19.70,8.40,19.00,6.30,0.30,17.70
S113,1487114636,19.70,8.30,19.00,6.30,0.30,17.70
S113,1487114935,19.60,8.30,19.00,6.30,0.30,17.70
S113,1487115234,19.60,8.20,19.00,6.50,0.30,17.70
S113,1487115533,19.60,9.10,19.00,7.40,0.30,17.70
S113,1487115832,19.60,8.80,19.00,7.10,0.30,17.70
S113,1487116131,19.60,9.10,18.90,6.80,0.30,17.70
S113,1487116430,19.60,8.80,18.90,6.60,0.30,17.70
S113,1487116729,19.50,8.70,18.90,6.40,0.30,17.70
S113,1487117028,19.50,8.70,18.90,6.30,0.30,17.70
S113,1487117327,19.50,8.40,18.90,6.10,0.30,17.70
S113,1487117626,19.50,8.30,18.90,6.00,0.30,17.70
S113,1487117925,19.40,8.20,18.80,5.80,0.30,17.70
S113,1487118224,19.40,7.70,18.70,5.70,0.30,17.70
S113,1487118523,19.40,7.70,18.60,5.80,0.30,17.70
S113,1487118822,19.30,7.10,18.60,5.70,0.30,17.70
S113,1487119121,19.30,7.40,18.60,5.70,0.30,17.70
S113,1487119420,19.30,7.60,18.50,5.60,0.30,17.70
S113,1487119719,19.30,7.40,18.50,5.70,0.30,17.70
S113,1487120018,19.20,7.00,18.40,5.50,0.30,17.70
S113,1487120317,19.20,6.90,18.40,5.50,0.30,17.70
S113,1487120616,19.10,7.60,18.30,5.50,0.30,17.70
S113,1487120915,19.10,7.00,18.30,5.50,0.30,17.70
S113,1487121214,19.10,6.90,18.30,5.50,0.30,17.70
S113,1487121513,19.00,7.10,18.20,5.50,0.30,17.70
S113,1487121812,19.00,7.10,18.30,5.60,0.30,17.70
S113,1487122111,19.00,7.20,18.20,5.50,0.30,17.70
S113,1487122410,18.90,7.10,18.20,5.60,0.30,17.70
S113,1487122709,18.90,7.10,18.10,5.60,0.30,17.70
S113,1487123008,18.90,7.10,18.10,5.60,0.30,17.70
S113,1487123307,18.80,7.20,18.10,5.60,0.30,17.70
S113,1487123606,18.80,7.10,18.00,5.60,0.30,17.70
S113,1487123905,18.80,7.20,18.00,5.70,0.30,17.70
S113,1487124204,18.80,7.40,18.00,5.80,0.30,17.70
S113,1487124503,18.70,7.40,18.00,5.80,0.30,17.70
S113,1487124802,18.70,7.20,18.00,5.80,0.30,17.70
S113,1487125101,18.60,7.30,18.00,5.80,0.30,17.70
S113,1487125400,18.60,7.50,17.90,5.80,0.30,17.70
S113,1487125699,18.60,7.60,17.90,5.80,0.30,17.70
S113,1487125998,18.60,7.60,17.90,5.80,0.30,17.70
S113,1487126297,18.50,7.40,17.90,5.80,0.30,17.70
S113,1487126596,18.50,7.50,17.80,5.70,0.30,17.70
S113,1487126895,18.50,7.60,17.80,5.80,0.30,17.70
S113,1487127194,18.50,7.60,17.80,5.70,0.30,17.70
S113,1487127493,18.40,7.30,17.80,5.70,0.30,17.70
S113,1487127792,18.40,7.20,17.80,5.70,0.30,17.70
S113,1487128091,18.40,7.00,17.80,5.70,0.30,17.70
S113,1487128390,18.40,7.00,17.70,5.60,0.30,17.70
S113,1487128689,18.40,7.00,17.70,5.70,0.30,17.70
S113,1487128988,18.30,7.00,17.70,5.70,0.30,17.70
S113,1487129287,18.30,7.20,17.70,5.70,0.30,17.70
S113,1487129586,18.30,7.30,17.70,5.70,0.30,17.70
S113,1487129885,18.30,7.20,17.70,5.70,0.30,17.70
S113,1487130184,18.30,7.20,17.60,5.60,0.30,17.70
S113,1487130483,18.20,7.30,17.60,5.70,0.30,17.70
S113,1487130782,18.20,7.10,17.60,5.80,0.30,17.70
S113,1487131081,18.20,7.40,17.60,5.80,0.30,17.70
S113,1487131380,18.20,7.60,17.60,5.90,0.30,17.70
S113,1487131679,18.20,7.40,17.60,6.00,0.30,17.60
S113,1487131978,18.10,7.60,17.60,6.00,0.30,17.70
S113,1487132277,18.10,7.50,17.50,6.50,0.30,17.70
S113,1487132576,18.10,7.80,17.50,6.10,0.30,17.70
S113,1487132875,18.10,7.70,17.50,6.10,0.30,17.70
S113,1487133174,18.10,7.70,17.50,6.10,0.30,17.70
S113,1487133473,18.00,8.00,17.50,6.10,0.30,17.70
S113,1487133772,18.10,8.30,17.50,6.30,0.30,17.70
S113,1487134071,18.00,8.20,17.60,6.20,0.30,17.70
S113,1487134370,18.00,8.30,17.60,6.20,0.30,17.60
S113,1487134669,18.10,8.40,17.70,6.30,0.30,17.70
S113,1487134968,18.00,8.30,17.70,6.30,0.30,17.70
S113,1487135267,18.00,8.20,17.70,6.30,0.30,17.70
S113,1487135566,18.00,8.50,17.70,6.30,0.30,17.60
S113,1487135865,18.10,8.70,17.80,6.30,0.30,17.70
S113,1487136164,18.10,8.80,17.90,6.40,0.30,17.70
S113,1487136463,18.10,8.80,18.00,6.40,0.30,17.60
S113,1487136762,18.10,8.90,18.10,6.40,0.30,17.60
S113,1487137061,18.10,8.90,18.20,6.50,0.30,17.70
S113,1487137360,18.10,9.00,18.20,6.50,0.30,17.70
S113,1487137659,18.20,9.00,18.30,6.50,0.30,17.70
S113,1487137958,18.20,9.10,18.30,6.50,0.30,17.70
S113,1487138257,18.20,9.10,18.40,6.50,0.30,17.70
S113,1487138556,18.20,9.10,18.40,6.50,0.30,17.70
S113,1487138855,18.30,9.20,18.50,6.50,0.30,17.70
S113,1487139154,18.30,9.20,18.50,6.50,0.30,17.70
S113,1487139453,18.40,9.20,18.60,6.50,0.30,17.70
S113,1487139752,18.40,9.20,18.60,6.40,0.30,17.70
S113,1487140051,18.40,9.10,18.60,6.30,0.30,17.70
S113,1487140350,18.40,9.10,18.60,6.20,0.30,17.70
S113,1487140649,18.40,9.10,18.70,6.30,0.30,17.70
S113,1487140948,18.50,9.10,18.70,6.20,0.30,17.70
S113,1487141247,18.50,9.10,18.80,6.20,0.30,17.70
S113,1487141547,18.50,9.10,18.80,6.20,0.30,17.70
S113,1487141846,18.60,9.10,18.80,6.10,0.30,17.70
S113,1487142145,18.60,9.00,18.90,6.30,0.30,17.70
S113,1487142444,18.60,9.10,18.90,6.20,0.30,17.70
S113,1487142743,18.60,9.00,18.90,6.10,0.30,17.70
S113,1487143042,18.70,9.00,19.00,6.00,0.30,17.70
S113,1487143341,18.70,9.00,19.00,5.90,0.30,17.70
S113,1487143640,18.70,9.00,19.00,6.10,0.30,17.70
S113,1487143939,18.80,9.00,19.10,6.10,0.30,17.70
S113,1487144238,18.80,8.90,19.10,5.90,0.30,17.70
S113,1487144537,18.80,8.90,19.10,5.80,0.30,17.70
S113,1487144836,18.80,8.80,19.10,5.70,0.30,17.70
S113,1487145135,18.90,8.90,19.10,5.90,0.30,17.70
S113,1487145434,18.90,8.90,19.20,5.80,0.30,17.70
S113,1487145733,18.90,8.70,19.20,5.60,0.30,17.70
S113,1487146032,19.00,8.80,19.20,5.50,0.30,17.70
S113,1487146331,19.00,8.70,19.20,5.50,0.30,17.70
S113,1487146630,19.00,8.20,19.20,5.40,0.30,17.70
S113,1487146929,19.10,8.30,19.20,5.50,0.30,17.70
S113,1487147228,19.10,8.30,19.20,5.40,0.30,17.70
S113,1487147527,19.10,8.10,19.20,5.60,0.30,17.70
S113,1487147826,19.10,8.00,19.20,5.80,0.30,17.70
S113,1487148125,19.10,8.10,19.20,5.80,0.30,17.70
S113,1487148424,19.10,8.30,19.20,5.70,0.30,17.70
S113,1487148723,19.10,8.30,19.10,5.80,0.30,17.70
S113,1487149022,19.20,8.20,19.10,5.90,0.30,17.70
S113,1487149321,19.20,8.40,19.20,5.90,0.30,17.70
S113,1487149620,19.20,8.60,19.10,6.10,0.30,17.70
S113,1487149919,19.20,8.50,19.10,6.10,0.30,17.70
S113,1487150218,19.20,8.70,19.10,6.30,0.30,17.70
S113,1487150517,19.20,8.30,19.00,6.00,0.30,17.70
S113,1487150816,19.20,8.30,18.90,6.00,0.30,17.70
S113,1487151115,19.20,8.40,19.00,6.20,0.30,17.70
S113,1487151414,19.20,8.60,19.10,6.60,0.30,17.70
S113,1487151713,19.20,8.50,19.10,6.50,0.30,17.70
S113,1487152012,19.20,8.20,19.20,6.50,0.30,17.70
S113,1487152311,19.20,8.40,19.30,6.40,0.30,17.70
S113,1487152610,19.20,8.70,19.40,6.50,0.30,17.70
S113,1487152909,19.20,8.90,19.50,6.60,0.30,17.70
S113,1487153208,19.30,9.00,19.60,6.80,0.30,17.70
S113,1487153507,19.30,9.00,19.70,6.60,0.30,17.70
S113,1487153806,19.30,8.80,19.80,6.40,0.30,17.70
S113,1487154105,19.40,8.70,19.80,6.30,0.30,17.70
S113,1487154404,19.40,8.80,19.80,6.40,0.30,17.70
S113,1487154703,19.50,8.30,19.90,6.30,0.30,17.70
S113,1487155002,19.50,8.70,20.00,6.20,0.30,17.70
S113,1487155301,19.50,8.60,20.00,6.30,0.30,17.70
S113,1487155600,19.60,8.50,20.00,6.20,0.30,17.70
S113,1487155899,19.60,8.40,20.00,5.90,0.30,17.70
S113,1487156198,19.60,8.40,20.00,5.80,0.30,17.70
S113,1487156497,19.70,8.20,20.00,5.80,0.30,17.70
S113,1487156796,19.70,8.10,20.10,5.70,0.30,17.70
S113,1487157095,19.80,8.20,20.10,5.80,0.30,17.70
S113,1487157394,19.80,8.00,20.20,5.70,0.30,17.70
S113,1487157693,19.80,7.90,20.20,5.50,0.30,17.70
S113,1487157992,19.80,7.80,20.30,5.80,0.30,17.70
S113,1487158291,19.90,8.00,20.30,5.40,0.30,17.70
S113,1487158590,19.90,8.10,20.20,5.30,0.30,17.70
S113,1487158889,19.90,7.90,20.40,5.40,0.30,17.70
S113,1487159188,20.00,8.10,20.40,5.40,0.30,17.70
S113,1487159487,20.00,8.10,20.40,5.40,0.30,17.70
S113,1487159786,20.00,8.00,20.40,5.30,0.30,17.70
