Device,Time,DHT1-OUT Temp,DHT1-OUT Hum,DHT2-IN Temp,DHT2-IN Hum,Soil,Infrared
S114,1486911899,21.60,12.50,21.50,9.10,0.20,17.50
S114,1486912198,21.70,11.00,21.50,9.10,0.20,17.50
S114,1486912497,21.70,10.80,21.50,9.30,0.20,17.50
S114,1486912796,21.70,12.40,21.40,9.20,0.20,17.50
S114,1486913095,21.60,12.20,21.30,9.10,0.20,17.50
S114,1486913394,21.60,11.50,21.30,9.10,0.20,17.50
S114,1486913693,21.60,12.40,21.30,9.10,0.20,17.50
S114,1486913992,21.60,12.50,21.40,9.20,0.20,17.50
S114,1486914291,21.60,12.70,21.40,9.20,0.20,17.50
S114,1486914590,21.60,12.60,21.40,9.20,0.20,17.50
S114,1486914889,21.60,12.40,21.40,9.20,0.20,17.50
S114,1486915188,21.60,12.40,21.50,9.10,0.20,17.50
S114,1486915487,21.60,11.90,21.40,9.10,0.20,17.50
S114,1486915786,21.60,12.40,21.30,9.50,0.20,17.50
S114,1486916085,21.60,11.80,21.30,8.80,0.20,17.50
S114,1486916385,21.60,12.30,21.30,8.90,0.20,17.50
S114,1486916684,21.60,11.40,21.20,8.60,0.20,17.50
S114,1486916983,21.60,11.80,21.20,8.80,0.20,17.50
S114,1486917283,21.50,12.10,21.20,9.00,0.20,17.50
S114,1486917582,21.60,12.40,21.20,8.90,0.20,17.50
S114,1486917881,21.50,12.00,21.20,8.80,0.20,17.50
S114,1486918181,21.50,12.00,21.20,8.70,0.20,17.50
S114,1486918480,21.50,11.20,21.10,8.60,0.20,17.50
S114,1486918780,21.50,11.60,21.10,8.50,0.20,17.50
S114,1486919079,21.50,11.80,21.10,8.60,0.20,17.50
S114,1486919378,21.50,12.10,21.10,8.50,0.20,17.50
S114,1486919677,21.50,12.10,21.20,8.60,0.20,17.50
S114,1486919977,21.50,12.00,21.30,8.80,0.20,17.50
S114,1486920276,21.40,11.60,21.30,8.60,0.20,17.50
S114,1486920575,21.40,11.40,21.20,8.40,0.20,17.50
S114,1486920874,21.40,11.60,21.10,8.40,0.20,17.50
S114,1486921174,21.40,12.00,21.10,8.50,0.20,17.50
S114,1486921473,21.40,12.00,21.20,8.40,0.20,17.50
S114,1486921772,21.40,12.30,21.20,8.50,0.20,17.50
S114,1486922072,21.40,12.30,21.30,9.00,0.20,17.50
S114,1486922371,21.40,11.80,21.20,8.50,0.20,17.50
S114,1486922670,21.40,11.90,21.20,8.40,0.20,17.50
S114,1486922969,21.40,11.70,21.10,8.20,0.20,17.50
S114,1486923268,21.40,11.80,21.10,8.40,0.20,17.50
S114,1486923567,21.40,12.30,21.10,8.50,0.20,17.50
S114,1486923867,21.40,12.30,21.20,8.50,0.20,17.50
S114,1486924166,21.40,12.00,21.20,8.60,0.20,17.50
S114,1486924465,21.40,11.70,21.20,8.60,0.20,17.50
S114,1486924764,21.40,11.80,21.20,8.50,0.20,17.50
S114,1486925063,21.40,12.00,21.10,8.30,0.20,17.50
S114,1486925362,21.40,11.90,21.10,8.50,0.20,17.50
S114,1486925661,21.40,11.90,21.10,8.50,0.20,17.50
S114,1486925961,21.40,12.20,21.20,8.50,0.20,17.50
S114,1486926260,21.30,11.80,21.20,8.70,0.20,17.50
S114,1486926559,21.30,11.80,21.20,8.50,0.20,17.50
S114,1486926858,21.40,11.90,21.10,8.20,0.20,17.50
S114,1486927157,21.40,11.40,21.10,8.30,0.20,17.50
S114,1486927456,21.30,11.60,21.10,8.30,0.20,17.50
S114,1486927755,21.40,12.00,21.10,8.50,0.20,17.50
S114,1486928054,21.40,11.90,21.20,8.50,0.20,17.50
S114,1486928353,21.30,11.40,21.20,8.50,0.20,17.50
S114,1486928652,21.40,12.00,21.20,8.30,0.20,17.50
S114,1486928951,21.40,11.90,21.10,8.10,0.20,17.50
S114,1486929250,21.40,11.80,21.10,8.10,0.20,17.50
S114,1486929549,21.40,11.70,21.10,8.20,0.20,17.50
S114,1486929848,21.40,11.90,21.20,8.50,0.20,17.50
S114,1486930147,21.40,12.20,21.20,8.60,0.20,17.50
S114,1486930446,21.40,12.10,21.20,8.30,0.20,17.50
S114,1486930745,21.40,11.80,21.10,8.20,0.20,17.50
S114,1486931044,21.40,12.00,21.10,8.10,0.20,17.50
S114,1486931343,21.40,11.70,21.00,8.30,0.20,17.50
S114,1486931642,21.30,11.90,21.10,8.30,0.20,17.50
S114,1486931941,21.40,12.20,21.20,8.30,0.20,17.50
S114,1486932240,21.40,12.30,21.20,8.40,0.20,17.50
S114,1486932539,21.40,12.40,21.20,8.40,0.20,17.50
S114,1486932838,21.40,12.20,21.20,8.50,0.20,17.50
S114,1486933137,21.40,11.70,21.10,8.10,0.20,17.50
S114,1486933436,21.30,11.90,21.00,8.20,0.20,17.50
S114,1486933735,21.40,12.00,21.00,8.30,0.20,17.50
S114,1486934034,21.30,12.20,21.00,8.30,0.20,17.50
S114,1486934333,21.30,12.10,21.00,8.40,0.20,17.50
S114,1486934632,21.30,11.90,20.90,8.40,0.20,17.50
S114,1486934931,21.30,11.60,20.70,8.20,0.20,17.50
S114,1486935230,21.20,11.30,20.40,8.20,0.20,17.50
S114,1486935529,21.20,11.80,20.30,8.20,0.20,17.50
S114,1486935828,21.10,11.70,20.20,8.30,0.20,17.50
S114,1486936127,21.10,11.50,20.10,8.40,0.20,17.50
S114,1486936426,21.00,11.60,20.00,8.40,0.20,17.50
S114,1486936725,21.00,11.40,19.90,8.50,0.20,17.50
S114,1486937024,20.90,11.70,19.90,8.70,0.20,17.50
S114,1486937323,20.90,11.50,19.90,8.90,0.20,17.50
S114,1486937622,20.80,12.10,19.80,8.90,0.20,17.50
S114,1486937921,20.80,12.10,19.80,9.00,0.20,17.50
S114,1486938220,20.70,11.80,19.80,9.30,0.20,17.50
S114,1486938519,20.70,12.20,19.80,9.40,0.20,17.50
S114,1486938818,20.70,12.40,19.80,9.50,0.20,17.50
S114,1486939117,20.60,12.20,19.80,9.60,0.20,17.50
S114,1486939416,20.60,12.40,19.80,9.60,0.20,17.50
S114,1486939715,20.60,12.30,19.70,9.70,0.20,17.50
S114,1486940014,20.60,12.70,19.70,9.80,0.20,17.50
S114,1486940313,20.50,12.60,19.70,9.80,0.20,17.50
S114,1486940612,20.50,12.60,19.70,9.80,0.20,17.50
S114,1486940911,20.50,12.60,19.60,9.80,0.20,17.50
S114,1486941210,20.50,12.60,19.60,9.80,0.20,17.50
S114,1486941509,20.50,12.60,19.60,9.80,0.20,17.50
S114,1486941808,20.40,12.80,19.50,9.90,0.20,17.50
S114,1486942107,20.40,12.80,19.60,10.10,0.20,17.50
S114,1486942406,20.40,12.90,19.50,10.20,0.20,17.50
S114,1486942705,20.40,13.00,19.50,10.20,0.20,17.50
S114,1486943004,20.30,12.80,19.50,10.20,0.20,17.50
S114,1486943303,20.30,12.80,19.40,10.20,0.20,17.50
S114,1486943602,20.30,13.00,19.40,10.30,0.20,17.50
S114,1486943901,20.20,13.00,19.40,10.30,0.20,17.50
S114,1486944200,20.30,13.10,19.30,10.30,0.20,17.50
S114,1486944499,20.20,13.10,19.30,10.40,0.20,17.50
S114,1486944798,20.20,12.90,19.20,10.40,0.20,17.50
S114,1486945097,20.10,12.80,19.10,10.50,0.20,17.50
S114,1486945396,20.10,12.90,19.10,10.50,0.20,17.50
S114,1486945695,20.10,12.80,19.00,10.60,0.20,17.50
S114,1486945994,20.00,12.90,19.00,10.70,0.20,17.50
S114,1486946293,20.00,13.00,18.90,10.80,0.20,17.50
S114,1486946592,19.90,13.20,18.90,10.90,0.20,17.50
S114,1486946891,19.90,12.90,18.90,10.90,0.20,17.50
S114,1486947190,19.90,12.90,18.90,11.00,0.20,17.50
S114,1486947489,19.80,13.00,18.80,11.00,0.20,17.50
S114,1486947788,19.80,12.90,18.80,11.10,0.20,17.50
S114,1486948087,19.70,13.00,18.70,10.90,0.20,17.50
S114,1486948386,19.70,13.10,18.70,10.90,0.20,17.50
S114,1486948685,19.70,12.90,18.70,10.90,0.20,17.50
S114,1486948984,19.60,12.90,18.70,11.00,0.20,17.50
S114,1486949283,19.60,13.00,18.60,10.90,0.20,17.50
S114,1486949582,19.60,13.10,18.60,10.90,0.20,17.50
S114,1486949881,19.50,13.10,18.60,10.90,0.20,17.50
S114,1486950181,19.50,13.10,18.60,11.00,0.20,17.50
S114,1486950480,19.40,12.90,18.60,11.00,0.20,17.50
S114,1486950779,19.50,13.10,18.60,11.00,0.20,17.50
S114,1486951078,19.40,13.40,18.50,11.10,0.20,17.50
S114,1486951377,19.40,13.20,18.50,11.20,0.20,17.50
S114,1486951676,19.40,13.40,18.50,11.30,0.20,17.50
S114,1486951975,19.30,13.30,18.50,11.40,0.20,17.50
S114,1486952274,19.30,13.30,18.50,11.40,0.20,17.50
S114,1486952573,19.30,13.30,18.40,11.40,0.20,17.50
S114,1486952872,19.30,13.50,18.40,11.50,0.20,17.50
S114,1486953171,19.20,13.40,18.40,11.40,0.20,17.50
S114,1486953470,19.20,13.20,18.40,11.40,0.20,17.50
S114,1486953769,19.20,13.30,18.30,11.40,0.20,17.50
S114,1486954068,19.20,13.30,18.30,11.40,0.20,17.50
S114,1486954367,19.10,13.30,18.30,11.50,0.20,17.50
S114,1486954666,19.10,13.30,18.30,11.40,0.20,17.50
S114,1486954965,19.10,13.10,18.30,11.30,0.20,17.50
S114,1486955264,19.10,13.20,18.20,11.20,0.20,17.50
S114,1486955563,19.00,13.10,18.20,11.20,0.20,17.50
S114,1486955862,19.00,13.30,18.20,11.40,0.20,17.50
S114,1486956161,19.00,13.30,18.20,11.50,0.20,17.50
S114,1486956460,19.00,13.40,18.20,11.50,0.20,17.50
S114,1486956759,19.00,13.50,18.10,11.30,0.20,17.50
S114,1486957058,18.90,13.40,18.10,11.40,0.20,17.50
S114,1486957357,18.90,13.20,18.10,11.20,0.20,17.50
S114,1486957656,18.90,13.30,18.10,11.20,0.20,17.50
S114,1486957955,18.90,13.20,18.10,11.20,0.20,17.50
S114,1486958254,18.80,13.10,18.10,11.20,0.20,17.50
S114,1486958553,18.80,13.20,18.10,11.20,0.20,17.50
S114,1486958852,18.80,13.30,18.10,11.40,0.20,17.50
S114,1486959151,18.80,13.50,18.10,11.40,0.20,17.50
S114,1486959450,18.80,13.70,18.10,11.40,0.20,17.50
S114,1486959749,18.80,13.70,18.20,11.40,0.20,17.50
S114,1486960048,18.80,13.80,18.20,11.20,0.20,17.50
S114,1486960347,18.80,13.90,18.20,11.10,0.20,17.50
S114,1486960646,18.80,13.80,18.20,11.00,0.20,17.50
S114,1486960945,18.80,13.60,18.20,10.90,0.20,17.50
S114,1486961244,18.80,13.70,18.30,10.90,0.20,17.50
S114,1486961543,18.80,13.50,18.20,10.80,0.20,17.50
S114,1486961842,18.80,13.30,18.10,10.80,0.20,17.50
S114,1486962141,18.80,13.20,18.10,10.80,0.20,17.50
S114,1486962440,18.70,13.10,18.00,10.70,0.20,17.50
S114,1486962739,18.70,13.00,18.00,10.70,0.20,17.50
S114,1486963038,18.70,13.10,18.00,10.70,0.20,17.50
S114,1486963337,18.70,13.30,18.00,10.70,0.20,17.50
S114,1486963636,18.70,13.60,18.10,10.90,0.20,17.50
S114,1486963935,18.70,13.80,18.30,10.90,0.20,17.50
S114,1486964234,18.70,13.90,18.40,10.90,0.20,17.50
S114,1486964533,18.70,14.00,18.50,10.90,0.20,17.50
S114,1486964832,18.70,14.00,18.60,11.00,0.20,17.50
S114,1486965131,18.70,14.10,18.70,11.00,0.20,17.50
S114,1486965430,18.80,14.10,18.70,10.90,0.20,17.50
S114,1486965729,18.80,14.20,18.80,11.00,0.20,17.50
S114,1486966028,18.80,14.20,18.90,11.00,0.20,17.50
S114,1486966327,18.90,14.20,18.90,10.90,0.20,17.50
S114,1486966626,18.90,14.20,19.00,11.00,0.20,17.50
S114,1486966925,18.90,14.20,19.00,10.90,0.20,17.50
S114,1486967224,19.00,14.20,19.00,10.90,0.20,17.50
S114,1486967523,19.00,14.20,19.10,10.90,0.20,17.50
S114,1486967822,19.00,14.20,19.10,10.80,0.20,17.50
S114,1486968121,19.10,14.30,19.20,10.80,0.20,17.50
S114,1486968420,19.10,14.20,19.20,10.80,0.20,17.50
S114,1486968719,19.10,14.20,19.20,10.80,0.20,17.50
S114,1486969018,19.20,14.30,19.30,10.80,0.20,17.50
S114,1486969317,19.20,14.20,19.40,10.70,0.20,17.50
S114,1486969616,19.20,14.20,19.40,10.70,0.20,17.50
S114,1486969915,19.20,14.20,19.40,10.70,0.20,17.50
S114,1486970214,19.30,14.20,19.40,10.70,0.20,17.50
S114,1486970513,19.30,14.10,19.50,10.70,0.20,17.50
S114,1486970812,19.30,14.10,19.50,10.70,0.20,17.50
S114,1486971111,19.30,14.10,19.50,10.80,0.20,17.50
S114,1486971410,19.40,14.10,19.50,10.70,0.20,17.50
S114,1486971709,19.40,14.00,19.50,10.70,0.20,17.50
S114,1486972008,19.40,14.00,19.60,10.70,0.20,17.50
S114,1486972307,19.40,13.90,19.60,10.70,0.20,17.50
S114,1486972606,19.50,14.00,19.60,10.60,0.20,17.50
S114,1486972905,19.50,14.00,19.60,10.60,0.20,17.50
S114,1486973204,19.50,13.90,19.60,10.60,0.20,17.50
S114,1486973503,19.60,13.90,19.70,10.70,0.20,17.50
S114,1486973802,19.60,13.80,19.70,10.60,0.20,17.50
S114,1486974101,19.60,13.80,19.70,10.60,0.20,17.50
S114,1486974400,19.60,13.80,19.80,10.60,0.20,17.50
S114,1486974699,19.60,13.80,19.80,10.50,0.20,17.50
S114,1486974998,19.70,13.90,19.80,10.40,0.20,17.50
S114,1486975297,19.70,13.80,19.80,10.50,0.20,17.50
S114,1486975596,19.70,13.80,19.80,10.50,0.20,17.50
S114,1486975895,19.70,13.80,19.80,10.50,0.20,17.50
S114,1486976194,19.80,13.90,19.90,10.50,0.20,17.50
S114,1486976493,19.80,13.80,20.00,10.30,0.20,17.50
S114,1486976792,19.80,13.80,20.10,10.50,0.20,17.50
S114,1486977091,19.90,17.10,20.30,13.10,0.20,17.50
S114,1486977390,19.90,14.50,20.30,10.60,0.20,17.50
S114,1486977689,20.00,14.30,20.30,10.30,0.20,17.50
S114,1486977988,20.00,13.90,20.40,10.30,0.20,17.50
S114,1486978287,20.10,13.80,20.40,10.30,0.20,17.50
S114,1486978586,20.10,13.80,20.40,10.30,0.20,17.50
S114,1486978885,20.10,13.70,20.40,10.30,0.20,17.50
S114,1486979184,20.20,13.60,20.40,10.30,0.20,17.50
S114,1486979483,20.20,13.60,20.50,10.40,0.20,17.50
S114,1486979782,20.20,13.80,20.50,10.40,0.20,17.50
S114,1486980081,20.30,13.80,20.50,10.40,0.20,17.50
S114,1486980380,20.30,13.70,20.60,10.30,0.20,17.50
S114,1486980679,20.30,13.60,20.60,10.20,0.20,17.50
S114,1486980978,20.40,13.70,20.60,10.20,0.20,17.50
S114,1486981277,20.40,13.60,20.60,10.20,0.20,17.50
S114,1486981576,20.40,13.60,20.60,10.30,0.20,17.50
S114,1486981875,20.40,13.80,20.70,10.20,0.20,17.50
S114,1486982174,20.50,13.80,20.70,10.10,0.20,17.50
S114,1486982473,20.50,13.60,20.70,10.10,0.20,17.50
S114,1486982772,20.50,14.00,20.90,10.00,0.20,17.50
S114,1486983071,20.60,14.00,21.00,10.60,0.20,17.50
S114,1486983370,20.60,13.50,21.00,10.10,0.20,17.50
S114,1486983669,20.60,13.60,21.00,10.10,0.20,17.50
S114,1486983968,20.70,13.30,21.00,10.00,0.20,17.50
S114,1486984267,20.70,15.00,21.00,11.20,0.20,17.50
S114,1486984566,20.80,13.40,21.00,10.00,0.20,17.50
S114,1486984865,20.80,13.50,21.00,10.10,0.20,17.50
S114,1486985164,20.80,13.40,21.00,10.00,0.20,17.50
S114,1486985463,20.80,12.90,21.00,9.60,0.20,17.50
S114,1486985762,20.90,13.20,21.00,9.60,0.20,17.50
S114,1486986061,20.90,13.30,21.00,9.70,0.20,17.50
S114,1486986360,20.90,13.40,21.00,9.80,0.20,17.50
S114,1486986659,20.90,13.50,21.00,9.90,0.20,17.50
S114,1486986958,20.90,13.40,21.00,9.70,0.20,17.50
S114,1486987257,20.90,13.20,21.00,9.70,0.20,17.50
S114,1486987556,20.90,13.30,21.00,9.70,0.20,17.50
S114,1486987855,20.90,12.90,21.00,9.40,0.20,17.50
S114,1486988154,20.90,13.30,21.00,9.70,0.20,17.50
S114,1486988454,21.00,13.30,21.00,9.70,0.20,17.50
S114,1486988753,21.00,13.30,21.00,9.60,0.20,17.50
S114,1486989052,21.00,13.30,21.00,9.30,0.20,17.50
S114,1486989351,21.00,13.40,21.00,9.60,0.20,17.50
S114,1486989650,21.00,13.20,21.00,9.90,0.20,17.50
S114,1486989949,21.00,13.50,21.10,9.40,0.20,17.50
S114,1486990248,21.00,13.20,21.10,9.80,0.20,17.50
S114,1486990547,21.00,13.40,21.10,9.70,0.20,17.50
S114,1486990846,21.10,13.40,21.10,9.80,0.20,17.50
S114,1486991145,21.10,13.10,21.10,9.60,0.20,17.50
S114,1486991444,21.10,13.00,21.00,9.00,0.20,17.50
S114,1486991743,21.10,13.00,21.00,9.00,0.20,17.50
S114,1486992042,21.10,12.90,21.00,9.00,0.20,17.50
S114,1486992341,21.10,12.60,21.00,9.00,0.20,17.50
S114,1486992640,21.10,12.60,21.00,9.00,0.20,17.50
S114,1486992939,21.10,12.50,21.00,9.20,0.20,17.50
S114,1486993238,21.10,12.70,21.10,9.10,0.20,17.50
S114,1486993537,21.10,13.00,21.10,8.90,0.20,17.50
S114,1486993836,21.10,12.80,21.10,8.60,0.20,17.50
S114,1486994135,21.10,12.40,21.10,8.70,0.20,17.50
S114,1486994434,21.10,12.60,21.10,8.90,0.20,17.50
S114,1486994733,21.10,12.30,21.00,8.60,0.20,17.50
S114,1486995032,21.10,12.40,21.00,8.90,0.20,17.50
S114,1486995331,21.10,12.60,21.00,8.90,0.20,17.50
S114,1486995630,21.10,12.50,21.00,9.00,0.20,17.50
S114,1486995929,21.10,12.60,21.00,8.90,0.20,17.50
S114,1486996228,21.10,12.70,21.00,8.90,0.20,17.50
S114,1486996527,21.10,12.50,21.00,8.90,0.20,17.50
S114,1486996826,21.10,12.70,21.00,8.80,0.20,17.50
S114,1486997125,21.10,12.30,21.00,8.80,0.20,17.50
S114,1486997424,21.20,12.50,21.10,8.90,0.20,17.50
S114,1486997723,21.20,12.00,21.10,8.40,0.20,17.50
S114,1486998022,21.10,12.20,21.10,8.50,0.20,17.50
S114,1486998321,21.20,12.30,21.10,8.60,0.20,17.50
S114,1486998620,21.20,12.40,21.10,8.20,0.20,17.50
S114,1486998919,21.20,12.20,21.10,8.50,0.20,17.50
S114,1486999218,21.20,12.20,21.10,8.40,0.20,17.50
S114,1486999517,21.20,12.30,21.10,8.40,0.20,17.50
S114,1486999816,21.20,12.40,21.10,8.30,0.20,17.50
S114,1487000115,21.20,12.30,21.10,8.40,0.20,17.50
S114,1487000414,21.20,11.70,21.10,8.10,0.20,17.50
S114,1487000713,21.20,11.40,21.10,8.10,0.20,17.50
S114,1487001012,21.20,11.60,21.00,8.10,0.20,17.50
S114,1487001311,21.20,11.90,21.00,8.10,0.20,17.50
S114,1487001610,21.20,12.00,21.10,8.00,0.20,17.50
S114,1487001909,21.20,11.80,21.10,8.20,0.20,17.50
S114,1487002208,21.20,12.20,21.10,8.10,0.20,17.50
S114,1487002507,21.20,11.80,21.10,8.00,0.20,17.50
S114,1487002806,21.20,11.60,21.10,8.20,0.20,17.50
S114,1487003105,21.20,11.60,21.00,8.00,0.20,17.50
S114,1487003404,21.20,11.00,21.00,7.90,0.20,17.50
S114,1487003703,21.20,11.10,20.90,8.20,0.20,17.50
S114,1487004002,21.20,11.50,21.00,8.00,0.20,17.50
S114,1487004301,21.20,11.70,21.00,8.30,0.20,17.50
S114,1487004600,21.20,11.90,21.10,8.20,0.20,17.50
S114,1487004899,21.20,12.20,21.10,8.40,0.20,17.50
S114,1487005198,21.20,11.70,21.20,8.50,0.20,17.50
S114,1487005497,21.20,11.80,21.20,8.20,0.20,17.50
S114,1487005796,21.20,11.20,21.10,8.20,0.20,17.50
S114,1487006095,21.20,11.70,21.10,8.10,0.20,17.50
S114,1487006394,21.20,11.90,21.10,8.20,0.20,17.50
S114,1487006693,21.20,11.90,21.10,8.40,0.20,17.50
S114,1487006992,21.20,12.10,21.10,8.50,0.20,17.50
S114,1487007291,21.20,11.70,21.20,8.40,0.20,17.50
S114,1487007590,21.20,12.00,21.10,8.10,0.20,17.50
S114,1487007889,21.20,11.60,21.10,8.10,0.20,17.50
S114,1487008188,21.20,11.20,21.10,8.40,0.20,17.50
S114,1487008487,21.20,11.50,21.00,8.30,0.20,17.50
S114,1487008786,21.20,11.70,21.10,8.50,0.20,17.50
S114,1487009085,21.20,12.00,21.10,8.50,0.20,17.50
S114,1487009384,21.20,11.90,21.10,8.40,0.20,17.50
S114,1487009683,21.20,12.00,21.00,8.30,0.20,17.50
S114,1487009982,21.20,11.40,21.00,8.40,0.20,17.50
S114,1487010281,21.20,11.80,21.00,8.50,0.20,17.50
S114,1487010580,21.20,11.90,21.10,8.50,0.20,17.50
S114,1487010879,21.20,11.60,21.00,8.40,0.20,17.50
S114,1487011178,21.20,12.00,21.00,8.30,0.20,17.50
S114,1487011477,21.20,11.80,21.00,8.50,0.20,17.50
S114,1487011776,21.20,11.50,20.90,8.20,0.20,17.50
S114,1487012075,21.20,11.60,21.00,8.40,0.20,17.50
S114,1487012374,21.20,11.80,21.00,8.40,0.20,17.50
S114,1487012673,21.20,11.80,21.00,8.30,0.20,17.50
S114,1487012972,21.20,11.80,21.00,8.30,0.20,17.50
S114,1487013271,21.20,11.80,20.90,8.20,0.20,17.50
S114,1487013570,21.20,11.80,20.90,8.20,0.20,17.50
S114,1487013869,21.20,11.60,21.00,8.20,0.20,17.50
S114,1487014168,21.20,11.90,21.10,8.40,0.20,17.50
S114,1487014467,21.20,11.70,21.20,8.40,0.20,17.50
S114,1487014766,21.20,11.70,21.20,8.20,0.20,17.50
S114,1487015065,21.20,11.20,21.20,8.20,0.20,17.50
S114,1487015364,21.20,11.40,21.20,7.90,0.20,17.50
S114,1487015663,21.20,11.60,21.20,8.30,0.20,17.50
S114,1487015962,21.20,11.60,21.20,8.10,0.20,17.50
S114,1487016261,21.20,11.50,21.20,8.10,0.20,17.50
S114,1487016560,21.20,11.70,21.20,8.20,0.20,17.50
S114,1487016859,21.20,11.80,21.30,8.00,0.20,17.50
S114,1487017158,21.20,11.60,21.30,8.20,0.20,17.50
S114,1487017457,21.20,10.90,21.30,8.00,0.20,17.50
S114,1487017756,21.30,11.30,21.30,8.10,0.20,17.50
S114,1487018055,21.20,11.40,21.30,8.10,0.20,17.50
S114,1487018354,21.30,11.70,21.30,8.20,0.20,17.50
S114,1487018653,21.30,11.70,21.20,8.20,0.20,17.50
S114,1487018952,21.30,11.60,21.20,7.90,0.20,17.50
S114,1487019251,21.30,11.50,21.10,7.90,0.20,17.50
S114,1487019550,21.30,11.10,21.00,7.80,0.20,17.50
S114,1487019849,21.30,10.90,21.00,7.90,0.20,17.50
S114,1487020148,21.30,11.20,21.10,8.00,0.20,17.50
S114,1487020447,21.20,11.60,21.10,8.00,0.20,17.50
S114,1487020746,21.20,11.60,21.10,7.60,0.20,17.50
S114,1487021045,21.20,11.30,20.80,7.40,0.20,17.50
S114,1487021344,21.20,11.30,20.60,7.40,0.20,17.50
S114,1487021643,21.20,11.00,20.40,7.50,0.20,17.50
S114,1487021942,21.20,11.10,20.30,7.50,0.20,17.50
S114,1487022241,21.10,10.40,20.20,7.60,0.20,17.50
S114,1487022540,21.10,10.80,20.10,7.60,0.20,17.50
S114,1487022839,21.00,10.60,19.90,7.60,0.20,17.50
S114,1487023138,21.00,10.30,19.80,7.60,0.20,17.50
S114,1487023437,20.90,10.40,19.60,7.70,0.20,17.50
S114,1487023736,20.80,10.60,19.50,7.70,0.20,17.50
S114,1487024035,20.80,10.60,19.50,7.80,0.20,17.50
S114,1487024334,20.70,10.80,19.40,7.80,0.20,17.50
S114,1487024633,20.60,10.80,19.30,7.90,0.20,17.50
S114,1487024932,20.60,10.80,19.20,7.90,0.20,17.50
S114,1487025231,20.50,11.50,19.20,8.10,0.20,17.50
S114,1487025530,20.40,10.80,19.10,8.20,0.20,17.50
S114,1487025829,20.40,10.90,19.10,8.30,0.20,17.50
S114,1487026128,20.30,11.00,19.10,8.50,0.20,17.50
S114,1487026427,20.30,11.00,19.00,8.60,0.20,17.50
S114,1487026727,20.20,11.20,19.00,8.70,0.20,17.50
S114,1487027026,20.20,11.30,19.00,8.70,0.20,17.50
S114,1487027325,20.10,11.40,18.90,8.80,0.20,17.50
S114,1487027624,20.10,11.40,18.90,8.90,0.20,17.50
S114,1487027923,20.00,11.40,18.90,9.00,0.20,17.50
S114,1487028222,20.00,11.60,18.80,9.10,0.20,17.50
S114,1487028521,20.00,11.70,18.80,9.20,0.20,17.50
S114,1487028820,19.90,11.70,18.80,9.20,0.20,17.50
S114,1487029119,19.90,11.90,18.70,9.10,0.20,17.50
S114,1487029418,19.80,11.90,18.70,9.10,0.20,17.50
S114,1487029717,19.80,11.80,18.60,9.10,0.20,17.50
S114,1487030016,19.80,11.90,18.60,9.10,0.20,17.50
S114,1487030315,19.70,11.50,18.60,9.20,0.20,17.50
S114,1487030614,19.70,11.70,18.60,9.30,0.20,17.50
S114,1487030913,19.60,11.80,18.60,9.30,0.20,17.50
S114,1487031212,19.60,11.80,18.70,9.40,0.20,17.50
S114,1487031511,19.60,12.00,18.70,9.30,0.20,17.50
S114,1487031810,19.60,12.00,18.60,9.30,0.20,17.50
S114,1487032109,19.60,11.90,18.60,9.30,0.20,17.50
S114,1487032408,19.50,11.90,18.50,9.30,0.20,17.50
S114,1487032707,19.50,12.10,18.50,9.30,0.20,17.50
S114,1487033006,19.50,11.90,18.50,9.30,0.20,17.50
S114,1487033305,19.50,12.10,18.50,9.30,0.20,17.50
S114,1487033604,19.50,11.90,18.40,9.30,0.20,17.50
S114,1487033903,19.40,11.90,18.40,9.40,0.20,17.50
S114,1487034202,19.40,11.80,18.30,9.50,0.20,17.50
S114,1487034501,19.40,11.90,18.20,9.50,0.20,17.50
S114,1487034800,19.40,12.00,18.20,9.50,0.20,17.50
S114,1487035099,19.30,12.10,18.20,9.60,0.20,17.50
S114,1487035398,19.30,12.10,18.20,9.60,0.20,17.50
S114,1487035697,19.20,12.20,18.20,9.70,0.20,17.50
S114,1487035996,19.20,11.90,18.10,9.60,0.20,17.50
S114,1487036295,19.10,12.10,18.10,9.70,0.20,17.50
S114,1487036594,19.10,12.30,18.10,9.70,0.20,17.50
S114,1487036893,19.10,12.10,18.10,9.80,0.20,17.50
S114,1487037192,19.00,11.90,18.10,9.80,0.20,17.50
S114,1487037491,19.00,12.20,18.10,9.80,0.20,17.50
S114,1487037790,19.00,12.00,18.10,9.80,0.20,17.50
S114,1487038089,19.00,12.20,18.00,9.80,0.20,17.50
S114,1487038388,18.90,12.00,18.00,9.90,0.20,17.50
S114,1487038687,18.90,12.10,18.00,9.90,0.20,17.50
S114,1487038986,18.90,12.10,18.00,9.90,0.20,17.50
S114,1487039285,18.90,12.30,18.00,10.00,0.20,17.50
S114,1487039584,18.80,12.20,18.00,10.00,0.20,17.50
S114,1487039883,18.80,12.10,17.90,9.90,0.20,17.50
S114,1487040182,18.80,12.20,17.90,10.00,0.20,17.50
S114,1487040481,18.80,12.10,17.90,10.00,0.20,17.50
S114,1487040780,18.70,12.20,17.90,10.10,0.20,17.50
S114,1487041079,18.70,12.40,17.90,10.10,0.20,17.50
S114,1487041378,18.70,12.30,17.80,10.10,0.20,17.50
S114,1487041677,18.70,12.40,17.80,10.10,0.20,17.50
S114,1487041976,18.60,12.30,17.80,10.20,0.20,17.50
S114,1487042275,18.60,12.30,17.80,10.20,0.20,17.50
S114,1487042574,18.60,12.40,17.80,10.30,0.20,17.50
S114,1487042873,18.60,12.60,17.80,10.30,0.20,17.50
S114,1487043172,18.60,12.50,17.80,10.30,0.20,17.50
S114,1487043471,18.50,12.60,17.80,10.30,0.20,17.50
S114,1487043770,18.50,12.60,17.70,10.30,0.20,17.50
S114,1487044069,18.50,12.60,17.70,10.30,0.20,17.50
S114,1487044368,18.50,12.60,17.70,10.40,0.20,17.50
S114,1487044667,18.50,12.70,17.60,10.40,0.20,17.50
S114,1487044966,18.50,12.70,17.70,10.50,0.20,17.50
S114,1487045265,18.40,12.40,17.70,10.50,0.20,17.50
S114,1487045564,18.40,12.70,17.70,10.60,0.20,17.50
S114,1487045863,18.40,12.80,17.70,10.60,0.20,17.50
S114,1487046162,18.40,12.80,17.60,10.60,0.20,17.50
S114,1487046461,18.40,12.90,17.60,10.60,0.20,17.50
S114,1487046760,18.40,12.80,17.60,10.70,0.20,17.50
S114,1487047059,18.30,12.60,17.60,10.70,0.20,17.50
S114,1487047358,18.30,12.80,17.60,10.70,0.20,17.50
S114,1487047657,18.30,12.90,17.60,10.70,0.20,17.50
S114,1487047956,18.30,13.00,17.60,10.70,0.20,17.50
S114,1487048255,18.30,12.80,17.50,10.70,0.20,17.50
S114,1487048554,18.30,12.90,17.50,10.70,0.20,17.50
S114,1487048853,18.20,12.90,17.50,10.70,0.20,17.50
S114,1487049152,18.20,12.80,17.50,10.70,0.20,17.50
S114,1487049451,18.20,13.10,17.50,10.70,0.20,17.50
S114,1487049750,18.20,13.20,17.70,10.70,0.20,17.50
S114,1487050049,18.20,13.30,17.80,10.70,0.20,17.50
S114,1487050348,18.20,13.40,18.00,10.80,0.20,17.50
S114,1487050647,18.20,13.50,18.10,10.80,0.20,17.50
S114,1487050946,18.30,13.60,18.20,10.80,0.20,17.50
S114,1487051245,18.30,13.70,18.30,10.80,0.20,17.50
S114,1487051544,18.30,13.70,18.30,10.80,0.20,17.50
S114,1487051843,18.40,13.80,18.40,10.80,0.20,17.50
S114,1487052142,18.40,13.80,18.40,10.80,0.20,17.50
S114,1487052441,18.40,13.80,18.50,10.80,0.20,17.50
S114,1487052740,18.50,13.80,18.50,10.70,0.20,17.50
S114,1487053039,18.50,13.80,18.60,10.70,0.20,17.50
S114,1487053338,18.50,13.80,18.60,10.70,0.20,17.50
S114,1487053637,18.60,13.90,18.70,10.80,0.20,17.50
S114,1487053936,18.60,13.90,18.70,10.70,0.20,17.50
S114,1487054235,18.60,13.90,18.80,10.80,0.20,17.50
S114,1487054534,18.70,14.00,18.80,10.80,0.20,17.50
S114,1487054833,18.70,14.00,18.80,10.80,0.20,17.50
S114,1487055132,18.70,14.00,18.90,10.80,0.20,17.50
S114,1487055431,18.80,14.00,18.90,10.80,0.20,17.50
S114,1487055730,18.80,14.00,19.00,10.80,0.20,17.50
S114,1487056029,18.80,14.00,19.00,10.80,0.20,17.50
S114,1487056328,18.90,14.00,19.00,10.80,0.20,17.50
S114,1487056627,18.90,14.00,19.10,10.80,0.20,17.50
S114,1487056926,18.90,14.00,19.10,10.80,0.20,17.50
S114,1487057225,18.90,14.50,19.20,10.90,0.20,17.50
S114,1487057524,19.00,14.10,19.20,10.80,0.20,17.50
S114,1487057823,19.00,14.10,19.30,10.90,0.20,17.50
S114,1487058122,19.10,14.60,19.30,10.80,0.20,17.50
S114,1487058421,19.10,14.10,19.30,10.80,0.20,17.50
S114,1487058720,19.10,14.10,19.30,10.90,0.20,17.50
S114,1487059019,19.20,14.20,19.40,10.90,0.20,17.50
S114,1487059318,19.20,14.20,19.40,10.90,0.20,17.50
S114,1487059617,19.20,14.10,19.50,10.90,0.20,17.50
S114,1487059916,19.30,14.20,19.50,10.90,0.20,17.50
S114,1487060215,19.30,14.20,19.50,11.00,0.20,17.50
S114,1487060514,19.30,14.20,19.60,10.90,0.20,17.50
S114,1487060813,19.40,14.20,19.60,10.90,0.20,17.50
S114,1487061112,19.40,14.20,19.60,10.90,0.20,17.50
S114,1487061411,19.40,14.20,19.70,11.00,0.20,17.50
S114,1487061710,19.40,14.10,19.70,11.00,0.20,17.50
S114,1487062009,19.50,14.20,19.70,10.90,0.20,17.50
S114,1487062308,19.50,14.20,19.70,11.00,0.20,17.50
S114,1487062607,19.50,14.10,19.80,10.90,0.20,17.50
S114,1487062906,19.60,14.20,19.90,10.80,0.20,17.50
S114,1487063205,19.60,14.20,20.00,11.00,0.20,17.50
S114,1487063504,19.70,14.20,20.10,11.00,0.20,17.50
S114,1487063803,19.70,14.20,20.10,10.90,0.20,17.50
S114,1487064102,19.70,14.20,20.20,10.90,0.20,17.50
S114,1487064401,19.80,14.20,20.20,10.80,0.20,17.50
S114,1487064700,19.80,14.10,20.30,10.90,0.20,17.50
S114,1487065000,19.90,14.20,20.30,10.80,0.20,17.50
S114,1487065299,19.90,14.10,20.40,10.40,0.20,17.50
S114,1487065598,20.00,14.10,20.40,10.60,0.20,17.50
S114,1487065897,20.00,14.00,20.40,10.60,0.20,17.50
S114,1487066196,20.10,14.00,20.30,10.50,0.20,17.50
S114,1487066495,20.10,13.90,20.30,10.40,0.20,17.50
S114,1487066794,20.10,13.90,20.30,10.30,0.20,17.50
S114,1487067093,20.10,13.70,20.40,10.40,0.20,17.50
S114,1487067392,20.10,13.80,20.50,10.40,0.20,17.50
S114,1487067691,20.20,13.80,20.50,10.40,0.20,17.50
S114,1487067990,20.20,13.70,20.60,10.30,0.20,17.50
S114,1487068289,20.20,13.50,20.60,10.20,0.20,17.50
S114,1487068588,20.30,13.50,20.60,10.10,0.20,17.50
S114,1487068887,20.30,13.40,20.70,9.90,0.20,17.50
S114,1487069186,20.30,13.50,20.60,10.00,0.20,17.50
S114,1487069485,20.40,13.60,20.60,10.20,0.20,17.50
S114,1487069784,20.40,13.60,20.60,10.00,0.20,17.50
S114,1487070083,20.40,13.60,20.60,10.00,0.20,17.50
S114,1487070382,20.40,13.50,20.60,10.10,0.20,17.50
S114,1487070681,20.40,13.50,20.50,10.10,0.20,17.50
S114,1487070980,20.40,13.50,20.50,10.10,0.20,17.50
S114,1487071279,20.40,13.50,20.50,10.10,0.20,17.50
S114,1487071578,20.40,13.50,20.50,9.90,0.20,17.50
S114,1487071877,20.50,13.50,20.50,9.80,0.20,17.50
S114,1487072176,20.50,13.50,20.50,9.80,0.20,17.50
S114,1487072475,20.50,13.40,20.50,9.70,0.20,17.50
S114,1487072774,20.50,13.40,20.50,9.80,0.20,17.50
S114,1487073073,20.50,13.40,20.50,9.60,0.20,17.50
S114,1487073372,20.50,13.30,20.50,9.50,0.20,17.50
S114,1487073671,20.50,13.30,20.50,9.60,0.20,17.50
S114,1487073970,20.50,13.20,20.50,9.60,0.20,17.50
S114,1487074269,20.50,13.20,20.50,9.50,0.20,17.50
S114,1487074568,20.50,13.20,20.50,9.50,0.20,17.50
S114,1487074867,20.50,13.10,20.50,9.50,0.20,17.50
S114,1487075166,20.50,12.90,20.50,9.40,0.20,17.50
S114,1487075465,20.50,13.00,20.50,9.30,0.20,17.50
S114,1487075764,20.50,12.90,20.50,9.40,0.20,17.50
S114,1487076063,20.50,12.90,20.50,9.20,0.20,17.50
S114,1487076362,20.50,12.80,20.50,9.00,0.20,17.50
S114,1487076661,20.50,12.80,20.50,9.10,0.20,17.50
S114,1487076960,20.50,12.60,20.60,9.20,0.20,17.50
S114,1487077259,20.50,12.80,20.60,9.20,0.20,17.50
S114,1487077558,20.60,12.90,20.70,9.10,0.20,17.50
S114,1487077857,20.60,12.80,20.80,9.30,0.20,17.50
S114,1487078156,20.60,12.80,20.80,9.20,0.20,17.50
S114,1487078455,20.60,12.90,20.80,9.20,0.20,17.50
S114,1487078754,20.70,12.80,20.90,9.10,0.20,17.50
S114,1487079053,20.70,12.90,20.90,9.20,0.20,17.50
S114,1487079352,20.70,12.90,20.90,9.20,0.20,17.50
S114,1487079651,20.70,12.90,20.90,9.10,0.20,17.50
S114,1487079950,20.80,13.50,20.90,9.10,0.20,17.50
S114,1487080249,20.80,12.80,21.10,8.90,0.20,17.50
S114,1487080548,20.80,12.50,21.00,8.40,0.20,17.50
S114,1487080847,20.80,12.30,21.00,8.40,0.20,17.50
S114,1487081146,20.80,12.10,21.00,8.30,0.20,17.50
S114,1487081445,20.90,12.30,20.90,8.20,0.20,17.50
S114,1487081744,20.90,12.00,20.90,8.50,0.20,17.50
S114,1487082043,20.90,11.70,21.00,8.70,0.20,17.50
S114,1487082342,20.90,12.10,21.00,8.60,0.20,17.50
S114,1487082641,20.90,12.00,21.10,8.60,0.20,17.50
S114,1487082940,20.90,12.00,21.10,8.50,0.20,17.50
S114,1487083239,20.90,12.20,21.10,8.30,0.20,17.50
S114,1487083538,21.00,12.20,21.20,8.20,0.20,17.50
S114,1487083837,21.00,11.90,21.10,7.90,0.20,17.50
S114,1487084136,21.00,11.70,21.10,8.10,0.20,17.50
S114,1487084435,21.00,11.20,21.10,8.00,0.20,17.50
S114,1487084734,21.00,11.60,21.10,8.10,0.20,17.50
S114,1487085033,21.00,11.80,21.10,8.30,0.20,17.50
S114,1487085332,21.00,11.90,21.20,8.00,0.20,17.50
S114,1487085631,21.00,11.90,21.20,8.00,0.20,17.50
S114,1487085930,21.00,12.10,21.30,8.50,0.20,17.50
S114,1487086229,21.10,12.20,21.30,8.00,0.20,17.50
S114,1487086528,21.10,12.00,21.30,7.90,0.20,17.50
S114,1487086827,21.10,11.70,21.30,7.90,0.20,17.50
S114,1487087126,21.10,11.80,21.20,7.90,0.20,17.50
S114,1487087425,21.10,11.20,21.10,7.90,0.20,17.50
S114,1487087724,21.10,11.20,21.10,7.90,0.20,17.50
S114,1487088023,21.10,11.10,21.10,7.70,0.20,17.50
S114,1487088322,21.10,11.40,21.10,7.90,0.20,17.50
S114,1487088621,21.10,11.30,21.20,8.10,0.20,17.50
S114,1487088920,21.10,11.20,21.20,8.00,0.20,17.50
S114,1487089219,21.10,11.50,21.20,8.20,0.20,17.50
S114,1487089518,21.10,10.80,21.20,8.20,0.20,17.50
S114,1487089817,21.10,11.20,21.10,8.10,0.20,17.50
S114,1487090116,21.10,11.40,21.20,7.90,0.20,17.50
S114,1487090415,21.10,11.50,21.20,8.20,0.20,17.50
S114,1487090714,21.10,11.30,21.30,8.10,0.20,17.50
S114,1487091013,21.10,11.50,21.30,7.80,0.20,17.50
S114,1487091312,21.10,11.30,21.20,7.70,0.20,17.50
S114,1487091611,21.10,11.00,21.10,7.60,0.20,17.50
S114,1487091910,21.10,10.80,21.20,7.70,0.20,17.50
S114,1487092209,21.10,10.60,21.20,7.60,0.20,17.50
S114,1487092508,21.10,11.00,21.20,9.50,0.20,17.50
S114,1487092807,21.10,11.30,21.20,7.70,0.20,17.50
S114,1487093106,21.10,11.50,21.10,7.50,0.20,17.50
S114,1487093405,21.10,11.00,21.10,7.60,0.20,17.50
S114,1487093704,21.10,11.10,21.00,7.50,0.20,17.50
S114,1487094003,21.10,10.70,21.00,7.50,0.20,17.50
S114,1487094302,21.10,10.70,21.00,7.50,0.20,17.50
S114,1487094601,21.10,10.90,21.10,7.80,0.20,17.50
S114,1487094900,21.10,10.70,21.00,7.40,0.20,17.50
S114,1487095199,21.10,11.20,21.00,7.50,0.20,17.50
S114,1487095498,21.10,11.10,21.10,7.70,0.20,17.50
S114,1487095797,21.10,11.30,21.10,7.40,0.20,17.50
S114,1487096096,21.10,11.50,21.10,7.70,0.20,17.50
S114,1487096395,21.10,11.50,21.10,7.60,0.20,17.50
S114,1487096694,21.10,11.20,21.10,7.50,0.20,17.50
S114,1487096993,21.10,11.40,21.10,7.40,0.20,17.50
S114,1487097292,21.10,11.20,21.10,7.60,0.20,17.50
S114,1487097591,21.10,10.80,21.10,7.10,0.20,17.50
S114,1487097890,21.10,10.70,21.10,7.00,0.20,17.50
S114,1487098189,21.10,10.50,21.00,6.70,0.20,17.50
S114,1487098488,21.10,10.80,21.10,7.20,0.20,17.50
S114,1487098787,21.10,11.10,21.10,7.20,0.20,17.50
S114,1487099086,21.10,10.60,21.10,7.10,0.20,17.50
S114,1487099385,21.10,10.50,21.10,7.30,0.20,17.50
S114,1487099684,21.10,10.80,21.10,7.30,0.20,17.50
S114,1487099983,21.10,11.00,21.10,6.60,0.20,17.50
S114,1487100282,21.10,10.50,21.00,6.50,0.20,17.50
S114,1487100581,21.10,10.80,21.00,6.50,0.20,17.50
S114,1487100880,21.10,10.70,20.90,6.90,0.20,17.50
S114,1487101179,21.10,10.90,21.00,7.00,0.20,17.50
S114,1487101478,21.10,11.00,21.00,7.00,0.20,17.50
S114,1487101777,21.10,10.80,20.90,7.00,0.20,17.50
S114,1487102076,21.10,11.00,20.90,6.90,0.20,17.50
S114,1487102375,21.00,11.00,20.90,7.00,0.20,17.50
S114,1487102674,21.00,10.70,20.80,7.00,0.20,17.50
S114,1487102973,21.00,10.90,20.80,7.00,0.20,17.50
S114,1487103273,21.00,10.80,20.70,7.00,0.20,17.50
S114,1487103572,21.00,10.90,20.60,7.00,0.20,17.50
S114,1487103871,20.90,10.80,20.60,7.00,0.20,17.50
S114,1487104170,20.90,10.80,20.60,7.10,0.20,17.50
S114,1487104469,20.90,10.80,20.50,7.10,0.20,17.50
S114,1487104768,20.90,10.60,20.50,7.00,0.20,17.50
S114,1487105067,20.80,10.70,20.50,7.10,0.20,17.50
S114,1487105366,20.80,10.80,20.50,7.10,0.20,17.50
S114,1487105665,20.80,10.80,20.40,7.00,0.20,17.50
S114,1487105964,20.80,10.80,20.40,7.00,0.20,17.50
S114,1487106263,20.70,10.80,20.40,7.00,0.20,17.50
S114,1487106562,20.70,10.80,20.40,7.00,0.20,17.50
S114,1487106861,20.70,10.60,20.30,6.90,0.20,17.50
S114,1487107160,20.70,10.60,20.20,6.80,0.20,17.50
S114,1487107459,20.70,10.50,20.00,6.70,0.20,17.50
S114,1487107758,20.60,10.30,19.80,6.70,0.20,17.50
S114,1487108057,20.60,10.10,19.60,6.70,0.20,17.50
S114,1487108356,20.50,10.00,19.50,6.70,0.20,17.50
S114,1487108655,20.50,10.10,19.40,6.80,0.20,17.50
S114,1487108954,20.40,10.00,19.30,6.80,0.20,17.50
S114,1487109253,20.30,9.90,19.20,6.70,0.20,17.50
S114,1487109552,20.30,10.00,19.20,6.70,0.20,17.50
S114,1487109851,20.20,10.10,19.10,6.80,0.20,17.50
S114,1487110150,20.20,9.90,19.10,6.80,0.20,17.50
S114,1487110449,20.10,10.20,19.10,6.90,0.20,17.50
S114,1487110748,20.10,9.80,19.00,6.90,0.20,17.50
S114,1487111047,20.10,10.00,18.90,6.90,0.20,17.50
S114,1487111346,20.00,10.10,18.90,7.00,0.20,17.50
S114,1487111645,19.90,10.10,18.80,7.00,0.20,17.50
S114,1487111944,19.90,10.00,18.80,7.10,0.20,17.50
S114,1487112243,19.80,10.20,18.70,7.10,0.20,17.50
S114,1487112542,19.80,9.80,18.70,7.20,0.20,17.50
S114,1487112841,19.80,10.20,18.80,7.40,0.20,17.50
S114,1487113140,19.80,10.00,18.80,7.40,0.20,17.50
S114,1487113439,19.70,9.90,18.80,7.40,0.20,17.50
S114,1487113738,19.70,10.10,18.80,7.30,0.20,17.50
S114,1487114037,19.70,9.90,18.80,7.40,0.20,17.50
S114,1487114336,19.60,10.30,18.80,7.30,0.20,17.50
S114,1487114635,19.60,10.30,18.80,7.20,0.20,17.50
S114,1487114934,19.60,10.20,18.80,7.10,0.20,17.50
S114,1487115233,19.60,10.10,18.80,7.60,0.20,17.50
S114,1487115532,19.60,10.90,18.90,8.50,0.20,17.50
S114,1487115831,19.60,10.60,18.80,8.10,0.20,17.50
S114,1487116130,19.50,10.90,18.80,7.80,0.20,17.50
S114,1487116429,19.50,10.60,18.70,7.50,0.20,17.50
S114,1487116728,19.50,10.60,18.70,7.30,0.20,17.50
S114,1487117027,19.50,10.60,18.70,7.00,0.20,17.50
S114,1487117326,19.50,10.10,18.70,7.00,0.20,17.50
S114,1487117625,19.40,10.10,18.60,6.80,0.20,17.50
S114,1487117924,19.40,10.10,18.60,6.80,0.20,17.50
S114,1487118223,19.40,9.70,18.50,6.60,0.20,17.50
S114,1487118522,19.40,9.70,18.40,6.60,0.20,17.50
S114,1487118821,19.30,9.20,18.40,6.50,0.20,17.50
S114,1487119120,19.30,9.40,18.30,6.50,0.20,17.50
S114,1487119419,19.20,9.50,18.30,6.50,0.20,17.50
S114,1487119718,19.20,9.30,18.20,6.40,0.20,17.50
S114,1487120017,19.20,8.90,18.20,6.50,0.20,17.50
S114,1487120316,19.10,8.90,18.20,6.40,0.20,17.50
S114,1487120615,19.10,9.10,18.10,6.40,0.20,17.50
S114,1487120914,19.00,9.00,18.10,6.40,0.20,17.50
S114,1487121213,19.00,8.80,18.10,6.50,0.20,17.50
S114,1487121512,19.00,9.10,18.00,6.50,0.20,17.50
S114,1487121811,19.00,9.20,18.00,6.40,0.20,17.50
S114,1487122110,18.90,9.10,18.00,6.50,0.20,17.50
S114,1487122409,18.90,9.20,17.90,6.40,0.20,17.50
S114,1487122708,18.80,9.10,17.90,6.50,0.20,17.50
S114,1487123007,18.80,9.10,17.90,6.50,0.20,17.50
S114,1487123306,18.70,9.10,17.80,6.50,0.20,17.50
S114,1487123605,18.70,9.10,17.80,6.60,0.20,17.50
S114,1487123904,18.70,9.10,17.80,6.70,0.20,17.50
S114,1487124203,18.70,9.30,17.80,6.70,0.20,17.50
S114,1487124502,18.60,9.40,17.70,6.70,0.20,17.50
S114,1487124801,18.60,9.20,17.70,6.80,0.20,17.50
S114,1487125100,18.60,9.50,17.70,6.70,0.20,17.50
S114,1487125399,18.60,9.60,17.70,6.80,0.20,17.50
S114,1487125698,18.50,9.60,17.70,6.80,0.20,17.50
S114,1487125997,18.50,9.60,17.70,6.80,0.20,17.50
S114,1487126296,18.50,9.60,17.60,6.80,0.20,17.50
S114,1487126595,18.50,9.50,17.60,6.70,0.20,17.50
S114,1487126894,18.40,9.60,17.60,6.70,0.20,17.50
S114,1487127193,18.40,9.90,17.60,6.70,0.20,17.50
S114,1487127492,18.40,9.30,17.60,6.70,0.20,17.50
S114,1487127791,18.40,9.20,17.50,6.60,0.20,17.50
S114,1487128090,18.30,9.00,17.50,6.60,0.20,17.50
S114,1487128389,18.30,9.00,17.50,6.60,0.20,17.50
S114,1487128688,18.30,9.10,17.50,6.60,0.20,17.50
S114,1487128987,18.30,9.10,17.50,6.60,0.20,17.50
S114,1487129286,18.30,9.20,17.40,6.60,0.20,17.50
S114,1487129585,18.20,9.80,17.40,6.60,0.20,17.50
S114,1487129884,18.20,9.20,17.40,6.60,0.20,17.50
S114,1487130183,18.20,9.20,17.40,6.60,0.20,17.50
S114,1487130482,18.20,9.40,17.40,6.70,0.20,17.50
S114,1487130781,18.10,9.10,17.30,6.70,0.20,17.50
S114,1487131080,18.10,9.50,17.40,6.80,0.20,17.50
S114,1487131379,18.10,9.60,17.30,6.80,0.20,17.50
S114,1487131678,18.10,9.60,17.30,6.90,0.20,17.50
S114,1487131977,18.10,9.70,17.30,7.00,0.20,17.50
S114,1487132276,18.10,9.70,17.30,7.00,0.20,17.50
S114,1487132575,18.00,9.90,17.30,7.20,0.20,17.50
S114,1487132874,18.10,9.80,17.30,7.20,0.20,17.50
S114,1487133173,18.00,9.70,17.20,7.20,0.20,17.50
S114,1487133472,18.00,10.10,17.30,7.30,0.20,17.50
S114,1487133771,18.00,10.30,17.30,7.20,0.20,17.50
S114,1487134070,18.00,10.10,17.40,7.30,0.20,17.50
S114,1487134369,18.00,10.40,17.40,7.20,0.20,17.50
S114,1487134668,18.00,10.30,17.40,7.20,0.20,17.50
S114,1487134967,18.00,10.40,17.50,7.20,0.20,17.50
S114,1487135266,18.00,10.40,17.50,7.30,0.20,17.50
S114,1487135565,18.00,10.60,17.50,7.20,0.20,17.50
S114,1487135864,18.00,10.70,17.60,7.30,0.20,17.50
S114,1487136163,18.00,10.80,17.80,7.40,0.20,17.50
S114,1487136462,18.10,10.90,17.90,7.40,0.20,17.50
S114,1487136761,18.00,10.90,17.90,7.40,0.20,17.50
S114,1487137060,18.10,10.90,18.00,7.40,0.20,17.50
S114,1487137359,18.10,11.00,18.10,7.50,0.20,17.50
S114,1487137658,18.10,10.90,18.10,7.50,0.20,17.50
S114,1487137957,18.20,11.00,18.20,7.50,0.20,17.50
S114,1487138256,18.20,11.10,18.20,7.50,0.20,17.50
S114,1487138555,18.20,11.00,18.30,7.50,0.20,17.50
S114,1487138854,18.30,11.20,18.30,7.50,0.20,17.50
S114,1487139153,18.30,11.20,18.40,7.60,0.20,17.50
S114,1487139452,18.30,11.10,18.40,7.50,0.20,17.50
S114,1487139751,18.30,11.10,18.40,7.50,0.20,17.50
S114,1487140050,18.40,11.10,18.40,7.40,0.20,17.50
S114,1487140349,18.40,11.10,18.50,7.40,0.20,17.50
S114,1487140648,18.40,11.10,18.50,7.30,0.20,17.50
S114,1487140947,18.50,11.10,18.50,7.20,0.20,17.50
S114,1487141246,18.50,11.10,18.60,7.20,0.20,17.50
S114,1487141546,18.50,11.10,18.60,7.20,0.20,17.50
S114,1487141845,18.50,11.10,18.70,7.20,0.20,17.50
S114,1487142144,18.60,11.10,18.70,7.20,0.20,17.50
S114,1487142443,18.60,11.10,18.70,7.20,0.20,17.50
S114,1487142742,18.60,11.10,18.70,7.10,0.20,17.50
S114,1487143041,18.70,11.10,18.80,7.20,0.20,17.50
S114,1487143340,18.70,11.00,18.80,7.20,0.20,17.50
S114,1487143639,18.70,11.00,18.80,7.10,0.20,17.50
S114,1487143938,18.70,10.90,18.90,7.20,0.20,17.50
S114,1487144237,18.80,10.90,18.90,7.20,0.20,17.50
S114,1487144536,18.80,10.90,18.90,7.10,0.20,17.50
S114,1487144835,18.80,10.80,19.00,7.10,0.20,17.50
S114,1487145134,18.80,11.30,19.00,7.10,0.20,17.50
S114,1487145433,18.90,10.90,19.00,7.10,0.20,17.50
S114,1487145732,18.90,11.10,19.10,7.20,0.20,17.50
S114,1487146031,18.90,11.10,19.10,6.90,0.20,17.50
S114,1487146330,18.90,10.50,19.10,6.70,0.20,17.50
S114,1487146629,19.00,10.20,19.10,6.70,0.20,17.50
S114,1487146928,19.00,10.20,19.10,6.60,0.20,17.50
S114,1487147227,19.00,10.20,19.10,6.50,0.20,17.50
S114,1487147526,19.10,10.10,19.10,6.50,0.20,17.50
S114,1487147825,19.10,10.00,19.10,6.70,0.20,17.50
S114,1487148124,19.10,10.20,19.00,7.00,0.20,17.50
S114,1487148423,19.10,10.30,19.00,6.40,0.20,17.50
S114,1487148722,19.10,10.20,18.90,6.50,0.20,17.50
S114,1487149021,19.10,10.10,18.90,6.80,0.20,17.50
S114,1487149320,19.10,10.30,18.90,6.90,0.20,17.50
S114,1487149619,19.10,10.50,18.80,7.00,0.20,17.50
S114,1487149918,19.10,10.50,18.80,7.10,0.20,17.50
S114,1487150217,19.20,10.60,18.70,7.00,0.20,17.50
S114,1487150516,19.10,10.10,18.70,7.00,0.20,17.50
S114,1487150815,19.10,10.30,18.60,7.40,0.20,17.50
S114,1487151114,19.20,10.30,18.70,7.10,0.20,17.50
S114,1487151413,19.20,10.60,18.80,7.50,0.20,17.50
S114,1487151712,19.10,10.50,18.90,7.50,0.20,17.50
S114,1487152011,19.10,10.00,19.00,7.50,0.20,17.50
S114,1487152310,19.20,10.50,19.10,7.20,0.20,17.50
S114,1487152609,19.20,10.60,19.30,7.30,0.20,17.50
S114,1487152908,19.20,10.90,19.40,7.20,0.20,17.50
S114,1487153207,19.30,10.90,19.60,7.70,0.20,17.50
S114,1487153506,19.30,10.90,19.60,7.20,0.20,17.50
S114,1487153805,19.30,10.70,19.70,7.10,0.20,17.50
S114,1487154104,19.40,10.70,19.70,6.90,0.20,17.50
S114,1487154403,19.40,10.70,19.80,6.70,0.20,17.50
S114,1487154702,19.50,10.20,19.90,7.30,0.20,17.50
S114,1487155001,19.50,10.60,20.00,7.40,0.20,17.50
S114,1487155300,19.60,10.60,20.00,7.30,0.20,17.50
S114,1487155599,19.60,10.60,19.90,6.90,0.20,17.50
S114,1487155898,19.60,10.40,19.90,6.80,0.20,17.50
S114,1487156197,19.60,10.40,20.00,6.80,0.20,17.50
S114,1487156496,19.70,10.20,20.00,6.50,0.20,17.50
S114,1487156795,19.70,10.10,20.00,6.70,0.20,17.50
S114,1487157094,19.70,10.10,20.10,6.70,0.20,17.50
S114,1487157393,19.80,9.90,20.10,6.50,0.20,17.50
S114,1487157692,19.80,9.90,20.10,6.30,0.20,17.50
S114,1487157991,19.80,9.70,20.10,6.50,0.20,17.50
S114,1487158291,19.90,9.90,20.20,6.20,0.20,17.50
S114,1487158590,19.90,10.10,20.20,5.90,0.20,17.50
S114,1487158889,19.90,9.90,20.20,5.90,0.20,17.50
S114,1487159188,19.90,10.00,20.30,6.00,0.20,17.50
S114,1487159487,20.00,10.10,20.30,6.30,0.20,17.50
S114,1487159786,20.00,10.00,20.30,6.00,0.20,17.50
