Device,Time,DHT1-OUT Temp,DHT1-OUT Hum,DHT2-IN Temp,DHT2-IN Hum,Soil,Infrared
S126,1486911899,21.40,17.30,21.40,11.10,0.20,17.60
S126,1486912198,21.40,17.20,21.40,11.10,0.20,17.60
S126,1486912497,21.30,17.40,21.30,10.90,0.20,17.60
S126,1486912796,21.30,18.00,21.30,11.10,0.20,17.60
S126,1486913095,21.30,17.90,21.30,11.00,0.20,17.60
S126,1486913394,21.30,17.90,21.30,11.00,0.20,17.60
S126,1486913693,21.30,17.70,21.30,11.40,0.20,17.60
S126,1486913992,21.20,17.90,21.30,11.20,0.20,17.60
S126,1486914291,21.20,17.80,21.40,11.60,0.20,17.60
S126,1486914590,21.20,18.10,21.40,11.40,0.20,17.60
S126,1486914889,21.30,17.80,21.40,11.00,0.20,17.60
S126,1486915188,21.30,18.00,21.40,11.20,0.20,17.60
S126,1486915487,21.30,18.10,21.40,11.20,0.20,17.60
S126,1486915786,21.20,17.80,21.30,11.00,0.20,17.60
S126,1486916085,21.30,17.80,21.30,10.90,0.20,17.60
S126,1486916384,21.20,17.90,21.30,10.80,0.20,17.70
S126,1486916683,21.30,17.60,21.30,10.80,0.20,17.60
S126,1486916982,21.20,17.80,21.30,11.00,0.20,17.60
S126,1486917281,21.20,17.60,21.30,10.90,0.20,17.60
S126,1486917580,21.20,17.50,21.20,10.80,0.20,17.60
S126,1486917879,21.20,17.80,21.20,10.90,0.20,17.60
S126,1486918178,21.20,17.70,21.20,10.60,0.20,17.60
S126,1486918477,21.10,17.40,21.20,10.60,0.20,17.60
S126,1486918776,21.20,17.60,21.20,10.60,0.20,17.60
S126,1486919075,21.10,17.50,21.20,10.60,0.20,17.60
S126,1486919374,21.10,17.00,21.20,10.40,0.20,17.60
S126,1486919673,21.10,17.10,21.20,10.50,0.20,17.60
S126,1486919973,21.10,17.30,21.20,10.40,0.20,17.60
S126,1486920272,21.10,17.40,21.20,10.50,0.20,17.60
S126,1486920571,21.10,17.30,21.20,10.50,0.20,17.60
S126,1486920870,21.10,17.40,21.20,10.50,0.20,17.60
S126,1486921170,21.10,17.20,21.20,10.30,0.20,17.60
S126,1486921469,21.10,16.90,21.20,10.50,0.20,17.60
S126,1486921768,21.10,17.20,21.30,10.60,0.20,17.60
S126,1486922067,21.10,17.30,21.30,10.40,0.20,17.60
S126,1486922367,21.10,17.40,21.20,10.50,0.20,17.60
S126,1486922666,21.10,17.60,21.20,10.40,0.20,17.60
S126,1486922966,21.10,17.40,21.20,10.40,0.20,17.60
S126,1486923265,21.10,17.50,21.20,10.50,0.20,17.60
S126,1486923564,21.10,17.30,21.20,10.60,0.20,17.60
S126,1486923863,21.10,17.00,21.20,10.50,0.20,17.60
S126,1486924162,21.00,17.30,21.20,10.60,0.20,17.60
S126,1486924461,21.10,17.50,21.20,10.50,0.20,17.60
S126,1486924761,21.10,17.30,21.20,10.40,0.20,17.60
S126,1486925060,21.10,17.40,21.20,10.40,0.20,17.60
S126,1486925359,21.10,17.40,21.20,10.50,0.20,17.60
S126,1486925658,21.00,17.20,21.20,10.40,0.20,17.60
S126,1486925958,21.10,16.90,21.20,10.50,0.20,17.60
S126,1486926257,21.10,17.40,21.20,10.50,0.20,17.60
S126,1486926556,21.10,17.50,21.20,10.50,0.20,17.60
S126,1486926855,21.10,17.40,21.20,10.30,0.20,17.60
S126,1486927154,21.10,17.30,21.20,10.50,0.20,17.60
S126,1486927453,21.10,17.20,21.20,10.40,0.20,17.60
S126,1486927752,21.00,16.90,21.20,10.40,0.20,17.60
S126,1486928051,21.10,17.00,21.20,10.40,0.20,17.60
S126,1486928351,21.00,17.30,21.20,10.30,0.20,17.60
S126,1486928650,21.00,17.10,21.20,10.20,0.20,17.60
S126,1486928949,21.00,17.30,21.20,10.30,0.20,17.60
S126,1486929248,21.10,17.20,21.20,10.30,0.20,17.60
S126,1486929547,21.00,17.20,21.20,10.40,0.20,17.60
S126,1486929846,21.00,16.90,21.20,10.70,0.20,17.60
S126,1486930145,21.00,16.80,21.20,10.50,0.20,17.60
S126,1486930444,21.00,17.20,21.20,10.30,0.20,17.60
S126,1486930744,21.10,17.20,21.20,10.30,0.20,17.60
S126,1486931043,21.10,17.30,21.20,10.20,0.20,17.60
S126,1486931342,21.10,17.40,21.20,10.50,0.20,17.60
S126,1486931641,21.00,16.90,21.20,10.20,0.20,17.60
S126,1486931940,21.10,17.10,21.20,10.30,0.20,17.60
S126,1486932239,21.00,16.90,21.20,10.40,0.20,17.60
S126,1486932539,21.10,17.10,21.20,10.20,0.20,17.60
S126,1486932838,21.10,17.40,21.20,10.40,0.20,17.60
S126,1486933137,21.10,17.40,21.20,10.20,0.20,17.60
S126,1486933436,21.10,17.10,21.10,10.30,0.20,17.60
S126,1486933735,21.00,17.10,21.10,10.20,0.20,17.60
S126,1486934034,21.00,17.20,21.10,10.40,0.20,17.60
S126,1486934333,21.00,17.40,21.00,10.50,0.20,17.60
S126,1486934632,21.00,17.20,21.00,10.30,0.20,17.60
S126,1486934931,21.00,16.60,20.80,10.20,0.20,17.60
S126,1486935230,21.00,16.50,20.70,10.30,0.20,17.60
S126,1486935529,21.00,16.70,20.60,10.40,0.20,17.60
S126,1486935828,20.80,16.60,20.50,10.40,0.20,17.60
S126,1486936128,20.80,16.60,20.40,10.50,0.20,17.60
S126,1486936427,20.70,16.80,20.30,10.50,0.20,17.60
S126,1486936726,20.70,16.90,20.20,10.60,0.20,17.60
S126,1486937025,20.60,17.00,20.20,10.70,0.20,17.60
S126,1486937324,20.60,17.20,20.10,10.80,0.20,17.60
S126,1486937623,20.60,17.30,20.10,11.00,0.20,17.60
S126,1486937922,20.40,17.40,20.00,11.00,0.20,17.60
S126,1486938221,20.50,17.20,20.10,11.30,0.20,17.60
S126,1486938520,20.30,17.40,20.10,11.40,0.20,17.60
S126,1486938819,20.40,17.40,20.00,11.50,0.20,17.60
S126,1486939118,20.30,17.30,20.00,11.50,0.20,17.60
S126,1486939417,20.30,17.30,20.00,11.60,0.20,17.60
S126,1486939716,20.30,17.30,20.00,11.60,0.20,17.60
S126,1486940015,20.20,17.40,19.90,11.60,0.20,17.60
S126,1486940315,20.20,17.50,19.90,11.70,0.20,17.60
S126,1486940614,20.10,17.50,19.90,11.70,0.20,17.60
S126,1486940913,20.20,17.50,19.80,11.70,0.20,17.60
S126,1486941212,20.00,17.70,19.80,11.80,0.20,17.60
S126,1486941511,20.00,17.60,19.80,12.00,0.20,17.60
S126,1486941810,20.00,17.80,19.80,12.10,0.20,17.60
S126,1486942109,20.00,17.90,19.80,12.20,0.20,17.60
S126,1486942408,19.90,18.20,19.70,12.20,0.20,17.60
S126,1486942707,20.00,18.00,19.70,12.20,0.20,17.60
S126,1486943006,19.90,18.00,19.70,12.20,0.20,17.60
S126,1486943305,19.90,18.10,19.60,12.20,0.20,17.60
S126,1486943604,19.90,18.30,19.60,12.20,0.20,17.60
S126,1486943903,19.90,18.30,19.60,12.30,0.20,17.60
S126,1486944202,19.90,18.20,19.60,12.30,0.20,17.60
S126,1486944501,19.80,18.30,19.50,12.40,0.20,17.60
S126,1486944800,19.70,18.40,19.40,12.40,0.20,17.60
S126,1486945099,19.70,18.30,19.40,12.50,0.20,17.60
S126,1486945398,19.70,18.40,19.30,12.50,0.20,17.60
S126,1486945697,19.70,18.60,19.30,12.60,0.20,17.60
S126,1486945996,19.60,18.60,19.20,12.60,0.20,17.60
S126,1486946295,19.60,18.50,19.20,12.70,0.20,17.60
S126,1486946594,19.50,18.70,19.10,12.80,0.20,17.60
S126,1486946893,19.50,18.70,19.10,12.80,0.20,17.60
S126,1486947192,19.40,18.60,19.00,12.70,0.20,17.60
S126,1486947491,19.40,18.70,19.00,12.80,0.20,17.60
S126,1486947790,19.40,18.50,19.00,12.80,0.20,17.60
S126,1486948089,19.30,18.70,19.00,12.80,0.20,17.60
S126,1486948388,19.30,18.60,18.90,12.80,0.20,17.60
S126,1486948687,19.30,18.80,18.90,13.00,0.20,17.60
S126,1486948986,19.10,18.70,18.80,12.80,0.20,17.60
S126,1486949285,19.20,18.70,18.80,12.80,0.20,17.60
S126,1486949584,19.10,18.70,18.80,12.80,0.20,17.60
S126,1486949883,19.20,18.80,18.80,12.90,0.20,17.60
S126,1486950183,19.10,18.80,18.80,13.00,0.20,17.60
S126,1486950482,19.10,18.80,18.70,12.90,0.20,17.60
S126,1486950781,19.00,18.80,18.70,13.00,0.20,17.60
S126,1486951080,18.90,19.00,18.70,13.10,0.20,17.60
S126,1486951379,19.00,19.00,18.70,13.30,0.20,17.60
S126,1486951678,19.00,19.10,18.60,13.30,0.20,17.60
S126,1486951977,18.90,19.10,18.60,13.50,0.20,17.60
S126,1486952276,18.90,19.00,18.60,13.50,0.20,17.60
S126,1486952575,18.90,19.20,18.60,13.50,0.20,17.60
S126,1486952874,18.90,19.10,18.50,13.50,0.20,17.60
S126,1486953173,18.90,19.10,18.50,13.30,0.20,17.60
S126,1486953472,18.80,19.10,18.50,13.50,0.20,17.60
S126,1486953771,18.80,19.10,18.50,13.40,0.20,17.60
S126,1486954070,18.70,19.10,18.40,13.30,0.20,17.60
S126,1486954369,18.70,19.20,18.40,13.40,0.20,17.60
S126,1486954668,18.70,19.30,18.40,13.40,0.20,17.60
S126,1486954967,18.60,19.10,18.40,13.20,0.20,17.60
S126,1486955266,18.70,19.00,18.40,13.20,0.20,17.60
S126,1486955565,18.60,19.30,18.30,13.30,0.20,17.60
S126,1486955864,18.60,19.20,18.30,13.50,0.20,17.60
S126,1486956163,18.60,19.30,18.30,13.40,0.20,17.60
S126,1486956462,18.50,19.20,18.30,13.50,0.20,17.60
S126,1486956761,18.60,19.30,18.20,13.40,0.20,17.60
S126,1486957060,18.60,19.40,18.20,13.40,0.20,17.60
S126,1486957359,18.60,19.20,18.20,13.20,0.20,17.60
S126,1486957658,18.40,19.00,18.20,13.20,0.20,17.60
S126,1486957957,18.40,19.20,18.20,13.20,0.20,17.60
S126,1486958256,18.40,19.10,18.20,13.20,0.20,17.60
S126,1486958555,18.40,19.10,18.20,13.30,0.20,17.60
S126,1486958854,18.40,19.30,18.10,13.30,0.20,17.60
S126,1486959153,18.40,19.30,18.20,13.50,0.20,17.60
S126,1486959452,18.40,19.40,18.20,13.50,0.20,17.60
S126,1486959751,18.40,19.50,18.20,13.30,0.20,17.60
S126,1486960050,18.40,19.20,18.30,13.30,0.20,17.60
S126,1486960349,18.40,19.40,18.30,13.20,0.20,17.60
S126,1486960648,18.30,19.10,18.30,13.00,0.20,17.60
S126,1486960947,18.40,19.20,18.30,12.90,0.20,17.60
S126,1486961246,18.40,19.20,18.30,12.80,0.20,17.60
S126,1486961545,18.40,19.20,18.30,12.80,0.20,17.60
S126,1486961844,18.40,19.10,18.20,12.80,0.20,17.60
S126,1486962143,18.40,19.10,18.10,12.70,0.20,17.60
S126,1486962442,18.30,18.90,18.10,12.70,0.20,17.60
S126,1486962741,18.30,19.10,18.10,12.70,0.20,17.60
S126,1486963040,18.30,19.10,18.10,12.70,0.20,17.60
S126,1486963339,18.30,19.10,18.10,12.70,0.20,17.60
S126,1486963638,18.30,19.30,18.20,13.00,0.20,17.60
S126,1486963937,18.30,19.40,18.30,13.10,0.20,17.60
S126,1486964236,18.30,19.50,18.40,13.10,0.20,17.60
S126,1486964535,18.30,19.60,18.40,12.90,0.20,17.60
S126,1486964834,18.30,19.70,18.50,12.90,0.20,17.60
S126,1486965133,18.30,19.70,18.60,12.90,0.20,17.60
S126,1486965432,18.40,19.80,18.60,12.90,0.20,17.60
S126,1486965731,18.40,19.70,18.60,12.90,0.20,17.60
S126,1486966030,18.40,19.80,18.70,12.90,0.20,17.60
S126,1486966329,18.50,19.80,18.70,12.90,0.20,17.60
S126,1486966628,18.50,19.80,18.80,12.90,0.20,17.60
S126,1486966927,18.60,19.80,18.80,12.80,0.20,17.60
S126,1486967226,18.60,19.80,18.80,12.80,0.20,17.60
S126,1486967525,18.60,19.80,18.90,12.80,0.20,17.60
S126,1486967824,18.60,19.80,18.90,12.80,0.20,17.60
S126,1486968123,18.70,19.80,18.90,12.70,0.20,17.60
S126,1486968422,18.70,19.80,19.00,12.80,0.20,17.60
S126,1486968721,18.70,19.80,19.00,12.80,0.20,17.60
S126,1486969020,18.80,19.80,19.10,12.80,0.20,17.60
S126,1486969319,18.80,19.70,19.10,12.70,0.20,17.60
S126,1486969618,18.80,19.70,19.10,12.70,0.20,17.60
S126,1486969917,18.90,19.60,19.20,12.80,0.20,17.60
S126,1486970216,18.90,19.70,19.20,12.70,0.20,17.60
S126,1486970515,19.00,19.60,19.20,12.60,0.20,17.60
S126,1486970814,19.00,19.60,19.30,12.70,0.20,17.60
S126,1486971113,19.00,19.60,19.30,12.70,0.20,17.60
S126,1486971412,19.10,19.60,19.30,12.60,0.20,17.60
S126,1486971711,19.10,19.60,19.30,12.50,0.20,17.60
S126,1486972010,19.10,19.50,19.40,12.50,0.20,17.60
S126,1486972309,19.10,19.50,19.40,12.40,0.20,17.60
S126,1486972608,19.20,19.50,19.40,12.50,0.20,17.60
S126,1486972907,19.20,19.50,19.40,12.40,0.20,17.60
S126,1486973206,19.30,19.50,19.50,12.40,0.20,17.60
S126,1486973505,19.30,19.40,19.50,12.50,0.20,17.60
S126,1486973804,19.30,19.50,19.50,12.30,0.20,17.60
S126,1486974103,19.20,19.50,19.50,12.30,0.20,17.60
S126,1486974402,19.30,19.50,19.50,12.30,0.20,17.60
S126,1486974701,19.30,19.50,19.60,12.30,0.20,17.60
S126,1486975000,19.40,19.40,19.60,12.30,0.20,17.60
S126,1486975299,19.40,19.40,19.60,12.30,0.20,17.60
S126,1486975598,19.40,19.40,19.60,12.30,0.20,17.60
S126,1486975897,19.50,19.50,19.70,12.40,0.20,17.60
S126,1486976196,19.50,19.40,19.70,12.20,0.20,17.60
S126,1486976495,19.50,19.40,19.80,12.30,0.20,17.60
S126,1486976794,19.50,19.40,19.80,12.30,0.20,17.60
S126,1486977093,19.50,19.50,19.90,12.40,0.20,17.60
S126,1486977392,19.70,19.70,20.00,12.40,0.20,17.60
S126,1486977691,19.70,19.60,20.00,12.30,0.20,17.60
S126,1486977990,19.70,19.50,20.10,12.40,0.20,17.60
S126,1486978289,19.80,19.40,20.10,12.20,0.20,17.60
S126,1486978588,19.80,19.40,20.20,12.20,0.20,17.60
S126,1486978887,19.80,19.30,20.20,12.10,0.20,17.60
S126,1486979186,19.90,19.30,20.20,12.10,0.20,17.60
S126,1486979485,19.90,19.30,20.20,12.10,0.20,17.60
S126,1486979784,20.00,19.20,20.30,12.10,0.20,17.60
S126,1486980083,20.00,19.20,20.30,12.10,0.20,17.60
S126,1486980382,20.00,19.20,20.30,12.00,0.20,17.60
S126,1486980681,20.10,19.20,20.40,12.10,0.20,17.60
S126,1486980980,20.10,19.20,20.40,12.00,0.20,17.60
S126,1486981279,20.10,19.20,20.40,12.00,0.20,17.60
S126,1486981578,20.10,19.10,20.50,12.00,0.20,17.60
S126,1486981877,20.20,19.10,20.50,11.90,0.20,17.60
S126,1486982176,20.20,19.00,20.50,11.90,0.20,17.60
S126,1486982475,20.20,20.80,20.50,12.70,0.20,17.60
S126,1486982774,20.30,18.90,20.60,11.90,0.20,17.60
S126,1486983073,20.30,19.90,20.70,12.00,0.20,17.60
S126,1486983372,20.40,18.70,20.70,12.10,0.20,17.60
S126,1486983671,20.40,18.50,20.70,11.90,0.20,17.60
S126,1486983970,20.40,18.60,20.70,11.90,0.20,17.60
S126,1486984269,20.50,18.60,20.70,12.30,0.20,17.60
S126,1486984568,20.50,18.30,20.80,11.70,0.20,17.60
S126,1486984867,20.50,18.50,20.80,11.80,0.20,17.60
S126,1486985166,20.60,18.30,20.80,11.70,0.20,17.60
S126,1486985465,20.60,18.20,20.80,11.50,0.20,17.60
S126,1486985764,20.60,18.50,20.80,11.60,0.20,17.60
S126,1486986063,20.60,18.30,20.80,11.50,0.20,17.60
S126,1486986362,20.60,18.30,20.80,11.60,0.20,17.60
S126,1486986661,20.60,18.30,20.90,11.70,0.20,17.60
S126,1486986960,20.70,18.30,20.90,11.40,0.20,17.60
S126,1486987259,20.60,18.20,20.90,11.50,0.20,17.60
S126,1486987558,20.70,18.20,20.90,11.50,0.20,17.60
S126,1486987857,20.70,18.00,20.90,11.30,0.20,17.60
S126,1486988156,20.70,18.30,20.90,11.50,0.20,17.60
S126,1486988456,20.70,18.30,20.90,11.40,0.20,17.60
S126,1486988755,20.70,18.40,20.90,11.40,0.20,17.60
S126,1486989054,20.70,18.30,20.90,11.40,0.20,17.60
S126,1486989353,20.70,18.30,20.90,11.30,0.20,17.60
S126,1486989652,20.70,18.30,20.90,11.80,0.20,17.60
S126,1486989951,20.80,18.10,20.90,11.40,0.20,17.60
S126,1486990250,20.80,18.20,21.00,11.60,0.20,17.60
S126,1486990549,20.80,18.40,21.00,11.50,0.20,17.60
S126,1486990848,20.80,18.40,21.00,11.50,0.20,17.60
S126,1486991147,20.80,18.10,21.00,11.10,0.20,17.60
S126,1486991446,20.80,17.50,21.00,10.70,0.20,17.60
S126,1486991745,20.80,17.60,21.00,10.80,0.20,17.60
S126,1486992044,20.80,17.50,21.00,10.80,0.20,17.60
S126,1486992343,20.80,17.30,21.00,10.80,0.20,17.60
S126,1486992642,20.80,17.60,21.00,11.00,0.20,17.60
S126,1486992941,20.80,17.30,21.00,11.10,0.20,17.60
S126,1486993240,20.90,17.80,21.00,11.00,0.20,17.60
S126,1486993539,20.80,17.50,21.00,10.80,0.20,17.60
S126,1486993838,20.80,17.30,21.00,10.60,0.20,17.60
S126,1486994137,20.90,17.40,21.00,10.60,0.20,17.60
S126,1486994436,20.90,17.60,21.00,10.70,0.20,17.60
S126,1486994735,20.80,17.10,21.00,10.60,0.20,17.60
S126,1486995034,20.90,17.30,21.00,10.80,0.20,17.60
S126,1486995333,20.80,17.40,21.00,10.80,0.20,17.60
S126,1486995632,20.90,17.60,21.00,10.90,0.20,17.60
S126,1486995931,20.90,17.50,21.00,10.70,0.20,17.60
S126,1486996230,20.90,17.60,21.00,10.70,0.20,17.60
S126,1486996529,20.90,17.60,21.00,10.70,0.20,17.60
S126,1486996828,20.90,17.70,21.00,10.70,0.20,17.60
S126,1486997640,20.80,17.60,21.00,10.60,0.20,17.60
S126,1486997727,20.90,17.00,21.00,10.60,0.20,17.60
S126,1486998026,20.90,17.40,21.10,10.50,0.20,17.60
S126,1486998325,20.80,17.40,21.00,10.40,0.20,17.60
S126,1486998624,20.90,17.40,21.10,10.20,0.20,17.60
S126,1486998923,20.90,17.00,21.10,10.50,0.20,17.60
S126,1486999222,20.90,16.80,21.10,10.20,0.20,17.60
S126,1486999521,20.90,17.10,21.10,10.20,0.20,17.60
S126,1486999820,20.90,16.90,21.10,10.40,0.20,17.60
S126,1487000119,20.90,16.80,21.10,10.20,0.20,17.60
S126,1487000418,20.90,17.20,21.10,10.20,0.20,17.60
S126,1487000717,20.90,17.10,21.10,10.30,0.20,17.60
S126,1487001016,20.90,16.80,21.10,10.10,0.20,17.60
S126,1487001315,20.90,16.80,21.10,10.30,0.20,17.60
S126,1487001614,20.90,16.90,21.10,10.10,0.20,17.60
S126,1487001913,20.90,16.90,21.10,10.10,0.20,17.60
S126,1487002212,20.90,16.90,21.10,10.10,0.20,17.60
S126,1487002511,20.90,17.20,21.10,10.10,0.20,17.60
S126,1487002810,20.90,17.10,21.10,10.20,0.20,17.60
S126,1487003109,20.90,17.10,21.10,10.10,0.20,17.60
S126,1487003408,21.00,16.90,21.10,9.90,0.20,17.60
S126,1487003707,21.00,16.80,21.10,10.10,0.20,17.60
S126,1487004006,20.90,16.60,21.00,10.10,0.20,17.60
S126,1487004305,20.90,16.60,21.00,10.00,0.20,17.60
S126,1487004604,20.90,16.60,21.10,10.10,0.20,17.60
S126,1487004903,20.90,17.00,21.10,10.20,0.20,17.60
S126,1487005202,20.90,16.90,21.10,10.20,0.20,17.60
S126,1487005501,20.90,17.10,21.10,10.30,0.20,17.60
S126,1487005800,20.90,17.00,21.10,10.30,0.20,17.60
S126,1487006099,21.00,17.00,21.10,10.20,0.20,17.60
S126,1487006398,20.90,16.80,21.10,10.10,0.20,17.60
S126,1487006697,21.00,16.90,21.10,9.90,0.20,17.60
S126,1487006996,20.90,17.00,21.10,10.20,0.20,17.60
S126,1487007295,21.00,17.10,21.10,10.20,0.20,17.60
S126,1487007594,20.90,16.90,21.10,10.20,0.20,17.60
S126,1487007893,21.00,17.00,21.10,10.00,0.20,17.60
S126,1487008192,20.90,17.00,21.20,10.20,0.20,17.60
S126,1487008491,21.00,17.10,21.10,10.20,0.20,17.60
S126,1487008790,20.90,17.00,21.10,10.40,0.20,17.60
S126,1487009089,20.90,17.10,21.10,10.40,0.20,17.60
S126,1487009388,20.90,17.00,21.10,10.40,0.20,17.60
S126,1487009687,21.00,17.10,21.10,10.30,0.20,17.60
S126,1487009986,21.00,17.10,21.10,10.30,0.20,17.60
S126,1487010285,20.90,17.00,21.10,10.30,0.20,17.60
S126,1487010584,20.90,17.20,21.10,10.40,0.20,17.60
S126,1487010883,21.00,17.30,21.10,10.50,0.20,17.60
S126,1487011182,20.90,17.40,21.10,10.50,0.20,17.60
S126,1487011481,20.90,17.30,21.10,10.40,0.20,17.60
S126,1487011780,20.90,17.00,21.10,10.30,0.20,17.60
S126,1487012079,20.90,16.90,21.00,10.20,0.20,17.60
S126,1487012378,20.90,17.00,21.00,10.30,0.20,17.60
S126,1487012677,20.90,17.20,21.10,10.40,0.20,17.60
S126,1487012976,20.90,17.00,21.10,10.40,0.20,17.60
S126,1487013275,20.90,17.20,21.10,10.40,0.20,17.60
S126,1487013574,20.90,17.00,21.00,10.20,0.20,17.60
S126,1487013873,20.90,17.00,21.00,10.10,0.20,17.60
S126,1487014172,20.90,17.10,21.00,10.20,0.20,17.60
S126,1487014471,20.90,16.80,21.10,10.60,0.20,17.60
S126,1487014770,20.90,16.80,21.20,10.30,0.20,17.60
S126,1487015069,20.90,16.80,21.20,10.30,0.20,17.60
S126,1487015368,20.90,16.90,21.20,10.00,0.20,17.60
S126,1487015667,21.00,16.70,21.20,10.00,0.20,17.60
S126,1487015966,20.90,16.50,21.20,9.90,0.20,17.60
S126,1487016265,21.00,16.60,21.20,10.00,0.20,17.60
S126,1487016564,21.00,16.70,21.20,10.00,0.20,17.60
S126,1487016863,21.00,16.70,21.20,10.10,0.20,17.60
S126,1487017162,21.00,16.50,21.20,10.20,0.20,17.60
S126,1487017461,21.00,16.70,21.20,9.70,0.20,17.60
S126,1487017760,21.00,16.40,21.30,10.10,0.20,17.60
S126,1487018059,21.00,16.30,21.30,10.00,0.20,17.60
S126,1487018358,21.00,16.40,21.30,10.00,0.20,17.60
S126,1487018657,21.00,16.90,21.30,10.10,0.20,17.60
S126,1487018956,21.10,16.70,21.30,10.20,0.20,17.60
S126,1487019255,21.00,17.00,21.20,10.00,0.20,17.60
S126,1487019554,21.10,16.90,21.20,10.00,0.20,17.60
S126,1487019853,21.00,16.70,21.20,9.90,0.20,17.60
S126,1487020152,21.10,16.60,21.20,9.90,0.20,17.60
S126,1487020451,21.00,16.50,21.20,9.90,0.20,17.60
S126,1487020750,21.00,16.80,21.20,10.10,0.20,17.60
S126,1487021049,21.00,16.70,21.20,10.00,0.20,17.60
S126,1487021348,21.00,16.50,21.10,9.70,0.20,17.60
S126,1487021647,21.00,16.10,21.00,9.60,0.20,17.60
S126,1487021946,20.90,16.00,20.80,9.50,0.20,17.60
S126,1487022245,21.00,16.10,20.70,9.60,0.20,17.60
S126,1487022544,20.80,16.20,20.60,9.60,0.20,17.60
S126,1487022843,20.80,16.30,20.50,9.60,0.20,17.60
S126,1487023142,20.80,15.90,20.40,9.60,0.20,17.60
S126,1487023441,20.70,15.80,20.20,9.60,0.20,17.60
S126,1487023740,20.60,15.80,20.10,9.70,0.20,17.60
S126,1487024039,20.60,15.90,20.00,9.70,0.20,17.60
S126,1487024338,20.50,15.90,19.90,9.70,0.20,17.60
S126,1487024637,20.40,15.80,19.80,9.70,0.20,17.60
S126,1487024936,20.40,16.00,19.80,9.80,0.20,17.60
S126,1487025235,20.20,16.00,19.70,9.80,0.20,17.60
S126,1487025534,20.20,16.20,19.60,10.00,0.20,17.60
S126,1487025833,20.10,16.10,19.60,10.10,0.20,17.60
S126,1487026132,20.00,16.20,19.50,10.20,0.20,17.60
S126,1487026431,20.00,16.30,19.50,10.40,0.20,17.60
S126,1487026731,19.90,16.30,19.40,10.40,0.20,17.60
S126,1487027030,19.90,16.60,19.40,10.60,0.20,17.60
S126,1487027329,19.80,16.60,19.30,10.60,0.20,17.60
S126,1487027628,19.80,16.80,19.30,10.70,0.20,17.60
S126,1487027927,19.70,17.00,19.20,10.70,0.20,17.60
S126,1487028226,19.70,16.90,19.20,10.80,0.20,17.60
S126,1487028525,19.60,17.00,19.10,10.80,0.20,17.60
S126,1487028824,19.50,17.00,19.10,11.00,0.20,17.60
S126,1487029123,19.50,17.10,19.10,11.00,0.20,17.60
S126,1487029422,19.40,17.20,19.00,11.10,0.20,17.60
S126,1487029721,19.40,17.20,19.00,11.10,0.20,17.60
S126,1487030020,19.30,17.30,18.90,11.10,0.20,17.60
S126,1487030319,19.30,17.20,18.90,11.10,0.20,17.60
S126,1487030618,19.30,17.10,18.90,11.20,0.20,17.60
S126,1487030917,19.20,17.10,18.90,11.30,0.20,17.60
S126,1487031216,19.20,17.20,18.90,11.30,0.20,17.60
S126,1487031515,19.20,17.30,18.90,11.30,0.20,17.60
S126,1487031814,19.20,17.30,18.90,11.40,0.20,17.60
S126,1487032113,19.20,17.40,18.90,11.30,0.20,17.60
S126,1487032412,19.10,17.40,18.90,11.30,0.20,17.60
S126,1487032711,19.10,17.40,18.80,11.30,0.20,17.60
S126,1487033010,19.00,17.40,18.80,11.30,0.20,17.60
S126,1487033309,19.00,17.40,18.80,11.30,0.20,17.60
S126,1487033608,19.00,17.40,18.80,11.30,0.20,17.60
S126,1487033907,19.00,17.40,18.80,11.40,0.20,17.60
S126,1487034206,19.00,17.50,18.70,11.40,0.20,17.60
S126,1487034505,18.90,17.50,18.60,11.40,0.20,17.60
S126,1487034804,18.90,17.50,18.60,11.50,0.20,17.60
S126,1487035103,18.90,17.50,18.50,11.50,0.20,17.60
S126,1487035402,18.90,17.60,18.40,11.50,0.20,17.60
S126,1487035701,18.80,17.60,18.40,11.50,0.20,17.60
S126,1487036000,18.70,17.60,18.40,11.60,0.20,17.60
S126,1487036299,18.70,17.60,18.30,11.60,0.20,17.60
S126,1487036598,18.70,17.60,18.30,11.60,0.20,17.60
S126,1487036897,18.60,17.90,18.30,11.60,0.20,17.60
S126,1487037196,18.70,17.80,18.30,11.70,0.20,17.60
S126,1487037495,18.60,17.80,18.30,11.80,0.20,17.60
S126,1487037794,18.60,17.90,18.30,11.80,0.20,17.60
S126,1487038093,18.50,17.80,18.20,11.70,0.20,17.60
S126,1487038392,18.50,18.00,18.20,11.80,0.20,17.60
S126,1487038691,18.50,17.90,18.20,11.90,0.20,17.60
S126,1487038990,18.40,18.00,18.10,11.70,0.20,17.60
S126,1487039289,18.50,18.00,18.10,11.80,0.20,17.60
S126,1487039588,18.40,18.00,18.10,11.80,0.20,17.60
S126,1487039887,18.40,18.10,18.10,11.90,0.20,17.60
S126,1487040186,18.40,18.00,18.10,11.90,0.20,17.60
S126,1487040485,18.40,18.10,18.00,11.90,0.20,17.60
S126,1487040784,18.30,18.10,18.00,11.90,0.20,17.60
S126,1487041083,18.30,18.00,18.00,12.00,0.20,17.60
S126,1487041382,18.30,18.20,18.00,12.00,0.20,17.60
S126,1487041681,18.20,18.20,18.00,12.10,0.20,17.60
S126,1487041980,18.20,18.30,17.90,12.10,0.20,17.60
S126,1487042279,18.20,18.20,17.90,12.10,0.20,17.60
S126,1487042578,18.20,18.20,17.90,12.10,0.20,17.60
S126,1487042877,18.20,18.30,17.90,12.20,0.20,17.60
S126,1487043176,18.20,18.30,17.90,12.20,0.20,17.60
S126,1487043475,18.10,18.40,17.90,12.30,0.20,17.60
S126,1487043774,18.10,18.50,17.90,12.30,0.20,17.60
S126,1487044073,18.10,18.50,17.90,12.40,0.20,17.60
S126,1487044372,18.10,18.40,17.80,12.30,0.20,17.60
S126,1487044671,18.00,18.50,17.80,12.40,0.20,17.60
S126,1487044970,18.00,18.40,17.80,12.40,0.20,17.60
S126,1487045269,18.00,18.40,17.80,12.40,0.20,17.60
S126,1487045568,18.00,18.60,17.80,12.50,0.20,17.60
S126,1487045867,17.90,18.60,17.80,12.50,0.20,17.60
S126,1487046166,18.00,18.60,17.70,12.40,0.20,17.60
S126,1487046465,17.90,18.60,17.70,12.50,0.20,17.60
S126,1487046764,17.90,18.70,17.70,12.60,0.20,17.60
S126,1487047063,17.90,18.60,17.70,12.60,0.20,17.60
S126,1487047362,18.00,18.70,17.70,12.70,0.20,17.60
S126,1487047661,17.80,18.70,17.70,12.70,0.20,17.60
S126,1487047960,17.90,18.70,17.70,12.70,0.20,17.60
S126,1487048259,17.90,18.70,17.60,12.60,0.20,17.60
S126,1487048558,17.80,18.70,17.60,12.60,0.20,17.60
S126,1487048857,17.80,18.70,17.60,12.60,0.20,17.60
S126,1487049156,17.80,18.80,17.60,12.70,0.20,17.60
S126,1487049455,17.80,18.80,17.60,12.70,0.20,17.60
S126,1487049754,17.80,18.70,17.60,12.70,0.20,17.60
S126,1487050053,17.80,18.90,17.60,12.70,0.20,17.60
S126,1487050352,17.80,19.00,17.70,12.80,0.20,17.60
S126,1487050651,17.80,19.00,17.80,12.80,0.20,17.60
S126,1487050950,17.80,19.10,17.90,12.60,0.20,17.60
S126,1487051249,17.80,19.10,18.00,12.70,0.20,17.60
S126,1487051548,17.80,19.20,18.10,12.70,0.20,17.60
S126,1487051847,17.90,19.20,18.10,12.70,0.20,17.60
S126,1487052146,17.90,19.20,18.20,12.70,0.20,17.60
S126,1487052445,18.00,19.20,18.20,12.60,0.20,17.60
S126,1487052744,18.10,19.30,18.30,12.70,0.20,17.60
S126,1487053043,18.00,19.30,18.30,12.60,0.20,17.60
S126,1487053342,18.00,19.30,18.40,12.70,0.20,17.60
S126,1487053641,18.10,19.30,18.40,12.70,0.20,17.60
S126,1487053940,18.20,19.30,18.40,12.60,0.20,17.60
S126,1487054239,18.20,19.40,18.50,12.70,0.20,17.60
S126,1487054538,18.20,19.40,18.50,12.70,0.20,17.60
S126,1487054837,18.30,19.40,18.60,12.70,0.20,17.60
S126,1487055136,18.40,19.40,18.60,12.80,0.20,17.60
S126,1487055435,18.40,19.40,18.70,12.80,0.20,17.60
S126,1487055734,18.40,19.40,18.70,12.70,0.20,17.60
S126,1487056033,18.40,19.40,18.70,12.70,0.20,17.60
S126,1487056332,18.50,19.40,18.80,12.70,0.20,17.60
S126,1487056631,18.50,19.40,18.80,12.80,0.20,17.60
S126,1487056930,18.50,19.40,18.80,12.70,0.20,17.60
S126,1487057229,18.60,19.40,18.80,12.70,0.20,17.60
S126,1487057528,18.60,19.40,18.90,12.80,0.20,17.60
S126,1487057827,18.70,19.40,18.90,12.80,0.20,17.60
S126,1487058126,18.70,19.50,18.90,12.80,0.20,17.60
S126,1487058425,18.70,19.50,19.00,12.80,0.20,17.60
S126,1487058724,18.70,19.50,19.00,12.80,0.20,17.60
S126,1487059023,18.80,19.40,19.10,12.80,0.20,17.60
S126,1487059322,18.80,19.40,19.10,12.90,0.20,17.60
S126,1487059621,18.80,19.40,19.10,12.80,0.20,17.60
S126,1487059920,18.90,19.30,19.20,12.90,0.20,17.60
S126,1487060219,18.90,19.40,19.20,12.80,0.20,17.60
S126,1487060518,18.90,19.40,19.20,12.80,0.20,17.60
S126,1487060817,19.00,19.40,19.30,12.80,0.20,17.60
S126,1487061116,19.00,19.40,19.30,12.80,0.20,17.60
S126,1487061415,19.00,19.40,19.30,12.70,0.20,17.60
S126,1487061714,19.10,19.40,19.40,12.80,0.20,17.60
S126,1487062013,19.10,19.40,19.40,12.80,0.20,17.60
S126,1487062312,19.10,19.40,19.40,12.80,0.20,17.60
S126,1487062611,19.20,19.40,19.50,13.00,0.20,17.60
S126,1487062910,19.20,19.40,19.50,12.90,0.20,17.60
S126,1487063209,19.30,19.40,19.60,12.80,0.20,17.60
S126,1487063508,19.30,19.40,19.70,12.80,0.20,17.60
S126,1487063807,19.40,19.40,19.80,12.80,0.20,17.60
S126,1487064106,19.40,19.40,19.80,12.70,0.20,17.60
S126,1487064405,19.50,19.40,19.90,12.70,0.20,17.60
S126,1487064704,19.50,19.30,19.90,12.60,0.20,17.60
S126,1487065004,19.50,19.30,19.90,12.50,0.20,17.60
S126,1487065303,19.50,19.20,20.00,12.40,0.20,17.60
S126,1487065602,19.60,19.20,20.00,12.30,0.20,17.60
S126,1487065901,19.70,19.10,20.10,12.50,0.20,17.60
S126,1487066200,19.70,19.10,20.10,12.30,0.20,17.60
S126,1487066499,19.80,19.10,20.10,12.30,0.20,17.60
S126,1487066798,19.70,19.00,20.10,12.20,0.20,17.60
S126,1487067097,19.80,19.00,20.10,12.00,0.20,17.60
S126,1487067396,19.80,19.00,20.10,11.90,0.20,17.60
S126,1487067695,19.90,19.00,20.10,11.70,0.20,17.60
S126,1487067994,19.90,18.90,20.20,11.70,0.20,17.60
S126,1487068293,19.90,18.70,20.20,11.60,0.20,17.60
S126,1487068592,20.00,18.70,20.30,11.70,0.20,17.60
S126,1487068891,20.00,18.70,20.30,11.50,0.20,17.60
S126,1487069190,20.00,18.50,20.40,11.50,0.20,17.60
S126,1487069489,20.10,18.40,20.40,11.50,0.20,17.60
S126,1487069788,20.10,18.40,20.40,11.60,0.20,17.60
S126,1487070087,20.10,18.50,20.40,11.50,0.20,17.60
S126,1487070386,20.20,18.40,20.30,11.30,0.20,17.60
S126,1487070685,20.20,18.40,20.30,11.40,0.20,17.60
S126,1487070984,20.20,18.40,20.30,11.40,0.20,17.60
S126,1487071283,20.20,18.50,20.30,11.50,0.20,17.60
S126,1487071582,20.20,18.50,20.30,11.40,0.20,17.60
S126,1487071881,20.20,18.50,20.30,11.40,0.20,17.60
S126,1487072180,20.20,18.40,20.30,11.30,0.20,17.60
S126,1487072479,20.20,18.40,20.30,11.30,0.20,17.60
S126,1487072778,20.20,18.30,20.30,11.30,0.20,17.60
S126,1487073077,20.20,18.40,20.30,11.30,0.20,17.60
S126,1487073376,20.20,18.40,20.30,11.00,0.20,17.60
S126,1487073675,20.20,18.20,20.30,11.10,0.20,17.60
S126,1487073974,20.20,18.30,20.30,11.10,0.20,17.60
S126,1487074273,20.20,18.20,20.30,11.10,0.20,17.60
S126,1487074572,20.20,18.20,20.30,10.90,0.20,17.60
S126,1487074871,20.20,18.20,20.30,11.00,0.20,17.60
S126,1487075170,20.20,18.20,20.30,10.90,0.20,17.60
S126,1487075469,20.20,18.20,20.30,10.80,0.20,17.60
S126,1487075768,20.30,18.20,20.30,10.80,0.20,17.60
S126,1487076067,20.20,18.10,20.30,10.80,0.20,17.60
S126,1487076366,20.30,18.10,20.30,10.80,0.20,17.60
S126,1487076665,20.30,17.90,20.30,10.80,0.20,17.60
S126,1487076964,20.20,18.00,20.30,10.60,0.20,17.60
S126,1487077263,20.30,17.40,20.40,10.80,0.20,17.60
S126,1487077562,20.30,18.00,20.40,10.80,0.20,17.60
S126,1487077861,20.30,18.00,20.50,10.80,0.20,17.60
S126,1487078160,20.30,18.00,20.50,10.90,0.20,17.60
S126,1487078459,20.40,17.90,20.60,10.90,0.20,17.60
S126,1487078758,20.40,18.00,20.60,10.80,0.20,17.60
S126,1487079057,20.40,18.10,20.60,10.80,0.20,17.60
S126,1487079356,20.40,18.00,20.70,10.60,0.20,17.60
S126,1487079655,20.40,18.10,20.70,10.90,0.20,17.60
S126,1487079954,20.40,18.10,20.70,10.90,0.20,17.60
S126,1487080253,20.50,18.00,20.70,10.60,0.20,17.60
S126,1487080552,20.50,17.80,20.80,10.70,0.20,17.60
S126,1487080851,20.50,17.40,20.80,10.50,0.20,17.60
S126,1487081150,20.60,17.40,20.90,10.40,0.20,17.60
S126,1487081449,20.60,17.10,20.80,10.40,0.20,17.60
S126,1487081748,20.60,17.00,20.90,10.50,0.20,17.60
S126,1487082047,20.70,17.10,20.90,10.40,0.20,17.60
S126,1487082346,20.60,17.30,20.90,10.40,0.20,17.60
S126,1487082645,20.60,16.90,20.90,10.40,0.20,17.60
S126,1487082944,20.60,17.00,20.90,10.30,0.20,17.60
S126,1487083243,20.60,17.30,20.90,10.50,0.20,17.60
S126,1487083542,20.60,17.10,20.90,10.30,0.20,17.60
S126,1487083841,20.60,16.80,20.90,10.70,0.20,17.60
S126,1487084140,20.70,17.10,20.90,10.10,0.20,17.60
S126,1487084439,20.70,17.10,20.90,10.00,0.20,17.60
S126,1487084738,20.70,17.00,20.90,10.10,0.20,17.60
S126,1487085037,20.70,16.70,20.90,9.90,0.20,17.60
S126,1487085336,20.70,16.90,20.90,10.00,0.20,17.60
S126,1487085635,20.70,16.90,21.00,10.20,0.20,17.60
S126,1487085934,20.70,16.60,21.00,10.20,0.20,17.60
S126,1487086233,20.70,16.80,21.00,10.20,0.20,17.60
S126,1487086532,20.70,16.50,21.00,10.10,0.20,17.60
S126,1487086831,20.80,16.80,21.00,10.10,0.20,17.60
S126,1487087130,20.70,16.90,21.00,10.00,0.20,17.60
S126,1487087429,20.80,17.00,21.00,10.10,0.20,17.60
S126,1487087728,20.80,17.00,21.00,10.00,0.20,17.60
S126,1487088027,20.80,17.00,21.00,10.00,0.20,17.60
S126,1487088326,20.70,16.90,21.00,10.00,0.20,17.60
S126,1487088625,20.70,16.70,21.00,10.10,0.20,17.60
S126,1487088924,20.80,17.00,21.00,10.10,0.20,17.60
S126,1487089223,20.70,16.40,21.00,9.90,0.20,17.60
S126,1487089522,20.80,16.70,21.00,10.00,0.20,17.60
S126,1487089821,20.70,16.60,21.00,10.20,0.20,17.60
S126,1487090120,20.80,16.90,21.00,10.10,0.20,17.60
S126,1487090419,20.80,16.50,21.00,9.90,0.20,17.60
S126,1487090718,20.80,16.70,21.00,10.20,0.20,17.60
S126,1487091017,20.80,16.80,21.00,10.20,0.20,17.60
S126,1487091316,20.80,16.40,21.00,10.00,0.20,17.60
S126,1487091615,20.80,16.70,21.00,9.80,0.20,17.60
S126,1487091914,20.80,16.70,21.00,9.70,0.20,17.60
S126,1487092213,20.80,16.70,21.00,9.90,0.20,17.60
S126,1487092512,20.80,16.50,21.00,9.60,0.20,17.60
S126,1487092811,20.80,16.40,21.00,9.60,0.20,17.60
S126,1487093110,20.80,16.50,21.00,9.50,0.20,17.60
S126,1487093409,20.80,16.50,21.00,9.50,0.20,17.60
S126,1487093708,20.80,16.60,21.00,9.60,0.20,17.60
S126,1487094007,20.80,16.60,21.00,9.60,0.20,17.60
S126,1487094306,20.80,16.40,21.00,9.60,0.20,17.60
S126,1487094605,20.80,16.40,21.00,9.60,0.20,17.60
S126,1487094904,20.80,16.50,21.00,9.70,0.20,17.60
S126,1487095203,20.80,16.60,21.00,9.70,0.20,17.60
S126,1487095502,20.80,16.60,20.90,9.50,0.20,17.60
S126,1487095801,20.80,16.60,21.00,9.50,0.20,17.60
S126,1487096100,20.70,16.10,21.00,9.50,0.20,17.60
S126,1487096399,20.80,16.20,21.00,9.60,0.20,17.60
S126,1487096698,20.70,16.20,21.00,9.60,0.20,17.60
S126,1487096997,20.70,16.20,21.00,9.60,0.20,17.60
S126,1487097296,20.70,16.40,21.00,9.60,0.20,17.60
S126,1487097595,20.80,16.60,21.00,9.50,0.20,17.60
S126,1487097894,20.80,16.40,21.00,9.30,0.20,17.60
S126,1487098193,20.70,16.30,21.00,9.10,0.20,17.60
S126,1487098492,20.70,16.40,21.00,8.90,0.20,17.60
S126,1487098791,20.70,15.90,21.00,8.90,0.20,17.60
S126,1487099090,20.80,15.80,21.00,9.00,0.20,17.60
S126,1487099389,20.70,15.90,21.00,9.00,0.20,17.60
S126,1487099688,20.70,15.70,21.00,9.30,0.20,17.60
S126,1487099987,20.80,16.20,21.00,9.50,0.20,17.60
S126,1487100286,20.70,16.30,21.00,9.40,0.20,17.60
S126,1487100585,20.70,16.20,21.00,8.90,0.20,17.60
S126,1487100884,20.80,16.00,21.00,8.60,0.20,17.60
S126,1487101183,20.70,16.00,21.00,8.60,0.20,17.60
S126,1487101482,20.80,16.00,20.90,8.80,0.20,17.60
S126,1487101781,20.70,15.90,20.90,8.90,0.20,17.60
S126,1487102080,20.70,16.10,20.90,8.90,0.20,17.60
S126,1487102379,20.80,16.20,20.90,9.00,0.20,17.60
S126,1487102678,20.80,16.40,20.90,9.10,0.20,17.60
S126,1487102977,20.70,16.30,20.90,9.10,0.20,17.60
S126,1487103277,20.70,16.30,20.80,9.00,0.20,17.60
S126,1487103576,20.70,16.30,20.70,9.10,0.20,17.60
S126,1487103875,20.70,16.30,20.70,9.10,0.20,17.60
S126,1487104174,20.70,16.40,20.70,9.10,0.20,17.60
S126,1487104473,20.60,16.40,20.60,9.20,0.20,17.60
S126,1487104772,20.70,16.40,20.60,9.10,0.20,17.60
S126,1487105071,20.60,16.30,20.60,9.10,0.20,17.60
S126,1487105370,20.60,16.40,20.50,9.10,0.20,17.60
S126,1487105669,20.60,16.40,20.50,9.10,0.20,17.60
S126,1487105968,20.50,16.40,20.50,9.10,0.20,17.60
S126,1487106267,20.60,16.30,20.50,9.10,0.20,17.60
S126,1487106566,20.50,16.30,20.40,9.00,0.20,17.60
S126,1487106865,20.40,16.30,20.40,9.00,0.20,17.60
S126,1487107164,20.50,16.30,20.40,9.00,0.20,17.60
S126,1487107463,20.50,16.30,20.30,8.90,0.20,17.60
S126,1487107762,20.40,16.10,20.20,8.80,0.20,17.60
S126,1487108061,20.40,16.00,20.10,8.80,0.20,17.60
S126,1487108360,20.30,15.60,19.90,8.80,0.20,17.60
S126,1487108659,20.30,15.60,19.80,8.80,0.20,17.60
S126,1487108958,20.20,15.60,19.80,8.90,0.20,17.60
S126,1487109257,20.10,15.40,19.70,8.80,0.20,17.60
S126,1487109556,20.00,15.30,19.60,8.90,0.20,17.60
S126,1487109855,20.00,15.50,19.50,8.80,0.20,17.60
S126,1487110154,19.90,15.60,19.50,8.90,0.20,17.60
S126,1487110453,19.90,15.40,19.40,8.90,0.20,17.60
S126,1487110752,19.80,15.60,19.30,8.90,0.20,17.60
S126,1487111051,19.80,15.40,19.30,9.00,0.20,17.60
S126,1487111350,19.80,15.50,19.20,9.00,0.20,17.60
S126,1487111649,19.60,15.70,19.20,9.00,0.20,17.60
S126,1487111948,19.60,15.80,19.10,9.00,0.20,17.60
S126,1487112247,19.50,15.60,19.10,9.00,0.20,17.60
S126,1487112546,19.50,15.60,19.00,9.00,0.20,17.60
S126,1487112845,19.40,15.70,19.00,9.10,0.20,17.60
S126,1487113144,19.40,15.70,19.00,9.50,0.20,17.60
S126,1487113443,19.40,15.80,19.00,9.40,0.20,17.60
S126,1487113742,19.40,15.80,19.00,9.40,0.20,17.60
S126,1487114041,19.30,16.00,19.00,9.40,0.20,17.60
S126,1487114340,19.30,16.00,19.00,9.30,0.20,17.60
S126,1487114639,19.20,15.70,18.90,9.20,0.20,17.60
S126,1487114938,19.20,15.70,19.00,9.30,0.20,17.60
S126,1487115237,19.20,15.70,18.90,9.20,0.20,17.60
S126,1487115536,19.10,15.90,18.90,9.40,0.20,17.60
S126,1487115835,19.10,16.40,18.90,10.40,0.20,17.60
S126,1487116134,19.00,16.60,18.90,10.20,0.20,17.60
S126,1487116433,19.10,16.40,18.90,9.90,0.20,17.60
S126,1487116732,19.10,16.20,18.80,9.60,0.20,17.60
S126,1487117031,19.00,16.10,18.80,9.40,0.20,17.60
S126,1487117330,19.00,15.90,18.80,9.20,0.20,17.60
S126,1487117629,19.10,15.80,18.80,9.00,0.20,17.60
S126,1487117928,19.00,15.60,18.80,8.90,0.20,17.60
S126,1487118227,19.00,15.60,18.80,8.80,0.20,17.60
S126,1487118526,18.90,15.60,18.70,8.70,0.20,17.60
S126,1487118825,18.90,15.60,18.60,8.60,0.20,17.60
S126,1487119124,18.90,15.70,18.50,8.50,0.20,17.60
S126,1487119423,18.80,15.50,18.50,8.60,0.20,17.60
S126,1487119722,18.80,15.50,18.40,8.50,0.20,17.60
S126,1487120021,18.70,15.50,18.40,8.50,0.20,17.60
S126,1487120320,18.70,15.40,18.40,8.50,0.20,17.60
S126,1487120619,18.70,15.50,18.30,8.50,0.20,17.60
S126,1487120918,18.70,15.30,18.30,8.40,0.20,17.60
S126,1487121217,18.60,15.20,18.30,8.50,0.20,17.60
S126,1487121516,18.60,15.40,18.20,8.50,0.20,17.60
S126,1487121815,18.50,15.30,18.20,8.60,0.20,17.60
S126,1487122114,18.50,15.20,18.20,8.60,0.20,17.60
S126,1487122413,18.50,15.50,18.10,8.50,0.20,17.60
S126,1487122712,18.50,15.60,18.10,8.60,0.20,17.60
S126,1487123011,18.50,15.50,18.10,8.60,0.20,17.60
S126,1487123310,18.40,15.60,18.00,8.60,0.20,17.60
S126,1487123609,18.40,15.70,18.00,8.60,0.20,17.60
S126,1487123908,18.30,15.30,18.00,8.70,0.20,17.60
S126,1487124207,18.30,15.50,17.90,8.70,0.20,17.60
S126,1487124506,18.30,15.50,17.90,8.80,0.20,17.60
S126,1487124805,18.20,15.60,17.90,8.80,0.20,17.60
S126,1487125104,18.20,15.60,17.90,8.90,0.20,17.60
S126,1487125403,18.20,15.70,17.80,8.80,0.20,17.60
S126,1487125702,18.10,15.50,17.80,8.90,0.20,17.60
S126,1487126001,18.10,15.90,17.80,8.90,0.20,17.60
S126,1487126300,18.10,15.70,17.80,8.90,0.20,17.60
S126,1487126599,18.10,15.80,17.70,9.30,0.20,17.60
S126,1487126898,18.10,15.80,17.70,8.80,0.20,17.60
S126,1487127197,18.00,15.80,17.70,8.80,0.20,17.60
S126,1487127496,18.00,15.50,17.70,8.70,0.20,17.60
S126,1487127795,18.00,15.60,17.70,8.70,0.20,17.60
S126,1487128094,18.00,15.60,17.70,8.80,0.20,17.60
S126,1487128393,17.90,15.70,17.60,8.70,0.20,17.60
S126,1487128692,18.00,15.50,17.60,8.70,0.20,17.60
S126,1487128991,17.90,15.50,17.60,8.70,0.20,17.60
S126,1487129290,17.90,15.60,17.60,8.70,0.20,17.60
S126,1487129589,17.80,15.70,17.50,8.70,0.20,17.60
S126,1487129888,17.80,15.60,17.50,8.70,0.20,17.60
S126,1487130187,17.80,15.50,17.50,8.70,0.20,17.60
S126,1487130486,17.80,15.60,17.50,8.70,0.20,17.60
S126,1487130785,17.80,15.60,17.50,8.70,0.20,17.60
S126,1487131084,17.70,15.80,17.50,8.80,0.20,17.60
S126,1487131383,17.70,15.70,17.50,8.90,0.20,17.60
S126,1487131682,17.70,15.80,17.40,8.90,0.20,17.60
S126,1487131981,17.60,15.90,17.40,9.00,0.20,17.60
S126,1487132280,17.70,15.80,17.40,9.10,0.20,17.60
S126,1487132579,17.70,15.90,17.40,9.10,0.20,17.60
S126,1487132878,17.60,16.00,17.30,9.20,0.20,17.60
S126,1487133177,17.60,15.90,17.30,9.20,0.20,17.60
S126,1487133476,17.60,16.00,17.30,9.20,0.20,17.60
S126,1487133775,17.60,16.20,17.30,9.20,0.20,17.60
S126,1487134074,17.50,16.20,17.30,9.30,0.20,17.60
S126,1487134373,17.60,16.20,17.40,9.30,0.20,17.60
S126,1487134672,17.50,16.30,17.40,9.30,0.20,17.60
S126,1487134971,17.50,16.30,17.40,9.30,0.20,17.60
S126,1487135270,17.60,16.30,17.40,9.30,0.20,17.60
S126,1487135569,17.50,16.30,17.40,9.30,0.20,17.60
S126,1487135868,17.50,16.20,17.50,9.30,0.20,17.60
S126,1487136167,17.50,16.40,17.50,9.30,0.20,17.60
S126,1487136466,17.60,16.60,17.60,9.40,0.20,17.60
S126,1487136765,17.60,16.70,17.70,9.50,0.20,17.60
S126,1487137064,17.60,16.80,17.80,9.50,0.20,17.60
S126,1487137363,17.60,16.80,17.80,9.50,0.20,17.60
S126,1487137662,17.60,16.90,17.90,9.50,0.20,17.60
S126,1487137961,17.70,16.90,18.00,9.60,0.20,17.60
S126,1487138260,17.70,17.00,18.00,9.60,0.20,17.60
S126,1487138559,17.80,17.00,18.00,9.50,0.20,17.60
S126,1487138858,17.80,17.00,18.10,9.50,0.20,17.60
S126,1487139157,17.80,17.00,18.10,9.40,0.20,17.60
S126,1487139456,17.90,17.00,18.20,9.40,0.20,17.60
S126,1487139755,17.90,17.00,18.20,9.40,0.20,17.60
S126,1487140054,18.00,17.00,18.20,9.30,0.20,17.60
S126,1487140353,18.00,17.00,18.30,9.40,0.20,17.60
S126,1487140652,18.00,17.00,18.30,9.20,0.20,17.60
S126,1487140951,18.00,17.00,18.30,9.20,0.20,17.60
S126,1487141250,18.10,16.90,18.40,9.20,0.20,17.60
S126,1487141550,18.10,16.90,18.40,9.00,0.20,17.60
S126,1487141849,18.20,16.90,18.40,9.10,0.20,17.60
S126,1487142148,18.10,16.90,18.50,9.10,0.20,17.60
S126,1487142447,18.20,16.90,18.50,9.00,0.20,17.60
S126,1487142746,18.20,16.90,18.50,9.00,0.20,17.60
S126,1487143045,18.30,16.90,18.60,9.00,0.20,17.60
S126,1487143344,18.30,16.90,18.60,9.00,0.20,17.60
S126,1487143643,18.30,16.90,18.60,9.00,0.20,17.60
S126,1487143942,18.40,16.90,18.60,8.90,0.20,17.60
S126,1487144241,18.40,16.90,18.70,9.00,0.20,17.60
S126,1487144540,18.40,16.90,18.70,9.00,0.20,17.60
S126,1487144839,18.40,16.90,18.70,9.00,0.20,17.60
S126,1487145138,18.50,16.80,18.70,8.80,0.20,17.60
S126,1487145437,18.50,16.80,18.80,8.80,0.20,17.60
S126,1487145736,18.50,16.80,18.80,8.80,0.20,17.60
S126,1487146035,18.50,16.70,18.80,8.80,0.20,17.60
S126,1487146334,18.50,16.70,18.90,8.90,0.20,17.60
S126,1487146633,18.60,16.60,18.90,8.80,0.20,17.60
S126,1487146932,18.70,16.50,18.90,8.70,0.20,17.60
S126,1487147231,18.60,16.50,19.00,8.50,0.20,17.60
S126,1487147530,18.70,16.40,19.00,8.60,0.20,17.60
S126,1487147829,18.80,16.30,19.00,8.50,0.20,17.60
S126,1487148128,18.70,16.00,18.90,8.70,0.20,17.60
S126,1487148427,18.80,16.20,18.90,8.70,0.20,17.60
S126,1487148726,18.80,16.20,18.90,8.70,0.20,17.60
S126,1487149025,18.70,15.80,18.90,8.60,0.20,17.60
S126,1487149324,18.80,15.60,18.90,8.70,0.20,17.60
S126,1487149623,18.80,15.80,18.90,8.90,0.20,17.60
S126,1487149922,18.80,15.90,18.80,9.00,0.20,17.60
S126,1487150221,18.80,16.00,18.80,9.20,0.20,17.60
S126,1487150520,18.90,15.90,18.80,9.10,0.20,17.60
S126,1487150819,18.80,15.90,18.80,9.20,0.20,17.60
S126,1487151118,18.80,15.80,18.70,9.00,0.20,17.60
S126,1487151417,18.80,15.60,18.70,9.20,0.20,17.60
S126,1487151716,18.80,15.90,18.70,9.60,0.20,17.60
S126,1487152015,18.80,16.20,18.80,9.40,0.20,17.60
S126,1487152314,18.90,16.10,18.90,9.40,0.20,17.60
S126,1487152613,18.80,16.30,19.00,9.40,0.20,17.60
S126,1487152912,18.80,16.40,19.00,9.40,0.20,17.60
S126,1487153211,18.90,16.40,19.20,9.50,0.20,17.60
S126,1487153510,18.90,16.50,19.30,9.30,0.20,17.60
S126,1487153809,18.90,16.60,19.30,9.80,0.20,17.60
S126,1487154108,18.90,16.60,19.40,9.50,0.20,17.60
S126,1487154407,19.00,16.40,19.40,9.30,0.20,17.60
S126,1487154706,19.10,16.30,19.50,9.10,0.20,17.60
S126,1487155005,19.10,16.20,19.50,9.10,0.20,17.60
S126,1487155304,19.10,16.10,19.60,9.00,0.20,17.60
S126,1487155603,19.20,15.80,19.60,8.80,0.20,17.60
S126,1487155902,19.10,16.00,19.60,8.80,0.20,17.60
S126,1487156201,19.30,16.10,19.70,9.00,0.20,17.60
S126,1487156500,19.30,16.00,19.70,8.60,0.20,17.60
S126,1487156799,19.30,16.10,19.70,8.60,0.20,17.60
S126,1487157098,19.30,15.90,19.80,8.60,0.20,17.60
S126,1487157397,19.40,15.80,19.80,8.50,0.20,17.60
S126,1487157696,19.40,15.60,19.80,8.30,0.20,17.60
S126,1487157995,19.50,15.60,19.80,8.20,0.20,17.60
S126,1487158294,19.60,15.70,19.90,8.30,0.20,17.60
S126,1487158593,19.50,15.40,19.90,8.50,0.20,17.60
S126,1487158892,19.60,15.40,19.90,8.40,0.20,17.60
S126,1487159191,19.50,15.60,19.90,7.80,0.20,17.60
S126,1487159490,19.60,15.20,20.00,7.90,0.20,17.60
S126,1487159789,19.60,15.10,20.00,7.90,0.20,17.60
S126,1487160088,19.60,15.20,20.00,7.90,0.20,17.60
