Device,Time,DHT1-OUT Temp,DHT1-OUT Hum,DHT2-IN Temp,DHT2-IN Hum,Soil,Infrared
S160,1486911899,0.00,0.00,0.00,0.00,0.10,17.40
S160,1486912198,0.00,0.00,0.00,0.00,0.10,17.40
S160,1486912497,0.00,0.00,0.00,0.00,0.10,17.40
S160,1486912796,0.00,0.00,0.00,0.00,0.10,17.40
S160,1486913095,0.00,0.00,0.00,0.00,0.10,17.40
S160,1486913394,0.00,0.00,0.00,0.00,0.10,17.40
S160,1486913693,0.00,0.00,0.00,0.00,0.10,17.40
S160,1486913992,0.00,0.00,0.00,0.00,0.10,17.40
S160,1486914291,0.00,0.00,0.00,0.00,0.10,17.40
S160,1486914590,0.00,0.00,0.00,0.00,0.10,17.40
S160,1486914889,0.00,0.00,0.00,0.00,0.10,17.40
S160,1486915188,0.00,0.00,0.00,0.00,0.10,17.40
S160,1486915487,0.00,0.00,0.00,0.00,0.10,17.40
S160,1486915786,0.00,0.00,0.00,0.00,0.10,17.40
S160,1486916085,0.00,0.00,0.00,0.00,0.10,17.40
S160,1486916384,0.00,0.00,0.00,0.00,0.10,17.40
S160,1486916683,0.00,0.00,0.00,0.00,0.10,17.40
S160,1486916982,0.00,0.00,0.00,0.00,0.10,17.40
S160,1486917281,0.00,0.00,0.00,0.00,0.10,17.40
S160,1486917580,0.00,0.00,0.00,0.00,0.10,17.40
S160,1486917879,0.00,0.00,0.00,0.00,0.10,17.40
S160,1486918178,0.00,0.00,0.00,0.00,0.10,17.40
S160,1486918477,0.00,0.00,0.00,0.00,0.10,17.40
S160,1486918776,0.00,0.00,0.00,0.00,0.10,17.40
S160,1486919075,0.00,0.00,0.00,0.00,0.10,17.40
S160,1486919374,0.00,0.00,0.00,0.00,0.10,17.40
S160,1486919673,0.00,0.00,0.00,0.00,0.10,17.40
S160,1486919973,0.00,0.00,0.00,0.00,0.10,17.40
S160,1486920272,0.00,0.00,0.00,0.00,0.10,17.40
S160,1486920571,0.00,0.00,0.00,0.00,0.10,17.40
S160,1486920870,0.00,0.00,0.00,0.00,0.10,17.40
S160,1486921169,0.00,0.00,0.00,0.00,0.10,17.40
S160,1486921469,0.00,0.00,0.00,0.00,0.10,17.40
S160,1486921768,0.00,0.00,0.00,0.00,0.10,17.40
S160,1486922067,0.00,0.00,0.00,0.00,0.10,17.40
S160,1486922367,0.00,0.00,0.00,0.00,0.10,17.40
S160,1486922666,0.00,0.00,0.00,0.00,0.10,17.40
S160,1486922966,0.00,0.00,0.00,0.00,0.10,17.40
S160,1486923265,0.00,0.00,0.00,0.00,0.10,17.40
S160,1486923564,0.00,0.00,0.00,0.00,0.10,17.40
S160,1486923863,0.00,0.00,0.00,0.00,0.10,17.40
S160,1486924162,0.00,0.00,0.00,0.00,0.10,17.40
S160,1486924461,0.00,0.00,0.00,0.00,0.10,17.40
S160,1486924761,0.00,0.00,0.00,0.00,0.10,17.40
S160,1486925060,0.00,0.00,0.00,0.00,0.10,17.40
S160,1486925359,0.00,0.00,0.00,0.00,0.10,17.40
S160,1486925658,0.00,0.00,0.00,0.00,0.10,17.40
S160,1486925958,0.00,0.00,0.00,0.00,0.10,17.40
S160,1486926257,0.00,0.00,0.00,0.00,0.10,17.40
S160,1486926557,0.00,0.00,0.00,0.00,0.10,17.40
S160,1486926856,0.00,0.00,0.00,0.00,0.10,17.40
S160,1486927155,0.00,0.00,0.00,0.00,0.10,17.40
S160,1486927454,0.00,0.00,0.00,0.00,0.10,17.40
S160,1486927753,0.00,0.00,0.00,0.00,0.10,17.40
S160,1486928052,0.00,0.00,0.00,0.00,0.10,17.40
S160,1486928352,0.00,0.00,0.00,0.00,0.10,17.40
S160,1486928651,0.00,0.00,0.00,0.00,0.10,17.40
S160,1486928950,0.00,0.00,0.00,0.00,0.10,17.40
S160,1486929250,0.00,0.00,0.00,0.00,0.10,17.40
S160,1486929549,0.00,0.00,0.00,0.00,0.10,17.40
S160,1486929848,0.00,0.00,0.00,0.00,0.10,17.40
S160,1486930147,0.00,0.00,0.00,0.00,0.10,17.40
S160,1486930446,0.00,0.00,0.00,0.00,0.10,17.40
S160,1486930746,0.00,0.00,0.00,0.00,0.10,17.40
S160,1486931045,0.00,0.00,0.00,0.00,0.10,17.40
S160,1486931344,0.00,0.00,0.00,0.00,0.10,17.40
S160,1486931643,0.00,0.00,0.00,0.00,0.10,17.40
S160,1486931942,0.00,0.00,0.00,0.00,0.10,17.40
S160,1486932241,0.00,0.00,0.00,0.00,0.10,17.40
S160,1486932541,0.00,0.00,0.00,0.00,0.10,17.40
S160,1486932840,0.00,0.00,0.00,0.00,0.10,17.40
S160,1486933139,0.00,0.00,0.00,0.00,0.10,17.40
S160,1486933438,0.00,0.00,0.00,0.00,0.10,17.40
S160,1486933737,0.00,0.00,0.00,0.00,0.10,17.40
S160,1486934036,0.00,0.00,0.00,0.00,0.10,17.40
S160,1486934335,0.00,0.00,0.00,0.00,0.10,17.40
S160,1486934634,0.00,0.00,0.00,0.00,0.10,17.40
S160,1486934933,0.00,0.00,0.00,0.00,0.10,17.40
S160,1486935232,0.00,0.00,0.00,0.00,0.10,17.40
S160,1486935531,0.00,0.00,0.00,0.00,0.10,17.40
S160,1486935830,0.00,0.00,0.00,0.00,0.10,17.40
S160,1486936130,0.00,0.00,0.00,0.00,0.10,17.40
S160,1486936429,0.00,0.00,0.00,0.00,0.10,17.40
S160,1486936728,0.00,0.00,0.00,0.00,0.10,17.40
S160,1486937027,0.00,0.00,0.00,0.00,0.10,17.40
S160,1486937326,0.00,0.00,0.00,0.00,0.10,17.40
S160,1486937625,0.00,0.00,0.00,0.00,0.10,17.40
S160,1486937924,0.00,0.00,0.00,0.00,0.10,17.40
S160,1486938223,0.00,0.00,0.00,0.00,0.10,17.40
S160,1486938522,0.00,0.00,0.00,0.00,0.10,17.40
S160,1486938821,0.00,0.00,0.00,0.00,0.10,17.40
S160,1486939120,0.00,0.00,0.00,0.00,0.10,17.40
S160,1486939419,0.00,0.00,0.00,0.00,0.10,17.40
S160,1486939718,0.00,0.00,0.00,0.00,0.10,17.40
S160,1486940017,0.00,0.00,0.00,0.00,0.10,17.40
S160,1486940317,0.00,0.00,0.00,0.00,0.10,17.40
S160,1486940616,0.00,0.00,0.00,0.00,0.10,17.40
S160,1486940915,0.00,0.00,0.00,0.00,0.10,17.40
S160,1486941214,0.00,0.00,0.00,0.00,0.10,17.40
S160,1486941513,0.00,0.00,0.00,0.00,0.10,17.40
S160,1486941812,0.00,0.00,0.00,0.00,0.10,17.40
S160,1486942111,0.00,0.00,0.00,0.00,0.10,17.40
S160,1486942410,0.00,0.00,0.00,0.00,0.10,17.40
S160,1486942709,0.00,0.00,0.00,0.00,0.10,17.40
S160,1486943008,0.00,0.00,0.00,0.00,0.10,17.40
S160,1486943307,0.00,0.00,0.00,0.00,0.10,17.40
S160,1486943606,0.00,0.00,0.00,0.00,0.10,17.40
S160,1486943905,0.00,0.00,0.00,0.00,0.10,17.40
S160,1486944204,0.00,0.00,0.00,0.00,0.10,17.40
S160,1486944503,0.00,0.00,0.00,0.00,0.10,17.40
S160,1486944802,0.00,0.00,0.00,0.00,0.10,17.40
S160,1486945101,0.00,0.00,0.00,0.00,0.10,17.40
S160,1486945400,0.00,0.00,0.00,0.00,0.10,17.40
S160,1486945699,0.00,0.00,0.00,0.00,0.10,17.40
S160,1486945998,0.00,0.00,0.00,0.00,0.10,17.40
S160,1486946297,0.00,0.00,0.00,0.00,0.10,17.40
S160,1486946596,0.00,0.00,0.00,0.00,0.10,17.40
S160,1486946895,0.00,0.00,0.00,0.00,0.10,17.40
S160,1486947194,0.00,0.00,0.00,0.00,0.10,17.40
S160,1486947493,0.00,0.00,0.00,0.00,0.10,17.40
S160,1486947792,0.00,0.00,0.00,0.00,0.10,17.40
S160,1486948091,0.00,0.00,0.00,0.00,0.10,17.40
S160,1486948390,0.00,0.00,0.00,0.00,0.10,17.40
S160,1486948689,0.00,0.00,0.00,0.00,0.10,17.40
S160,1486948988,0.00,0.00,0.00,0.00,0.10,17.40
S160,1486949287,0.00,0.00,0.00,0.00,0.10,17.40
S160,1486949586,0.00,0.00,0.00,0.00,0.10,17.40
S160,1486949885,0.00,0.00,0.00,0.00,0.10,17.40
S160,1486950185,0.00,0.00,0.00,0.00,0.10,17.40
S160,1486950484,0.00,0.00,0.00,0.00,0.10,17.40
S160,1486950783,0.00,0.00,0.00,0.00,0.10,17.40
S160,1486951082,0.00,0.00,0.00,0.00,0.10,17.40
S160,1486951381,0.00,0.00,0.00,0.00,0.10,17.40
S160,1486951680,0.00,0.00,0.00,0.00,0.10,17.40
S160,1486951979,0.00,0.00,0.00,0.00,0.10,17.40
S160,1486952278,0.00,0.00,0.00,0.00,0.10,17.40
S160,1486952577,0.00,0.00,0.00,0.00,0.10,17.40
S160,1486952876,0.00,0.00,0.00,0.00,0.10,17.40
S160,1486953175,0.00,0.00,0.00,0.00,0.10,17.40
S160,1486953474,0.00,0.00,0.00,0.00,0.10,17.40
S160,1486953773,0.00,0.00,0.00,0.00,0.10,17.40
S160,1486954072,0.00,0.00,0.00,0.00,0.10,17.40
S160,1486954371,0.00,0.00,0.00,0.00,0.10,17.40
S160,1486954670,0.00,0.00,0.00,0.00,0.10,17.40
S160,1486954969,0.00,0.00,0.00,0.00,0.10,17.40
S160,1486955268,0.00,0.00,0.00,0.00,0.10,17.40
S160,1486955567,0.00,0.00,0.00,0.00,0.10,17.40
S160,1486955866,0.00,0.00,0.00,0.00,0.10,17.40
S160,1486956165,0.00,0.00,0.00,0.00,0.10,17.40
S160,1486956464,0.00,0.00,0.00,0.00,0.10,17.40
S160,1486956763,0.00,0.00,0.00,0.00,0.10,17.40
S160,1486957062,0.00,0.00,0.00,0.00,0.10,17.40
S160,1486957361,0.00,0.00,0.00,0.00,0.10,17.40
S160,1486957660,0.00,0.00,0.00,0.00,0.10,17.40
S160,1486957959,0.00,0.00,0.00,0.00,0.10,17.40
S160,1486958258,0.00,0.00,0.00,0.00,0.10,17.40
S160,1486958557,0.00,0.00,0.00,0.00,0.10,17.40
S160,1486958856,0.00,0.00,0.00,0.00,0.10,17.40
S160,1486959155,0.00,0.00,0.00,0.00,0.10,17.40
S160,1486959454,0.00,0.00,0.00,0.00,0.10,17.40
S160,1486959753,0.00,0.00,0.00,0.00,0.10,17.40
S160,1486960052,0.00,0.00,0.00,0.00,0.10,17.40
S160,1486960351,0.00,0.00,0.00,0.00,0.10,17.40
S160,1486960650,0.00,0.00,0.00,0.00,0.10,17.40
S160,1486960949,0.00,0.00,0.00,0.00,0.10,17.40
S160,1486961248,0.00,0.00,0.00,0.00,0.10,17.40
S160,1486961547,0.00,0.00,0.00,0.00,0.10,17.40
S160,1486961846,0.00,0.00,0.00,0.00,0.10,17.40
S160,1486962145,0.00,0.00,0.00,0.00,0.10,17.40
S160,1486962444,0.00,0.00,0.00,0.00,0.10,17.40
S160,1486962743,0.00,0.00,0.00,0.00,0.10,17.40
S160,1486963042,0.00,0.00,0.00,0.00,0.10,17.40
S160,1486963341,0.00,0.00,0.00,0.00,0.10,17.40
S160,1486963640,0.00,0.00,0.00,0.00,0.10,17.40
S160,1486963939,0.00,0.00,0.00,0.00,0.10,17.40
S160,1486964238,0.00,0.00,0.00,0.00,0.10,17.40
S160,1486964537,0.00,0.00,0.00,0.00,0.10,17.40
S160,1486964836,0.00,0.00,0.00,0.00,0.10,17.40
S160,1486965135,0.00,0.00,0.00,0.00,0.10,17.40
S160,1486965434,0.00,0.00,0.00,0.00,0.10,17.40
S160,1486965733,0.00,0.00,0.00,0.00,0.10,17.40
S160,1486966032,0.00,0.00,0.00,0.00,0.10,17.40
S160,1486966331,0.00,0.00,0.00,0.00,0.10,17.40
S160,1486966630,0.00,0.00,0.00,0.00,0.10,17.40
S160,1486966929,0.00,0.00,0.00,0.00,0.10,17.40
S160,1486967228,0.00,0.00,0.00,0.00,0.10,17.40
S160,1486967527,0.00,0.00,0.00,0.00,0.10,17.40
S160,1486967826,0.00,0.00,0.00,0.00,0.10,17.40
S160,1486968125,0.00,0.00,0.00,0.00,0.10,17.40
S160,1486968424,0.00,0.00,0.00,0.00,0.10,17.40
S160,1486968723,0.00,0.00,0.00,0.00,0.10,17.40
S160,1486969022,0.00,0.00,0.00,0.00,0.10,17.40
S160,1486969321,0.00,0.00,0.00,0.00,0.10,17.40
S160,1486969620,0.00,0.00,0.00,0.00,0.10,17.40
S160,1486969919,0.00,0.00,0.00,0.00,0.10,17.40
S160,1486970218,0.00,0.00,0.00,0.00,0.10,17.40
S160,1486970517,0.00,0.00,0.00,0.00,0.10,17.40
S160,1486970816,0.00,0.00,0.00,0.00,0.10,17.40
S160,1486971115,0.00,0.00,0.00,0.00,0.10,17.40
S160,1486971414,0.00,0.00,0.00,0.00,0.10,17.40
S160,1486971713,0.00,0.00,0.00,0.00,0.10,17.40
S160,1486972012,0.00,0.00,0.00,0.00,0.10,17.40
S160,1486972311,0.00,0.00,0.00,0.00,0.10,17.40
S160,1486972610,0.00,0.00,0.00,0.00,0.10,17.40
S160,1486972909,0.00,0.00,0.00,0.00,0.10,17.40
S160,1486973208,0.00,0.00,0.00,0.00,0.10,17.40
S160,1486973507,0.00,0.00,0.00,0.00,0.10,17.40
S160,1486973806,0.00,0.00,0.00,0.00,0.10,17.40
S160,1486974105,0.00,0.00,0.00,0.00,0.10,17.40
S160,1486974404,0.00,0.00,0.00,0.00,0.10,17.40
S160,1486974703,0.00,0.00,0.00,0.00,0.10,17.40
S160,1486975002,0.00,0.00,0.00,0.00,0.10,17.40
S160,1486975301,0.00,0.00,0.00,0.00,0.10,17.40
S160,1486975600,0.00,0.00,0.00,0.00,0.10,17.40
S160,1486975899,0.00,0.00,0.00,0.00,0.10,17.40
S160,1486976198,0.00,0.00,0.00,0.00,0.10,17.40
S160,1486976497,0.00,0.00,0.00,0.00,0.10,17.40
S160,1486976796,0.00,0.00,0.00,0.00,0.10,17.40
S160,1486977095,0.00,0.00,0.00,0.00,0.10,17.40
S160,1486977394,0.00,0.00,0.00,0.00,0.10,17.40
S160,1486977693,0.00,0.00,0.00,0.00,0.10,17.40
S160,1486977992,0.00,0.00,0.00,0.00,0.10,17.40
S160,1486978291,0.00,0.00,0.00,0.00,0.10,17.40
S160,1486978590,0.00,0.00,0.00,0.00,0.10,17.40
S160,1486978889,0.00,0.00,0.00,0.00,0.10,17.40
S160,1486979188,0.00,0.00,0.00,0.00,0.10,17.40
S160,1486979487,0.00,0.00,0.00,0.00,0.10,17.40
S160,1486979786,0.00,0.00,0.00,0.00,0.10,17.40
S160,1486980085,0.00,0.00,0.00,0.00,0.10,17.40
S160,1486980384,0.00,0.00,0.00,0.00,0.10,17.40
S160,1486980683,0.00,0.00,0.00,0.00,0.10,17.40
S160,1486980982,0.00,0.00,0.00,0.00,0.10,17.40
S160,1486981281,0.00,0.00,0.00,0.00,0.10,17.40
S160,1486981580,0.00,0.00,0.00,0.00,0.10,17.40
S160,1486981879,0.00,0.00,0.00,0.00,0.10,17.40
S160,1486982178,0.00,0.00,0.00,0.00,0.10,17.40
S160,1486982477,0.00,0.00,0.00,0.00,0.10,17.40
S160,1486982776,0.00,0.00,0.00,0.00,0.10,17.40
S160,1486983075,0.00,0.00,0.00,0.00,0.10,17.40
S160,1486983374,0.00,0.00,0.00,0.00,0.10,17.40
S160,1486983673,0.00,0.00,0.00,0.00,0.10,17.40
S160,1486983972,0.00,0.00,0.00,0.00,0.10,17.40
S160,1486984271,0.00,0.00,0.00,0.00,0.10,17.40
S160,1486984570,0.00,0.00,0.00,0.00,0.10,17.40
S160,1486984869,0.00,0.00,0.00,0.00,0.10,17.40
S160,1486985168,0.00,0.00,0.00,0.00,0.10,17.40
S160,1486985467,0.00,0.00,0.00,0.00,0.10,17.40
S160,1486985766,0.00,0.00,0.00,0.00,0.10,17.40
S160,1486986065,0.00,0.00,0.00,0.00,0.10,17.40
S160,1486986364,0.00,0.00,0.00,0.00,0.10,17.40
S160,1486986663,0.00,0.00,0.00,0.00,0.10,17.40
S160,1486986962,0.00,0.00,0.00,0.00,0.10,17.40
S160,1486987261,0.00,0.00,0.00,0.00,0.10,17.40
S160,1486987560,0.00,0.00,0.00,0.00,0.10,17.40
S160,1486987859,0.00,0.00,0.00,0.00,0.10,17.40
S160,1486988158,0.00,0.00,0.00,0.00,0.10,17.40
S160,1486988458,0.00,0.00,0.00,0.00,0.10,17.40
S160,1486988757,0.00,0.00,0.00,0.00,0.10,17.40
S160,1486989056,0.00,0.00,0.00,0.00,0.10,17.40
S160,1486989355,0.00,0.00,0.00,0.00,0.10,17.40
S160,1486989654,0.00,0.00,0.00,0.00,0.10,17.40
S160,1486989953,0.00,0.00,0.00,0.00,0.10,17.40
S160,1486990252,0.00,0.00,0.00,0.00,0.10,17.40
S160,1486990551,0.00,0.00,0.00,0.00,0.10,17.40
S160,1486990850,0.00,0.00,0.00,0.00,0.10,17.40
S160,1486991149,0.00,0.00,0.00,0.00,0.10,17.40
S160,1486991448,0.00,0.00,0.00,0.00,0.10,17.40
S160,1486991747,0.00,0.00,0.00,0.00,0.10,17.40
S160,1486992046,0.00,0.00,0.00,0.00,0.10,17.40
S160,1486992345,0.00,0.00,0.00,0.00,0.10,17.40
S160,1486992644,0.00,0.00,0.00,0.00,0.10,17.40
S160,1486992943,0.00,0.00,0.00,0.00,0.10,17.40
S160,1486993242,0.00,0.00,0.00,0.00,0.10,17.40
S160,1486993541,0.00,0.00,0.00,0.00,0.10,17.40
S160,1486993840,0.00,0.00,0.00,0.00,0.10,17.40
S160,1486994139,0.00,0.00,0.00,0.00,0.10,17.40
S160,1486994438,0.00,0.00,0.00,0.00,0.10,17.40
S160,1486994737,0.00,0.00,0.00,0.00,0.10,17.40
S160,1486995036,0.00,0.00,0.00,0.00,0.10,17.40
S160,1486995335,0.00,0.00,0.00,0.00,0.10,17.40
S160,1486995634,0.00,0.00,0.00,0.00,0.10,17.40
S160,1486995933,0.00,0.00,0.00,0.00,0.10,17.40
S160,1486996232,0.00,0.00,0.00,0.00,0.10,17.40
S160,1486996531,0.00,0.00,0.00,0.00,0.10,17.40
S160,1486996830,0.00,0.00,0.00,0.00,0.10,17.40
S160,1486997129,0.00,0.00,0.00,0.00,0.10,17.40
S160,1486997428,0.00,0.00,0.00,0.00,0.10,17.40
S160,1486997727,0.00,0.00,0.00,0.00,0.10,17.40
S160,1486998026,0.00,0.00,0.00,0.00,0.10,17.40
S160,1486998325,0.00,0.00,0.00,0.00,0.10,17.40
S160,1486998624,0.00,0.00,0.00,0.00,0.10,17.40
S160,1486998923,0.00,0.00,0.00,0.00,0.10,17.40
S160,1486999222,0.00,0.00,0.00,0.00,0.10,17.40
S160,1486999521,0.00,0.00,0.00,0.00,0.10,17.40
S160,1486999820,0.00,0.00,0.00,0.00,0.10,17.40
S160,1487000119,0.00,0.00,0.00,0.00,0.10,17.40
S160,1487000418,0.00,0.00,0.00,0.00,0.10,17.40
S160,1487000717,0.00,0.00,0.00,0.00,0.10,17.40
S160,1487001016,0.00,0.00,0.00,0.00,0.10,17.40
S160,1487001315,0.00,0.00,0.00,0.00,0.10,17.40
S160,1487001614,0.00,0.00,0.00,0.00,0.10,17.40
S160,1487001913,0.00,0.00,0.00,0.00,0.10,17.40
S160,1487002212,0.00,0.00,0.00,0.00,0.10,17.40
S160,1487002511,0.00,0.00,0.00,0.00,0.10,17.40
S160,1487002810,0.00,0.00,0.00,0.00,0.10,17.40
S160,1487003109,0.00,0.00,0.00,0.00,0.10,17.40
S160,1487003408,0.00,0.00,0.00,0.00,0.10,17.40
S160,1487003707,0.00,0.00,0.00,0.00,0.10,17.40
S160,1487004006,0.00,0.00,0.00,0.00,0.10,17.40
S160,1487004305,0.00,0.00,0.00,0.00,0.10,17.40
S160,1487004604,0.00,0.00,0.00,0.00,0.10,17.40
S160,1487004903,0.00,0.00,0.00,0.00,0.10,17.40
S160,1487005202,0.00,0.00,0.00,0.00,0.10,17.40
S160,1487005501,0.00,0.00,0.00,0.00,0.10,17.40
S160,1487005800,0.00,0.00,0.00,0.00,0.10,17.40
S160,1487006099,0.00,0.00,0.00,0.00,0.10,17.40
S160,1487006398,0.00,0.00,0.00,0.00,0.10,17.40
S160,1487006697,0.00,0.00,0.00,0.00,0.10,17.40
S160,1487006996,0.00,0.00,0.00,0.00,0.10,17.40
S160,1487007295,0.00,0.00,0.00,0.00,0.10,17.40
S160,1487007594,0.00,0.00,0.00,0.00,0.10,17.40
S160,1487007893,0.00,0.00,0.00,0.00,0.10,17.40
S160,1487008192,0.00,0.00,0.00,0.00,0.10,17.40
S160,1487008491,0.00,0.00,0.00,0.00,0.10,17.40
S160,1487008790,0.00,0.00,0.00,0.00,0.10,17.40
S160,1487009089,0.00,0.00,0.00,0.00,0.10,17.40
S160,1487009388,0.00,0.00,0.00,0.00,0.10,17.40
S160,1487009687,0.00,0.00,0.00,0.00,0.10,17.40
S160,1487009986,0.00,0.00,0.00,0.00,0.10,17.40
S160,1487010285,0.00,0.00,0.00,0.00,0.10,17.40
S160,1487010584,0.00,0.00,0.00,0.00,0.10,17.40
S160,1487010883,0.00,0.00,0.00,0.00,0.10,17.40
S160,1487011182,0.00,0.00,0.00,0.00,0.10,17.40
S160,1487011481,0.00,0.00,0.00,0.00,0.10,17.40
S160,1487011780,0.00,0.00,0.00,0.00,0.10,17.40
S160,1487012079,0.00,0.00,0.00,0.00,0.10,17.40
S160,1487012378,0.00,0.00,0.00,0.00,0.10,17.40
S160,1487012677,0.00,0.00,0.00,0.00,0.10,17.40
S160,1487012976,0.00,0.00,0.00,0.00,0.10,17.40
S160,1487013275,0.00,0.00,0.00,0.00,0.10,17.40
S160,1487013574,0.00,0.00,0.00,0.00,0.10,17.40
S160,1487013873,0.00,0.00,0.00,0.00,0.10,17.40
S160,1487014172,0.00,0.00,0.00,0.00,0.10,17.40
S160,1487014471,0.00,0.00,0.00,0.00,0.10,17.40
S160,1487014770,0.00,0.00,0.00,0.00,0.10,17.40
S160,1487015069,0.00,0.00,0.00,0.00,0.10,17.40
S160,1487015368,0.00,0.00,0.00,0.00,0.10,17.40
S160,1487015667,0.00,0.00,0.00,0.00,0.10,17.40
S160,1487015966,0.00,0.00,0.00,0.00,0.10,17.40
S160,1487016265,0.00,0.00,0.00,0.00,0.10,17.40
S160,1487016564,0.00,0.00,0.00,0.00,0.10,17.40
S160,1487016863,0.00,0.00,0.00,0.00,0.10,17.40
S160,1487017162,0.00,0.00,0.00,0.00,0.10,17.40
S160,1487017461,0.00,0.00,0.00,0.00,0.10,17.40
S160,1487017760,0.00,0.00,0.00,0.00,0.10,17.40
S160,1487018059,0.00,0.00,0.00,0.00,0.10,17.40
S160,1487018358,0.00,0.00,0.00,0.00,0.10,17.40
S160,1487018657,0.00,0.00,0.00,0.00,0.10,17.40
S160,1487018956,0.00,0.00,0.00,0.00,0.10,17.40
S160,1487019255,0.00,0.00,0.00,0.00,0.10,17.40
S160,1487019554,0.00,0.00,0.00,0.00,0.10,17.40
S160,1487019853,0.00,0.00,0.00,0.00,0.10,17.40
S160,1487020152,0.00,0.00,0.00,0.00,0.10,17.40
S160,1487020451,0.00,0.00,0.00,0.00,0.10,17.40
S160,1487020750,0.00,0.00,0.00,0.00,0.10,17.40
S160,1487021049,0.00,0.00,0.00,0.00,0.10,17.40
S160,1487021348,0.00,0.00,0.00,0.00,0.10,17.40
S160,1487021647,0.00,0.00,0.00,0.00,0.10,17.40
S160,1487021946,0.00,0.00,0.00,0.00,0.10,17.40
S160,1487022245,0.00,0.00,0.00,0.00,0.10,17.40
S160,1487022544,0.00,0.00,0.00,0.00,0.10,17.40
S160,1487022843,0.00,0.00,0.00,0.00,0.10,17.40
S160,1487023142,0.00,0.00,0.00,0.00,0.10,17.40
S160,1487023441,0.00,0.00,0.00,0.00,0.10,17.40
S160,1487023740,0.00,0.00,0.00,0.00,0.10,17.40
S160,1487024039,0.00,0.00,0.00,0.00,0.10,17.40
S160,1487024338,0.00,0.00,0.00,0.00,0.10,17.40
S160,1487024637,0.00,0.00,0.00,0.00,0.10,17.40
S160,1487024936,0.00,0.00,0.00,0.00,0.10,17.40
S160,1487025235,0.00,0.00,0.00,0.00,0.10,17.40
S160,1487025534,0.00,0.00,0.00,0.00,0.10,17.40
S160,1487025833,0.00,0.00,0.00,0.00,0.10,17.40
S160,1487026132,0.00,0.00,0.00,0.00,0.10,17.40
S160,1487026431,0.00,0.00,0.00,0.00,0.10,17.40
S160,1487026731,0.00,0.00,0.00,0.00,0.10,17.40
S160,1487027030,0.00,0.00,0.00,0.00,0.10,17.40
S160,1487027329,0.00,0.00,0.00,0.00,0.10,17.40
S160,1487027628,0.00,0.00,0.00,0.00,0.10,17.40
S160,1487027927,0.00,0.00,0.00,0.00,0.10,17.40
S160,1487028226,0.00,0.00,0.00,0.00,0.10,17.40
S160,1487028525,0.00,0.00,0.00,0.00,0.10,17.40
S160,1487028824,0.00,0.00,0.00,0.00,0.10,17.40
S160,1487029123,0.00,0.00,0.00,0.00,0.10,17.40
S160,1487029422,0.00,0.00,0.00,0.00,0.10,17.40
S160,1487029721,0.00,0.00,0.00,0.00,0.10,17.40
S160,1487030020,0.00,0.00,0.00,0.00,0.10,17.40
S160,1487030319,0.00,0.00,0.00,0.00,0.10,17.40
S160,1487030618,0.00,0.00,0.00,0.00,0.10,17.40
S160,1487030917,0.00,0.00,0.00,0.00,0.10,17.40
S160,1487031216,0.00,0.00,0.00,0.00,0.10,17.40
S160,1487031515,0.00,0.00,0.00,0.00,0.10,17.40
S160,1487031814,0.00,0.00,0.00,0.00,0.10,17.40
S160,1487032113,0.00,0.00,0.00,0.00,0.10,17.40
S160,1487032412,0.00,0.00,0.00,0.00,0.10,17.40
S160,1487032711,0.00,0.00,0.00,0.00,0.10,17.40
S160,1487033010,0.00,0.00,0.00,0.00,0.10,17.40
S160,1487033309,0.00,0.00,0.00,0.00,0.10,17.40
S160,1487033608,0.00,0.00,0.00,0.00,0.10,17.40
S160,1487033907,0.00,0.00,0.00,0.00,0.10,17.40
S160,1487034206,0.00,0.00,0.00,0.00,0.10,17.40
S160,1487034505,0.00,0.00,0.00,0.00,0.10,17.40
S160,1487034804,0.00,0.00,0.00,0.00,0.10,17.40
S160,1487035103,0.00,0.00,0.00,0.00,0.10,17.40
S160,1487035402,0.00,0.00,0.00,0.00,0.10,17.40
S160,1487035701,0.00,0.00,0.00,0.00,0.10,17.40
S160,1487036000,0.00,0.00,0.00,0.00,0.10,17.40
S160,1487036299,0.00,0.00,0.00,0.00,0.10,17.40
S160,1487036598,0.00,0.00,0.00,0.00,0.10,17.40
S160,1487036897,0.00,0.00,0.00,0.00,0.10,17.40
S160,1487037196,0.00,0.00,0.00,0.00,0.10,17.40
S160,1487037495,0.00,0.00,0.00,0.00,0.10,17.40
S160,1487037794,0.00,0.00,0.00,0.00,0.10,17.40
S160,1487038093,0.00,0.00,0.00,0.00,0.10,17.40
S160,1487038392,0.00,0.00,0.00,0.00,0.10,17.40
S160,1487038691,0.00,0.00,0.00,0.00,0.10,17.40
S160,1487038990,0.00,0.00,0.00,0.00,0.10,17.40
S160,1487039289,0.00,0.00,0.00,0.00,0.10,17.40
S160,1487039588,0.00,0.00,0.00,0.00,0.10,17.40
S160,1487039887,0.00,0.00,0.00,0.00,0.10,17.40
S160,1487040186,0.00,0.00,0.00,0.00,0.10,17.40
S160,1487040485,0.00,0.00,0.00,0.00,0.10,17.40
S160,1487040784,0.00,0.00,0.00,0.00,0.10,17.40
S160,1487041083,0.00,0.00,0.00,0.00,0.10,17.40
S160,1487041382,0.00,0.00,0.00,0.00,0.10,17.40
S160,1487041681,0.00,0.00,0.00,0.00,0.10,17.40
S160,1487041980,0.00,0.00,0.00,0.00,0.10,17.40
S160,1487042279,0.00,0.00,0.00,0.00,0.10,17.40
S160,1487042578,0.00,0.00,0.00,0.00,0.10,17.40
S160,1487042877,0.00,0.00,0.00,0.00,0.10,17.40
S160,1487043176,0.00,0.00,0.00,0.00,0.10,17.40
S160,1487043475,0.00,0.00,0.00,0.00,0.10,17.40
S160,1487043774,0.00,0.00,0.00,0.00,0.10,17.40
S160,1487044073,0.00,0.00,0.00,0.00,0.10,17.40
S160,1487044372,0.00,0.00,0.00,0.00,0.10,17.40
S160,1487044671,0.00,0.00,0.00,0.00,0.10,17.40
S160,1487044970,0.00,0.00,0.00,0.00,0.10,17.40
S160,1487045269,0.00,0.00,0.00,0.00,0.10,17.40
S160,1487045568,0.00,0.00,0.00,0.00,0.10,17.40
S160,1487045867,0.00,0.00,0.00,0.00,0.10,17.40
S160,1487046166,0.00,0.00,0.00,0.00,0.10,17.40
S160,1487046465,0.00,0.00,0.00,0.00,0.10,17.40
S160,1487046764,0.00,0.00,0.00,0.00,0.10,17.40
S160,1487047063,0.00,0.00,0.00,0.00,0.10,17.40
S160,1487047362,0.00,0.00,0.00,0.00,0.10,17.40
S160,1487047661,0.00,0.00,0.00,0.00,0.10,17.40
S160,1487047960,0.00,0.00,0.00,0.00,0.10,17.40
S160,1487048259,0.00,0.00,0.00,0.00,0.10,17.40
S160,1487048558,0.00,0.00,0.00,0.00,0.10,17.40
S160,1487048857,0.00,0.00,0.00,0.00,0.10,17.40
S160,1487049156,0.00,0.00,0.00,0.00,0.10,17.40
S160,1487049455,0.00,0.00,0.00,0.00,0.10,17.40
S160,1487049754,0.00,0.00,0.00,0.00,0.10,17.40
S160,1487050053,0.00,0.00,0.00,0.00,0.10,17.40
S160,1487050352,0.00,0.00,0.00,0.00,0.10,17.40
S160,1487050651,0.00,0.00,0.00,0.00,0.10,17.40
S160,1487050950,0.00,0.00,0.00,0.00,0.10,17.40
S160,1487051249,0.00,0.00,0.00,0.00,0.10,17.40
S160,1487051548,0.00,0.00,0.00,0.00,0.10,17.40
S160,1487051847,0.00,0.00,0.00,0.00,0.10,17.40
S160,1487052146,0.00,0.00,0.00,0.00,0.10,17.40
S160,1487052445,0.00,0.00,0.00,0.00,0.10,17.40
S160,1487052744,0.00,0.00,0.00,0.00,0.10,17.40
S160,1487053043,0.00,0.00,0.00,0.00,0.10,17.40
S160,1487053342,0.00,0.00,0.00,0.00,0.10,17.40
S160,1487053641,0.00,0.00,0.00,0.00,0.10,17.40
S160,1487053940,0.00,0.00,0.00,0.00,0.10,17.40
S160,1487054239,0.00,0.00,0.00,0.00,0.10,17.40
S160,1487054538,0.00,0.00,0.00,0.00,0.10,17.40
S160,1487054837,0.00,0.00,0.00,0.00,0.10,17.40
S160,1487055136,0.00,0.00,0.00,0.00,0.10,17.40
S160,1487055435,0.00,0.00,0.00,0.00,0.10,17.40
S160,1487055734,0.00,0.00,0.00,0.00,0.10,17.40
S160,1487056033,0.00,0.00,0.00,0.00,0.10,17.40
S160,1487056332,0.00,0.00,0.00,0.00,0.10,17.40
S160,1487056631,0.00,0.00,0.00,0.00,0.10,17.40
S160,1487056930,0.00,0.00,0.00,0.00,0.10,17.40
S160,1487057229,0.00,0.00,0.00,0.00,0.10,17.40
S160,1487057528,0.00,0.00,0.00,0.00,0.10,17.40
S160,1487057827,0.00,0.00,0.00,0.00,0.10,17.40
S160,1487058126,0.00,0.00,0.00,0.00,0.10,17.40
S160,1487058425,0.00,0.00,0.00,0.00,0.10,17.40
S160,1487058724,0.00,0.00,0.00,0.00,0.10,17.40
S160,1487059023,0.00,0.00,0.00,0.00,0.10,17.40
S160,1487059322,0.00,0.00,0.00,0.00,0.10,17.40
S160,1487059621,0.00,0.00,0.00,0.00,0.10,17.40
S160,1487059920,0.00,0.00,0.00,0.00,0.10,17.40
S160,1487060219,0.00,0.00,0.00,0.00,0.10,17.40
S160,1487060518,0.00,0.00,0.00,0.00,0.10,17.40
S160,1487060817,0.00,0.00,0.00,0.00,0.10,17.40
S160,1487061116,0.00,0.00,0.00,0.00,0.10,17.40
S160,1487061415,0.00,0.00,0.00,0.00,0.10,17.40
S160,1487061714,0.00,0.00,0.00,0.00,0.10,17.40
S160,1487062013,0.00,0.00,0.00,0.00,0.10,17.40
S160,1487062312,0.00,0.00,0.00,0.00,0.10,17.40
S160,1487062611,0.00,0.00,0.00,0.00,0.10,17.40
S160,1487062910,0.00,0.00,0.00,0.00,0.10,17.40
S160,1487063209,0.00,0.00,0.00,0.00,0.10,17.40
S160,1487063508,0.00,0.00,0.00,0.00,0.10,17.40
S160,1487063807,0.00,0.00,0.00,0.00,0.10,17.40
S160,1487064106,0.00,0.00,0.00,0.00,0.10,17.40
S160,1487064405,0.00,0.00,0.00,0.00,0.10,17.40
S160,1487064704,0.00,0.00,0.00,0.00,0.10,17.40
S160,1487065004,0.00,0.00,0.00,0.00,0.10,17.40
S160,1487065303,0.00,0.00,0.00,0.00,0.10,17.40
S160,1487065602,0.00,0.00,0.00,0.00,0.10,17.40
S160,1487065901,0.00,0.00,0.00,0.00,0.10,17.40
S160,1487066200,0.00,0.00,0.00,0.00,0.10,17.40
S160,1487066499,0.00,0.00,0.00,0.00,0.10,17.40
S160,1487066798,0.00,0.00,0.00,0.00,0.10,17.40
S160,1487067097,0.00,0.00,0.00,0.00,0.10,17.40
S160,1487067396,0.00,0.00,0.00,0.00,0.10,17.40
S160,1487067695,0.00,0.00,0.00,0.00,0.10,17.40
S160,1487067994,0.00,0.00,0.00,0.00,0.10,17.40
S160,1487068293,0.00,0.00,0.00,0.00,0.10,17.40
S160,1487068592,0.00,0.00,0.00,0.00,0.10,17.40
S160,1487068891,0.00,0.00,0.00,0.00,0.10,17.40
S160,1487069190,0.00,0.00,0.00,0.00,0.10,17.40
S160,1487069489,0.00,0.00,0.00,0.00,0.10,17.40
S160,1487069788,0.00,0.00,0.00,0.00,0.10,17.40
S160,1487070087,0.00,0.00,0.00,0.00,0.10,17.40
S160,1487070386,0.00,0.00,0.00,0.00,0.10,17.40
S160,1487070685,0.00,0.00,0.00,0.00,0.10,17.40
S160,1487070984,0.00,0.00,0.00,0.00,0.10,17.40
S160,1487071283,0.00,0.00,0.00,0.00,0.10,17.40
S160,1487071582,0.00,0.00,0.00,0.00,0.10,17.40
S160,1487071881,0.00,0.00,0.00,0.00,0.10,17.40
S160,1487072180,0.00,0.00,0.00,0.00,0.10,17.40
S160,1487072479,0.00,0.00,0.00,0.00,0.10,17.40
S160,1487072778,0.00,0.00,0.00,0.00,0.10,17.40
S160,1487073077,0.00,0.00,0.00,0.00,0.10,17.40
S160,1487073376,0.00,0.00,0.00,0.00,0.10,17.40
S160,1487073675,0.00,0.00,0.00,0.00,0.10,17.40
S160,1487073974,0.00,0.00,0.00,0.00,0.10,17.40
S160,1487074273,0.00,0.00,0.00,0.00,0.10,17.40
S160,1487074572,0.00,0.00,0.00,0.00,0.10,17.40
S160,1487074871,0.00,0.00,0.00,0.00,0.10,17.40
S160,1487075170,0.00,0.00,0.00,0.00,0.10,17.40
S160,1487075469,0.00,0.00,0.00,0.00,0.10,17.40
S160,1487075768,0.00,0.00,0.00,0.00,0.10,17.40
S160,1487076067,0.00,0.00,0.00,0.00,0.10,17.40
S160,1487076366,0.00,0.00,0.00,0.00,0.10,17.40
S160,1487076665,0.00,0.00,0.00,0.00,0.10,17.40
S160,1487076964,0.00,0.00,0.00,0.00,0.10,17.40
S160,1487077263,0.00,0.00,0.00,0.00,0.10,17.40
S160,1487077562,0.00,0.00,0.00,0.00,0.10,17.40
S160,1487077861,0.00,0.00,0.00,0.00,0.10,17.40
S160,1487078160,0.00,0.00,0.00,0.00,0.10,17.40
S160,1487078459,0.00,0.00,0.00,0.00,0.10,17.40
S160,1487078758,0.00,0.00,0.00,0.00,0.10,17.40
S160,1487079057,0.00,0.00,0.00,0.00,0.10,17.40
S160,1487079356,0.00,0.00,0.00,0.00,0.10,17.40
S160,1487079655,0.00,0.00,0.00,0.00,0.10,17.40
S160,1487079954,0.00,0.00,0.00,0.00,0.10,17.40
S160,1487080253,0.00,0.00,0.00,0.00,0.10,17.40
S160,1487080552,0.00,0.00,0.00,0.00,0.10,17.40
S160,1487080851,0.00,0.00,0.00,0.00,0.10,17.40
S160,1487081150,0.00,0.00,0.00,0.00,0.10,17.40
S160,1487081449,0.00,0.00,0.00,0.00,0.10,17.40
S160,1487081748,0.00,0.00,0.00,0.00,0.10,17.40
S160,1487082047,0.00,0.00,0.00,0.00,0.10,17.40
S160,1487082346,0.00,0.00,0.00,0.00,0.10,17.40
S160,1487082645,0.00,0.00,0.00,0.00,0.10,17.40
S160,1487082944,0.00,0.00,0.00,0.00,0.10,17.40
S160,1487083243,0.00,0.00,0.00,0.00,0.10,17.40
S160,1487083542,0.00,0.00,0.00,0.00,0.10,17.40
S160,1487083841,0.00,0.00,0.00,0.00,0.10,17.40
S160,1487084140,0.00,0.00,0.00,0.00,0.10,17.40
S160,1487084439,0.00,0.00,0.00,0.00,0.10,17.40
S160,1487084738,0.00,0.00,0.00,0.00,0.10,17.40
S160,1487085037,0.00,0.00,0.00,0.00,0.10,17.40
S160,1487085336,0.00,0.00,0.00,0.00,0.10,17.40
S160,1487085635,0.00,0.00,0.00,0.00,0.10,17.40
S160,1487085934,0.00,0.00,0.00,0.00,0.10,17.40
S160,1487086233,0.00,0.00,0.00,0.00,0.10,17.40
S160,1487086532,0.00,0.00,0.00,0.00,0.10,17.40
S160,1487086831,0.00,0.00,0.00,0.00,0.10,17.40
S160,1487087130,0.00,0.00,0.00,0.00,0.10,17.40
S160,1487087429,0.00,0.00,0.00,0.00,0.10,17.40
S160,1487087728,0.00,0.00,0.00,0.00,0.10,17.40
S160,1487088027,0.00,0.00,0.00,0.00,0.10,17.40
S160,1487088326,0.00,0.00,0.00,0.00,0.10,17.40
S160,1487088625,0.00,0.00,0.00,0.00,0.10,17.40
S160,1487088924,0.00,0.00,0.00,0.00,0.10,17.40
S160,1487089223,0.00,0.00,0.00,0.00,0.10,17.40
S160,1487089522,0.00,0.00,0.00,0.00,0.10,17.40
S160,1487089821,0.00,0.00,0.00,0.00,0.10,17.40
S160,1487090120,0.00,0.00,0.00,0.00,0.10,17.40
S160,1487090419,0.00,0.00,0.00,0.00,0.10,17.40
S160,1487090718,0.00,0.00,0.00,0.00,0.10,17.40
S160,1487091017,0.00,0.00,0.00,0.00,0.10,17.40
S160,1487091316,0.00,0.00,0.00,0.00,0.10,17.40
S160,1487091615,0.00,0.00,0.00,0.00,0.10,17.40
S160,1487091914,0.00,0.00,0.00,0.00,0.10,17.40
S160,1487092213,0.00,0.00,0.00,0.00,0.10,17.40
S160,1487092512,0.00,0.00,0.00,0.00,0.10,17.40
S160,1487092811,0.00,0.00,0.00,0.00,0.10,17.40
S160,1487093110,0.00,0.00,0.00,0.00,0.10,17.40
S160,1487093409,0.00,0.00,0.00,0.00,0.10,17.40
S160,1487093708,0.00,0.00,0.00,0.00,0.10,17.40
S160,1487094007,0.00,0.00,0.00,0.00,0.10,17.40
S160,1487094306,0.00,0.00,0.00,0.00,0.10,17.40
S160,1487094605,0.00,0.00,0.00,0.00,0.10,17.40
S160,1487094904,0.00,0.00,0.00,0.00,0.10,17.40
S160,1487095203,0.00,0.00,0.00,0.00,0.10,17.40
S160,1487095502,0.00,0.00,0.00,0.00,0.10,17.40
S160,1487095801,0.00,0.00,0.00,0.00,0.10,17.40
S160,1487096100,0.00,0.00,0.00,0.00,0.10,17.40
S160,1487096399,0.00,0.00,0.00,0.00,0.10,17.40
S160,1487096698,0.00,0.00,0.00,0.00,0.10,17.40
S160,1487096997,0.00,0.00,0.00,0.00,0.10,17.40
S160,1487097296,0.00,0.00,0.00,0.00,0.10,17.40
S160,1487097595,0.00,0.00,0.00,0.00,0.10,17.40
S160,1487097894,0.00,0.00,0.00,0.00,0.10,17.40
S160,1487098193,0.00,0.00,0.00,0.00,0.10,17.40
S160,1487098492,0.00,0.00,0.00,0.00,0.10,17.40
S160,1487098791,0.00,0.00,0.00,0.00,0.10,17.40
S160,1487099090,0.00,0.00,0.00,0.00,0.10,17.40
S160,1487099389,0.00,0.00,0.00,0.00,0.10,17.40
S160,1487099688,0.00,0.00,0.00,0.00,0.10,17.40
S160,1487099987,0.00,0.00,0.00,0.00,0.10,17.40
S160,1487100286,0.00,0.00,0.00,0.00,0.10,17.40
S160,1487100585,0.00,0.00,0.00,0.00,0.10,17.40
S160,1487100884,0.00,0.00,0.00,0.00,0.10,17.40
S160,1487101183,0.00,0.00,0.00,0.00,0.10,17.40
S160,1487101482,0.00,0.00,0.00,0.00,0.10,17.40
S160,1487101781,0.00,0.00,0.00,0.00,0.10,17.40
S160,1487102080,0.00,0.00,0.00,0.00,0.10,17.40
S160,1487102379,0.00,0.00,0.00,0.00,0.10,17.40
S160,1487102678,0.00,0.00,0.00,0.00,0.10,17.40
S160,1487102977,0.00,0.00,0.00,0.00,0.10,17.40
S160,1487103277,0.00,0.00,0.00,0.00,0.10,17.40
S160,1487103576,0.00,0.00,0.00,0.00,0.10,17.40
S160,1487103875,0.00,0.00,0.00,0.00,0.10,17.40
S160,1487104174,0.00,0.00,0.00,0.00,0.10,17.40
S160,1487104473,0.00,0.00,0.00,0.00,0.10,17.40
S160,1487104772,0.00,0.00,0.00,0.00,0.10,17.40
S160,1487105071,0.00,0.00,0.00,0.00,0.10,17.40
S160,1487105370,0.00,0.00,0.00,0.00,0.10,17.40
S160,1487105669,0.00,0.00,0.00,0.00,0.10,17.40
S160,1487105968,0.00,0.00,0.00,0.00,0.10,17.40
S160,1487106267,0.00,0.00,0.00,0.00,0.10,17.40
S160,1487106566,0.00,0.00,0.00,0.00,0.10,17.40
S160,1487106865,0.00,0.00,0.00,0.00,0.10,17.40
S160,1487107164,0.00,0.00,0.00,0.00,0.10,17.40
S160,1487107463,0.00,0.00,0.00,0.00,0.10,17.40
S160,1487107762,0.00,0.00,0.00,0.00,0.10,17.40
S160,1487108061,0.00,0.00,0.00,0.00,0.10,17.40
S160,1487108360,0.00,0.00,0.00,0.00,0.10,17.40
S160,1487108659,0.00,0.00,0.00,0.00,0.10,17.40
S160,1487108958,0.00,0.00,0.00,0.00,0.10,17.40
S160,1487109257,0.00,0.00,0.00,0.00,0.10,17.40
S160,1487109556,0.00,0.00,0.00,0.00,0.10,17.40
S160,1487109855,0.00,0.00,0.00,0.00,0.10,17.40
S160,1487110154,0.00,0.00,0.00,0.00,0.10,17.40
S160,1487110453,0.00,0.00,0.00,0.00,0.10,17.40
S160,1487110752,0.00,0.00,0.00,0.00,0.10,17.40
S160,1487111051,0.00,0.00,0.00,0.00,0.10,17.40
S160,1487111350,0.00,0.00,0.00,0.00,0.10,17.40
S160,1487111649,0.00,0.00,0.00,0.00,0.10,17.40
S160,1487111948,0.00,0.00,0.00,0.00,0.10,17.40
S160,1487112247,0.00,0.00,0.00,0.00,0.10,17.40
S160,1487112546,0.00,0.00,0.00,0.00,0.10,17.40
S160,1487112845,0.00,0.00,0.00,0.00,0.10,17.40
S160,1487113144,0.00,0.00,0.00,0.00,0.10,17.40
S160,1487113443,0.00,0.00,0.00,0.00,0.10,17.40
S160,1487113742,0.00,0.00,0.00,0.00,0.10,17.40
S160,1487114041,0.00,0.00,0.00,0.00,0.10,17.40
S160,1487114340,0.00,0.00,0.00,0.00,0.10,17.40
S160,1487114639,0.00,0.00,0.00,0.00,0.10,17.40
S160,1487114938,0.00,0.00,0.00,0.00,0.10,17.40
S160,1487115237,0.00,0.00,0.00,0.00,0.10,17.40
S160,1487115536,0.00,0.00,0.00,0.00,0.10,17.40
S160,1487115835,0.00,0.00,0.00,0.00,0.10,17.40
S160,1487116134,0.00,0.00,0.00,0.00,0.10,17.40
S160,1487116433,0.00,0.00,0.00,0.00,0.10,17.40
S160,1487116732,0.00,0.00,0.00,0.00,0.10,17.40
S160,1487117031,0.00,0.00,0.00,0.00,0.10,17.40
S160,1487117330,0.00,0.00,0.00,0.00,0.10,17.40
S160,1487117629,0.00,0.00,0.00,0.00,0.10,17.40
S160,1487117928,0.00,0.00,0.00,0.00,0.10,17.40
S160,1487118227,0.00,0.00,0.00,0.00,0.10,17.40
S160,1487118526,0.00,0.00,0.00,0.00,0.10,17.40
S160,1487118825,0.00,0.00,0.00,0.00,0.10,17.40
S160,1487119124,0.00,0.00,0.00,0.00,0.10,17.40
S160,1487119423,0.00,0.00,0.00,0.00,0.10,17.40
S160,1487119722,0.00,0.00,0.00,0.00,0.10,17.40
S160,1487120021,0.00,0.00,0.00,0.00,0.10,17.40
S160,1487120320,0.00,0.00,0.00,0.00,0.10,17.40
S160,1487120619,0.00,0.00,0.00,0.00,0.10,17.40
S160,1487120918,0.00,0.00,0.00,0.00,0.10,17.40
S160,1487121217,0.00,0.00,0.00,0.00,0.10,17.40
S160,1487121516,0.00,0.00,0.00,0.00,0.10,17.40
S160,1487121815,0.00,0.00,0.00,0.00,0.10,17.40
S160,1487122114,0.00,0.00,0.00,0.00,0.10,17.40
S160,1487122413,0.00,0.00,0.00,0.00,0.10,17.40
S160,1487122712,0.00,0.00,0.00,0.00,0.10,17.40
S160,1487123011,0.00,0.00,0.00,0.00,0.10,17.40
S160,1487123310,0.00,0.00,0.00,0.00,0.10,17.40
S160,1487123609,0.00,0.00,0.00,0.00,0.10,17.40
S160,1487123908,0.00,0.00,0.00,0.00,0.10,17.40
S160,1487124207,0.00,0.00,0.00,0.00,0.10,17.40
S160,1487124506,0.00,0.00,0.00,0.00,0.10,17.40
S160,1487124805,0.00,0.00,0.00,0.00,0.10,17.40
S160,1487125104,0.00,0.00,0.00,0.00,0.10,17.40
S160,1487125403,0.00,0.00,0.00,0.00,0.10,17.40
S160,1487125702,0.00,0.00,0.00,0.00,0.10,17.40
S160,1487126001,0.00,0.00,0.00,0.00,0.10,17.40
S160,1487126300,0.00,0.00,0.00,0.00,0.10,17.40
S160,1487126599,0.00,0.00,0.00,0.00,0.10,17.40
S160,1487126898,0.00,0.00,0.00,0.00,0.10,17.40
S160,1487127197,0.00,0.00,0.00,0.00,0.10,17.40
S160,1487127496,0.00,0.00,0.00,0.00,0.10,17.40
S160,1487127795,0.00,0.00,0.00,0.00,0.10,17.40
S160,1487128094,0.00,0.00,0.00,0.00,0.10,17.40
S160,1487128393,0.00,0.00,0.00,0.00,0.10,17.40
S160,1487128692,0.00,0.00,0.00,0.00,0.10,17.40
S160,1487128991,0.00,0.00,0.00,0.00,0.10,17.40
S160,1487129290,0.00,0.00,0.00,0.00,0.10,17.40
S160,1487129589,0.00,0.00,0.00,0.00,0.10,17.40
S160,1487129888,0.00,0.00,0.00,0.00,0.10,17.40
S160,1487130187,0.00,0.00,0.00,0.00,0.10,17.40
S160,1487130486,0.00,0.00,0.00,0.00,0.10,17.40
S160,1487130785,0.00,0.00,0.00,0.00,0.10,17.40
S160,1487131084,0.00,0.00,0.00,0.00,0.10,17.40
S160,1487131383,0.00,0.00,0.00,0.00,0.10,17.40
S160,1487131682,0.00,0.00,0.00,0.00,0.10,17.40
S160,1487131981,0.00,0.00,0.00,0.00,0.10,17.40
S160,1487132280,0.00,0.00,0.00,0.00,0.10,17.40
S160,1487132579,0.00,0.00,0.00,0.00,0.10,17.40
S160,1487132878,0.00,0.00,0.00,0.00,0.10,17.40
S160,1487133177,0.00,0.00,0.00,0.00,0.10,17.40
S160,1487133476,0.00,0.00,0.00,0.00,0.10,17.40
S160,1487133775,0.00,0.00,0.00,0.00,0.10,17.40
S160,1487134074,0.00,0.00,0.00,0.00,0.10,17.40
S160,1487134373,0.00,0.00,0.00,0.00,0.10,17.40
S160,1487134672,0.00,0.00,0.00,0.00,0.10,17.40
S160,1487134971,0.00,0.00,0.00,0.00,0.10,17.40
S160,1487135270,0.00,0.00,0.00,0.00,0.10,17.40
S160,1487135569,0.00,0.00,0.00,0.00,0.10,17.40
S160,1487135868,0.00,0.00,0.00,0.00,0.10,17.40
S160,1487136167,0.00,0.00,0.00,0.00,0.10,17.40
S160,1487136466,0.00,0.00,0.00,0.00,0.10,17.40
S160,1487136765,0.00,0.00,0.00,0.00,0.10,17.40
S160,1487137064,0.00,0.00,0.00,0.00,0.10,17.40
S160,1487137363,0.00,0.00,0.00,0.00,0.10,17.40
S160,1487137662,0.00,0.00,0.00,0.00,0.10,17.40
S160,1487137961,0.00,0.00,0.00,0.00,0.10,17.40
S160,1487138260,0.00,0.00,0.00,0.00,0.10,17.40
S160,1487138559,0.00,0.00,0.00,0.00,0.10,17.40
S160,1487138858,0.00,0.00,0.00,0.00,0.10,17.40
S160,1487139157,0.00,0.00,0.00,0.00,0.10,17.40
S160,1487139456,0.00,0.00,0.00,0.00,0.10,17.40
S160,1487139755,0.00,0.00,0.00,0.00,0.10,17.40
S160,1487140054,0.00,0.00,0.00,0.00,0.10,17.40
S160,1487140353,0.00,0.00,0.00,0.00,0.10,17.40
S160,1487140652,0.00,0.00,0.00,0.00,0.10,17.40
S160,1487140951,0.00,0.00,0.00,0.00,0.10,17.40
S160,1487141250,0.00,0.00,0.00,0.00,0.10,17.40
S160,1487141550,0.00,0.00,0.00,0.00,0.10,17.40
S160,1487141849,0.00,0.00,0.00,0.00,0.10,17.40
S160,1487142148,0.00,0.00,0.00,0.00,0.10,17.40
S160,1487142447,0.00,0.00,0.00,0.00,0.10,17.40
S160,1487142746,0.00,0.00,0.00,0.00,0.10,17.40
S160,1487143045,0.00,0.00,0.00,0.00,0.10,17.40
S160,1487143344,0.00,0.00,0.00,0.00,0.10,17.40
S160,1487143643,0.00,0.00,0.00,0.00,0.10,17.40
S160,1487143942,0.00,0.00,0.00,0.00,0.10,17.40
S160,1487144241,0.00,0.00,0.00,0.00,0.10,17.40
S160,1487144540,0.00,0.00,0.00,0.00,0.10,17.40
S160,1487144839,0.00,0.00,0.00,0.00,0.10,17.40
S160,1487145138,0.00,0.00,0.00,0.00,0.10,17.40
S160,1487145437,0.00,0.00,0.00,0.00,0.10,17.40
S160,1487145736,0.00,0.00,0.00,0.00,0.10,17.40
S160,1487146035,0.00,0.00,0.00,0.00,0.10,17.40
S160,1487146334,0.00,0.00,0.00,0.00,0.10,17.40
S160,1487146633,0.00,0.00,0.00,0.00,0.10,17.40
S160,1487146932,0.00,0.00,0.00,0.00,0.10,17.40
S160,1487147231,0.00,0.00,0.00,0.00,0.10,17.40
S160,1487147530,0.00,0.00,0.00,0.00,0.10,17.40
S160,1487147829,0.00,0.00,0.00,0.00,0.10,17.40
S160,1487148128,0.00,0.00,0.00,0.00,0.10,17.40
S160,1487148427,0.00,0.00,0.00,0.00,0.10,17.40
S160,1487148726,0.00,0.00,0.00,0.00,0.10,17.40
S160,1487149025,0.00,0.00,0.00,0.00,0.10,17.40
S160,1487149324,0.00,0.00,0.00,0.00,0.10,17.40
S160,1487149623,0.00,0.00,0.00,0.00,0.10,17.40
S160,1487149922,0.00,0.00,0.00,0.00,0.10,17.40
S160,1487150221,0.00,0.00,0.00,0.00,0.10,17.40
S160,1487150520,0.00,0.00,0.00,0.00,0.10,17.40
S160,1487150819,0.00,0.00,0.00,0.00,0.10,17.40
S160,1487151118,0.00,0.00,0.00,0.00,0.10,17.40
S160,1487151417,0.00,0.00,0.00,0.00,0.10,17.40
S160,1487151716,0.00,0.00,0.00,0.00,0.10,17.40
S160,1487152015,0.00,0.00,0.00,0.00,0.10,17.40
S160,1487152314,0.00,0.00,0.00,0.00,0.10,17.40
S160,1487152613,0.00,0.00,0.00,0.00,0.10,17.40
S160,1487152912,0.00,0.00,0.00,0.00,0.10,17.40
S160,1487153211,0.00,0.00,0.00,0.00,0.10,17.40
S160,1487153510,0.00,0.00,0.00,0.00,0.10,17.40
S160,1487153809,0.00,0.00,0.00,0.00,0.10,17.40
S160,1487154108,0.00,0.00,0.00,0.00,0.10,17.40
S160,1487154407,0.00,0.00,0.00,0.00,0.10,17.40
S160,1487154706,0.00,0.00,0.00,0.00,0.10,17.40
S160,1487155005,0.00,0.00,0.00,0.00,0.10,17.40
S160,1487155304,0.00,0.00,0.00,0.00,0.10,17.40
S160,1487155603,0.00,0.00,0.00,0.00,0.10,17.40
S160,1487155902,0.00,0.00,0.00,0.00,0.10,17.40
S160,1487156201,0.00,0.00,0.00,0.00,0.10,17.40
S160,1487156500,0.00,0.00,0.00,0.00,0.10,17.40
S160,1487156799,0.00,0.00,0.00,0.00,0.10,17.40
S160,1487157098,0.00,0.00,0.00,0.00,0.10,17.40
S160,1487157397,0.00,0.00,0.00,0.00,0.10,17.40
S160,1487157696,0.00,0.00,0.00,0.00,0.10,17.40
S160,1487157995,0.00,0.00,0.00,0.00,0.10,17.40
S160,1487158294,0.00,0.00,0.00,0.00,0.10,17.40
S160,1487158593,0.00,0.00,0.00,0.00,0.10,17.40
S160,1487158892,0.00,0.00,0.00,0.00,0.10,17.40
S160,1487159191,0.00,0.00,0.00,0.00,0.10,17.40
S160,1487159490,0.00,0.00,0.00,0.00,0.10,17.40
S160,1487159789,0.00,0.00,0.00,0.00,0.10,17.40
