Device,Time,DHT1-OUT Temp,DHT1-OUT Hum,DHT2-IN Temp,DHT2-IN Hum,Soil,Infrared
S131,1486911899,21.60,6.50,21.60,6.40,18.30,17.50
S131,1486912198,21.60,6.80,21.40,6.10,18.30,17.50
S131,1486912497,21.60,6.50,21.40,6.40,18.30,17.50
S131,1486912796,21.60,7.00,21.30,6.70,18.30,17.50
S131,1486913095,21.60,6.70,21.30,6.30,18.30,17.50
S131,1486913394,21.60,7.00,21.30,6.20,18.30,17.50
S131,1486913693,21.60,6.50,21.30,6.50,18.30,17.50
S131,1486913992,21.50,6.60,21.30,6.50,18.30,17.50
S131,1486914291,21.50,7.00,21.40,6.40,18.30,17.50
S131,1486914590,21.50,7.10,21.40,6.20,18.30,17.50
S131,1486914889,21.50,7.10,21.40,6.10,18.30,17.50
S131,1486915188,21.50,7.30,21.40,6.10,18.30,17.50
S131,1486915487,21.50,7.10,21.30,6.30,18.30,17.50
S131,1486915786,21.50,7.10,21.30,6.00,18.30,17.50
S131,1486916085,21.50,7.00,21.20,6.10,18.30,17.50
S131,1486916385,21.50,6.80,21.20,6.30,18.30,17.50
S131,1486916684,21.50,7.00,21.10,6.10,18.30,17.50
S131,1486916983,21.50,6.70,21.10,6.10,18.30,17.50
S131,1486917282,21.50,7.20,21.10,6.10,18.30,17.50
S131,1486917581,21.50,6.80,21.20,6.30,18.30,17.50
S131,1486917880,21.50,7.00,21.10,6.10,18.30,17.50
S131,1486918180,21.40,6.90,21.10,5.80,18.30,17.50
S131,1486918479,21.40,6.60,21.00,5.70,18.30,17.50
S131,1486918779,21.40,6.50,21.00,5.90,18.30,17.50
S131,1486919078,21.40,6.40,21.00,6.10,18.30,17.50
S131,1486919377,21.40,6.50,21.10,6.10,18.30,17.50
S131,1486919676,21.40,7.00,21.20,6.00,18.30,17.50
S131,1486919976,21.40,6.90,21.20,5.80,18.30,17.50
S131,1486920275,21.40,6.60,21.10,5.50,18.30,17.50
S131,1486920574,21.40,6.70,21.10,5.70,18.30,17.50
S131,1486920873,21.30,6.50,21.00,5.50,18.30,17.50
S131,1486921173,21.30,6.90,21.10,5.80,18.30,17.50
S131,1486921472,21.30,6.80,21.20,6.00,18.30,17.50
S131,1486921771,21.30,7.10,21.20,6.00,18.30,17.50
S131,1486922070,21.40,7.20,21.20,5.90,18.30,17.50
S131,1486922370,21.30,6.70,21.20,5.90,18.30,17.50
S131,1486922669,21.30,6.80,21.10,5.60,18.30,17.50
S131,1486922969,21.30,6.50,21.00,5.50,18.30,17.50
S131,1486923268,21.30,6.60,21.00,5.70,18.30,17.50
S131,1486923567,21.30,6.90,21.10,5.80,18.30,17.50
S131,1486923867,21.30,7.20,21.10,6.00,18.30,17.50
S131,1486924166,21.30,7.10,21.10,5.90,18.30,17.50
S131,1486924465,21.30,7.10,21.10,5.80,18.30,17.50
S131,1486924764,21.30,6.80,21.00,5.50,18.30,17.50
S131,1486925063,21.30,6.60,21.00,5.50,18.30,17.50
S131,1486925362,21.30,6.80,21.00,5.80,18.30,17.50
S131,1486925661,21.30,6.80,21.10,5.80,18.30,17.50
S131,1486925961,21.30,7.00,21.10,5.90,18.30,17.50
S131,1486926260,21.30,6.60,21.10,5.80,18.30,17.50
S131,1486926559,21.30,6.80,21.10,5.70,18.30,17.50
S131,1486926858,21.30,6.40,21.00,6.00,18.30,17.50
S131,1486927157,21.30,6.70,21.00,5.50,18.30,17.50
S131,1486927456,21.30,6.80,21.00,5.70,18.30,17.50
S131,1486927755,21.30,6.80,21.10,5.60,18.30,17.50
S131,1486928054,21.30,7.10,21.10,5.80,18.30,17.50
S131,1486928353,21.30,6.40,21.10,5.70,18.30,17.50
S131,1486928652,21.30,6.50,21.10,5.40,18.30,17.50
S131,1486928951,21.30,6.70,21.00,5.30,18.30,17.50
S131,1486929250,21.30,6.50,21.00,5.80,18.30,17.50
S131,1486929549,21.30,6.80,21.10,5.80,18.30,17.50
S131,1486929848,21.20,6.90,21.10,5.70,18.30,17.50
S131,1486930147,21.20,6.40,21.10,5.70,18.30,17.50
S131,1486930446,21.30,7.10,21.20,5.80,18.30,17.50
S131,1486930745,21.30,6.80,21.10,5.60,18.30,17.50
S131,1486931044,21.20,6.60,21.00,5.40,18.30,17.50
S131,1486931343,21.20,6.70,21.00,5.50,18.30,17.50
S131,1486931642,21.20,6.80,21.00,5.50,18.30,17.50
S131,1486931941,21.20,7.10,21.10,5.70,18.30,17.50
S131,1486932240,21.20,7.30,21.10,5.90,18.30,17.50
S131,1486932539,21.30,7.10,21.10,5.70,18.30,17.50
S131,1486932838,21.20,6.70,21.10,5.70,18.30,17.50
S131,1486933137,21.20,6.60,21.00,5.30,18.30,17.50
S131,1486933436,21.20,6.50,20.90,5.40,18.30,17.50
S131,1486933735,21.20,6.70,21.00,5.60,18.30,17.50
S131,1486934034,21.20,7.00,20.90,5.70,18.30,17.50
S131,1486934333,21.20,7.20,21.00,5.90,18.30,17.50
S131,1486934632,21.20,7.00,20.90,5.60,18.30,17.50
S131,1486934931,21.20,6.70,20.70,5.40,18.30,17.50
S131,1486935230,21.10,6.60,20.60,5.50,18.30,17.50
S131,1486935529,21.10,6.60,20.40,5.60,18.30,17.50
S131,1486935828,21.10,6.70,20.30,5.50,18.30,17.50
S131,1486936127,21.00,6.50,20.30,5.60,18.30,17.50
S131,1486936426,21.00,6.70,20.10,5.80,18.30,17.50
S131,1486936725,20.90,6.50,20.10,5.90,18.30,17.50
S131,1486937024,20.90,6.80,20.00,6.00,18.30,17.50
S131,1486937323,20.80,6.40,19.90,6.10,18.30,17.50
S131,1486937622,20.80,6.60,19.90,6.10,18.30,17.50
S131,1486937921,20.70,6.40,19.90,6.30,18.30,17.50
S131,1486938220,20.70,6.70,19.90,6.50,18.30,17.50
S131,1486938519,20.70,6.70,19.90,6.60,18.30,17.50
S131,1486938818,20.60,7.00,19.90,6.60,18.30,17.50
S131,1486939117,20.60,7.00,19.90,7.30,18.30,17.50
S131,1486939416,20.60,6.90,19.90,6.70,18.30,17.50
S131,1486939715,20.60,7.10,19.90,6.70,18.30,17.50
S131,1486940014,20.50,6.80,19.80,6.60,18.30,17.50
S131,1486940313,20.50,7.20,19.80,6.80,18.30,17.50
S131,1486940612,20.50,7.40,19.80,6.80,18.30,17.50
S131,1486940911,20.40,7.10,19.80,6.80,18.30,17.50
S131,1486941210,20.40,7.10,19.80,7.00,18.30,17.50
S131,1486941509,20.40,7.40,19.70,7.00,18.30,17.50
S131,1486941808,20.40,7.50,19.70,7.10,18.30,17.50
S131,1486942107,20.40,7.50,19.70,7.30,18.30,17.50
S131,1486942406,20.40,7.60,19.60,7.30,18.30,17.50
S131,1486942705,20.30,7.60,19.60,7.30,18.30,17.50
S131,1486943004,20.30,7.30,19.60,7.40,18.30,17.50
S131,1486943303,20.30,7.40,19.60,7.40,18.30,17.50
S131,1486943602,20.20,7.60,19.50,7.40,18.30,17.50
S131,1486943901,20.20,7.70,19.50,7.40,18.30,17.50
S131,1486944200,20.20,7.70,19.50,7.50,18.30,17.50
S131,1486944499,20.20,7.80,19.40,7.50,18.30,17.50
S131,1486944798,20.10,7.70,19.40,7.60,18.30,17.50
S131,1486945097,20.10,7.80,19.30,7.60,18.30,17.50
S131,1486945396,20.10,7.50,19.20,7.60,18.30,17.50
S131,1486945695,20.00,7.50,19.20,7.70,18.30,17.50
S131,1486945994,20.00,7.30,19.20,7.70,18.30,17.50
S131,1486946293,20.00,7.60,19.10,7.80,18.30,17.50
S131,1486946592,19.90,7.50,19.10,7.80,18.30,17.50
S131,1486946891,19.90,8.00,19.00,7.80,18.30,17.50
S131,1486947190,19.80,8.00,19.00,7.90,18.30,17.50
S131,1486947489,19.80,7.80,19.00,7.90,18.30,17.50
S131,1486947788,19.70,7.80,18.90,7.80,18.30,17.60
S131,1486948087,19.70,7.70,18.90,7.80,18.30,17.50
S131,1486948386,19.70,7.90,18.90,8.00,18.30,17.50
S131,1486948685,19.60,7.80,18.80,7.80,18.30,17.60
S131,1486948984,19.60,8.10,18.80,7.90,18.30,17.50
S131,1486949283,19.60,8.00,18.80,7.80,18.30,17.50
S131,1486949582,19.50,7.80,18.80,7.80,18.30,17.50
S131,1486949881,19.50,7.80,18.80,7.90,18.30,17.50
S131,1486950181,19.50,8.00,18.70,7.90,18.30,17.50
S131,1486950480,19.40,8.00,18.70,7.90,18.30,17.50
S131,1486950779,19.40,7.90,18.60,7.90,18.30,17.60
S131,1486951078,19.40,7.90,18.70,8.10,18.30,17.50
S131,1486951377,19.40,8.00,18.60,8.10,18.30,17.60
S131,1486951676,19.30,8.00,18.60,8.30,18.30,17.50
S131,1486951975,19.30,8.20,18.60,8.40,18.30,17.50
S131,1486952274,19.30,8.20,18.50,8.30,18.30,17.50
S131,1486952573,19.30,8.20,18.50,8.30,18.30,17.50
S131,1486952872,19.20,8.10,18.50,8.30,18.30,17.60
S131,1486953171,19.20,8.20,18.50,8.20,18.30,17.60
S131,1486953470,19.20,8.20,18.40,8.20,18.30,17.60
S131,1486953769,19.10,8.10,18.40,8.20,18.30,17.60
S131,1486954068,19.10,8.10,18.40,8.30,18.30,17.60
S131,1486954367,19.10,8.10,18.40,8.30,18.30,17.60
S131,1486954666,19.10,8.10,18.40,8.20,18.30,17.60
S131,1486954965,19.00,8.00,18.40,8.20,18.30,17.60
S131,1486955264,19.00,8.00,18.30,8.00,18.30,17.60
S131,1486955563,19.00,8.00,18.30,8.10,18.30,17.60
S131,1486955862,19.00,8.00,18.30,8.20,18.30,17.60
S131,1486956161,19.00,8.30,18.30,8.30,18.30,17.60
S131,1486956460,18.90,8.10,18.30,8.30,18.30,17.60
S131,1486956759,18.90,7.90,18.30,8.30,18.20,17.50
S131,1486957058,18.90,8.10,18.30,8.20,18.30,17.60
S131,1486957357,18.90,8.10,18.20,8.10,18.30,17.60
S131,1486957656,18.80,8.20,18.20,8.10,18.30,17.60
S131,1486957955,18.80,8.00,18.20,8.10,18.20,17.50
S131,1486958254,18.80,8.00,18.20,8.10,18.30,17.60
S131,1486958553,18.80,8.10,18.20,8.20,18.30,17.60
S131,1486958852,18.80,8.00,18.20,8.30,18.30,17.60
S131,1486959151,18.70,8.20,18.20,8.20,18.20,17.50
S131,1486959450,18.70,8.10,18.20,8.20,18.30,17.60
S131,1486959749,18.70,8.10,18.20,8.10,18.20,17.50
S131,1486960048,18.70,8.50,18.30,8.20,18.30,17.60
S131,1486960347,18.70,8.50,18.30,8.10,18.20,17.50
S131,1486960646,18.70,8.40,18.30,7.90,18.30,17.60
S131,1486960945,18.70,8.10,18.30,7.90,18.30,17.60
S131,1486961244,18.70,8.20,18.30,7.70,18.30,17.60
S131,1486961543,18.80,7.90,18.30,7.70,18.30,17.60
S131,1486961842,18.70,7.80,18.20,7.60,18.30,17.60
S131,1486962141,18.70,7.80,18.20,7.70,18.20,17.50
S131,1486962440,18.70,7.80,18.10,7.70,18.30,17.60
S131,1486962739,18.70,7.80,18.10,7.60,18.20,17.50
S131,1486963038,18.70,7.80,18.10,7.60,18.20,17.50
S131,1486963337,18.70,8.20,18.10,7.60,18.20,17.50
S131,1486963636,18.60,8.30,18.20,7.90,18.30,17.60
S131,1486963935,18.70,8.60,18.30,8.10,18.20,17.50
S131,1486964234,18.60,8.60,18.40,8.20,18.30,17.60
S131,1486964533,18.70,8.80,18.50,8.20,18.30,17.60
S131,1486964832,18.70,8.80,18.60,8.20,18.20,17.50
S131,1486965131,18.70,8.80,18.60,8.20,18.30,17.60
S131,1486965430,18.70,8.80,18.70,8.20,18.30,17.60
S131,1486965729,18.70,8.90,18.70,8.20,18.30,17.60
S131,1486966028,18.80,9.00,18.80,8.20,18.30,17.60
S131,1486966327,18.80,9.00,18.90,8.20,18.30,17.60
S131,1486966626,18.80,9.00,18.90,8.20,18.30,17.60
S131,1486966925,18.90,9.00,18.90,8.20,18.30,17.50
S131,1486967224,18.90,9.00,19.00,8.20,18.30,17.60
S131,1486967523,18.90,9.00,19.00,8.10,18.30,17.60
S131,1486967822,19.00,9.00,19.00,8.10,18.30,17.50
S131,1486968121,19.00,9.00,19.10,8.20,18.30,17.60
S131,1486968420,19.00,9.00,19.20,8.20,18.30,17.60
S131,1486968719,19.10,9.00,19.20,8.20,18.30,17.50
S131,1486969018,19.10,9.00,19.20,8.10,18.30,17.50
S131,1486969317,19.10,9.10,19.20,8.20,18.30,17.50
S131,1486969616,19.10,9.00,19.30,8.20,18.30,17.50
S131,1486969915,19.20,9.10,19.30,8.10,18.30,17.60
S131,1486970214,19.20,9.00,19.30,7.90,18.30,17.50
S131,1486970513,19.20,9.00,19.40,8.10,18.30,17.50
S131,1486970812,19.20,9.00,19.40,8.10,18.30,17.50
S131,1486971111,19.30,9.00,19.40,8.00,18.30,17.50
S131,1486971410,19.30,9.00,19.40,7.80,18.30,17.50
S131,1486971709,19.30,9.00,19.50,7.90,18.30,17.50
S131,1486972008,19.40,9.00,19.50,7.70,18.30,17.50
S131,1486972307,19.40,9.00,19.50,7.80,18.30,17.50
S131,1486972606,19.40,9.00,19.50,7.80,18.30,17.50
S131,1486972905,19.40,8.90,19.50,7.70,18.30,17.50
S131,1486973204,19.50,8.90,19.50,7.70,18.30,17.50
S131,1486973503,19.50,8.90,19.60,7.80,18.30,17.50
S131,1486973802,19.50,8.90,19.60,7.70,18.30,17.50
S131,1486974101,19.50,8.90,19.60,7.70,18.30,17.50
S131,1486974400,19.50,8.90,19.70,7.60,18.30,17.50
S131,1486974699,19.60,8.90,19.70,7.50,18.30,17.50
S131,1486974998,19.60,8.90,19.70,7.70,18.30,17.50
S131,1486975297,19.60,8.90,19.70,7.60,18.30,17.50
S131,1486975596,19.70,8.80,19.80,7.60,18.30,17.50
S131,1486975895,19.70,8.70,19.80,7.70,18.30,17.50
S131,1486976194,19.70,8.60,19.80,7.60,18.30,17.50
S131,1486976493,19.70,8.80,19.90,7.70,18.30,17.50
S131,1486976792,19.70,8.60,20.00,7.60,18.30,17.50
S131,1486977091,19.80,8.60,20.10,7.80,18.30,17.50
S131,1486977390,19.80,8.70,20.20,7.70,18.30,17.50
S131,1486977689,19.90,8.70,20.20,7.70,18.30,17.50
S131,1486977988,19.90,8.70,20.20,7.50,18.30,17.50
S131,1486978287,20.00,8.80,20.30,7.60,18.30,17.50
S131,1486978586,20.00,8.80,20.30,7.50,18.30,17.50
S131,1486978885,20.10,8.80,20.30,7.40,18.30,17.50
S131,1486979184,20.10,8.80,20.30,7.30,18.30,17.50
S131,1486979483,20.10,8.70,20.30,7.40,18.30,17.50
S131,1486979782,20.20,8.80,20.40,7.40,18.30,17.50
S131,1486980081,20.20,8.90,20.40,7.50,18.30,17.50
S131,1486980380,20.20,8.90,20.40,7.20,18.30,17.50
S131,1486980679,20.20,8.90,20.50,7.20,18.30,17.50
S131,1486980978,20.30,8.70,20.50,7.20,18.30,17.50
S131,1486981277,20.30,8.80,20.50,7.10,18.30,17.50
S131,1486981576,20.40,8.80,20.50,7.30,18.30,17.50
S131,1486981875,20.30,8.70,20.60,7.20,18.30,17.50
S131,1486982174,20.40,8.10,20.60,7.20,18.30,17.50
S131,1486982473,20.40,8.20,20.60,7.20,18.30,17.50
S131,1486982772,20.50,8.50,20.70,7.50,18.30,17.50
S131,1486983071,20.50,8.30,20.70,7.40,18.30,17.50
S131,1486983370,20.60,8.20,20.70,7.40,18.30,17.50
S131,1486983669,20.60,8.20,20.70,7.40,18.30,17.50
S131,1486983968,20.60,7.70,20.70,7.30,18.30,17.50
S131,1486984267,20.60,7.90,20.80,7.30,18.30,17.50
S131,1486984566,20.70,8.20,20.80,7.30,18.30,17.50
S131,1486984865,20.70,8.30,20.80,7.30,18.30,17.50
S131,1486985164,20.70,8.20,20.80,7.30,18.30,17.50
S131,1486985463,20.80,8.20,20.80,7.40,18.30,17.50
S131,1486985762,20.80,8.00,20.90,7.40,18.30,17.50
S131,1486986061,20.80,8.30,20.90,7.40,18.30,17.50
S131,1486986360,20.80,8.40,20.90,7.40,18.30,17.50
S131,1486986659,20.80,8.30,20.90,7.40,18.30,17.50
S131,1486986958,20.90,8.40,20.90,7.20,18.30,17.50
S131,1486987257,20.90,8.30,20.90,7.20,18.30,17.50
S131,1486987556,20.90,7.50,20.90,7.10,18.30,17.50
S131,1486987855,20.90,7.70,20.90,7.20,18.30,17.50
S131,1486988154,20.90,8.10,20.90,6.90,18.30,17.50
S131,1486988454,20.90,8.00,20.90,7.00,18.30,17.50
S131,1486988753,20.90,7.80,20.90,6.90,18.30,17.50
S131,1486989052,20.90,7.70,20.90,7.00,18.30,17.50
S131,1486989351,20.90,8.00,20.90,7.00,18.30,17.50
S131,1486989650,21.00,8.10,20.90,7.40,18.30,17.50
S131,1486989949,21.00,8.10,20.90,7.30,18.30,17.50
S131,1486990248,21.00,8.00,21.00,7.20,18.30,17.50
S131,1486990547,21.00,8.20,21.00,7.30,18.30,17.50
S131,1486990846,21.00,8.30,21.00,7.30,18.30,17.50
S131,1486991145,21.00,8.10,21.00,6.90,18.30,17.50
S131,1486991444,21.00,7.50,21.00,6.50,18.30,17.50
S131,1486991743,21.00,7.50,20.90,6.40,18.30,17.50
S131,1486992042,21.00,7.50,20.90,6.60,18.30,17.50
S131,1486992341,21.00,7.10,20.90,6.40,18.30,17.50
S131,1486992640,21.00,7.50,21.00,6.70,18.30,17.50
S131,1486992939,21.00,7.00,21.00,6.70,18.30,17.50
S131,1486993238,21.00,7.50,21.00,6.50,18.30,17.50
S131,1486993537,21.00,7.70,21.10,6.60,18.30,17.50
S131,1486993836,21.10,7.80,21.10,6.40,18.30,17.50
S131,1486994135,21.10,7.40,21.00,6.10,18.30,17.50
S131,1486994434,21.10,7.10,21.00,6.20,18.30,17.50
S131,1486994733,21.10,6.90,20.90,6.20,18.30,17.50
S131,1486995032,21.10,7.30,21.00,6.50,18.30,17.50
S131,1486995331,21.10,7.40,21.00,6.50,18.30,17.50
S131,1486995630,21.10,7.50,21.00,6.50,18.30,17.50
S131,1486995929,21.10,7.40,21.00,6.30,18.30,17.50
S131,1486996228,21.10,7.50,21.00,6.40,18.30,17.50
S131,1486996527,21.10,7.40,21.00,6.40,18.30,17.50
S131,1486996826,21.10,7.30,21.00,6.20,18.30,17.50
S131,1486997125,21.10,6.70,21.00,6.20,18.30,17.50
S131,1486997424,21.10,7.10,21.00,6.00,18.30,17.50
S131,1486997723,21.10,6.70,21.10,6.00,18.30,17.50
S131,1486998022,21.10,6.70,21.10,6.00,18.30,17.50
S131,1486998321,21.10,6.60,21.10,5.90,18.30,17.50
S131,1486998620,21.10,6.70,21.10,5.90,18.30,17.50
S131,1486998919,21.10,6.60,21.10,6.00,18.30,17.50
S131,1486999218,21.10,6.50,21.10,5.80,18.30,17.50
S131,1486999517,21.10,6.70,21.10,5.70,18.30,17.50
S131,1486999816,21.10,6.90,21.10,5.90,18.30,17.50
S131,1487000115,21.10,5.70,21.10,5.90,18.30,17.50
S131,1487000414,21.10,6.10,21.10,5.70,18.30,17.50
S131,1487000713,21.10,6.00,21.00,5.40,18.30,17.50
S131,1487001012,21.20,6.20,21.00,5.60,18.30,17.50
S131,1487001311,21.20,6.40,21.00,5.50,18.30,17.50
S131,1487001610,21.10,6.50,21.10,5.70,18.30,17.50
S131,1487001909,21.10,6.70,21.00,5.70,18.30,17.50
S131,1487002208,21.20,6.90,21.10,5.90,18.30,17.50
S131,1487002507,21.20,6.80,21.10,5.70,18.30,17.50
S131,1487002806,21.20,6.40,21.10,5.70,18.30,17.50
S131,1487003105,21.20,5.90,21.00,5.60,18.30,17.50
S131,1487003404,21.10,5.30,21.00,6.00,18.30,17.50
S131,1487003703,21.10,6.10,20.90,5.80,18.30,17.50
S131,1487004002,21.10,6.30,21.00,5.80,18.30,17.50
S131,1487004301,21.10,6.50,21.00,5.80,18.30,17.50
S131,1487004600,21.10,6.80,21.10,6.00,18.30,17.50
S131,1487004899,21.10,6.30,21.10,5.90,18.30,17.50
S131,1487005198,21.10,6.60,21.10,6.00,18.30,17.50
S131,1487005497,21.10,6.60,21.10,5.80,18.30,17.50
S131,1487005796,21.10,5.80,21.10,5.60,18.30,17.50
S131,1487006095,21.20,6.30,21.00,5.90,18.30,17.50
S131,1487006394,21.20,6.50,21.10,5.70,18.30,17.50
S131,1487006693,21.10,6.60,21.10,5.70,18.30,17.50
S131,1487006992,21.10,6.80,21.10,5.80,18.30,17.50
S131,1487007291,21.20,6.60,21.10,5.70,18.30,17.50
S131,1487007590,21.20,6.50,21.10,5.70,18.30,17.50
S131,1487007889,21.20,6.10,21.10,5.70,18.30,17.50
S131,1487008188,21.20,6.20,21.00,5.80,18.30,17.50
S131,1487008487,21.20,6.60,21.00,5.80,18.30,17.50
S131,1487008786,21.20,6.70,21.10,6.10,18.30,17.50
S131,1487009085,21.20,6.70,21.10,5.90,18.30,17.50
S131,1487009384,21.20,6.60,21.00,5.80,18.30,17.50
S131,1487009683,21.10,6.10,21.00,6.00,18.30,17.50
S131,1487009982,21.20,6.50,21.00,5.90,18.30,17.50
S131,1487010281,21.20,6.80,21.00,5.90,18.30,17.50
S131,1487010580,21.10,6.80,21.00,5.90,18.30,17.50
S131,1487010879,21.10,6.50,21.00,5.90,18.30,17.50
S131,1487011178,21.10,6.00,21.00,5.70,18.30,17.50
S131,1487011477,21.10,6.40,20.90,5.70,18.30,17.50
S131,1487011776,21.10,6.10,20.90,5.80,18.30,17.50
S131,1487012075,21.10,6.60,21.00,5.80,18.30,17.50
S131,1487012374,21.10,6.70,21.00,5.70,18.30,17.50
S131,1487012673,21.10,6.40,21.00,5.70,18.30,17.50
S131,1487012972,21.10,6.30,21.00,5.60,18.30,17.50
S131,1487013271,21.10,6.20,20.90,5.50,18.30,17.50
S131,1487013570,21.10,6.30,20.90,5.50,18.30,17.50
S131,1487013869,21.10,6.60,21.00,5.80,18.30,17.50
S131,1487014168,21.10,6.70,21.00,5.60,18.30,17.50
S131,1487014467,21.10,6.70,21.10,5.80,18.30,17.50
S131,1487014766,21.10,6.50,21.10,5.70,18.30,17.50
S131,1487015065,21.10,6.20,21.10,5.60,18.30,17.50
S131,1487015364,21.10,5.80,21.00,5.40,18.30,17.50
S131,1487015663,21.10,6.20,21.10,5.60,18.30,17.50
S131,1487015962,21.10,6.10,21.10,5.60,18.30,17.50
S131,1487016261,21.10,6.40,21.10,5.50,18.30,17.50
S131,1487016560,21.10,6.40,21.10,5.70,18.30,17.50
S131,1487016859,21.10,6.20,21.10,5.50,18.30,17.50
S131,1487017158,21.20,6.20,21.10,5.40,18.30,17.50
S131,1487017457,21.20,6.10,21.10,5.50,18.30,17.50
S131,1487017756,21.10,6.20,21.10,5.50,18.30,17.50
S131,1487018055,21.20,6.30,21.20,5.60,18.30,17.50
S131,1487018354,21.20,6.40,21.10,5.50,18.30,17.50
S131,1487018653,21.10,6.60,21.10,5.70,18.30,17.50
S131,1487018952,21.10,6.00,21.10,5.50,18.30,17.50
S131,1487019251,21.20,6.00,21.10,5.30,18.30,17.50
S131,1487019550,21.10,5.70,21.00,5.30,18.30,17.50
S131,1487019849,21.20,6.00,21.00,5.30,18.30,17.50
S131,1487020148,21.20,6.20,21.00,5.40,18.30,17.50
S131,1487020447,21.20,6.40,21.00,5.40,18.30,17.50
S131,1487020746,21.20,6.00,21.00,5.10,18.30,17.50
S131,1487021045,21.20,5.20,20.90,4.90,18.30,17.50
S131,1487021344,21.10,5.20,20.70,5.00,18.30,17.50
S131,1487021643,21.10,5.20,20.60,4.90,18.30,17.50
S131,1487021942,21.10,5.20,20.50,4.90,18.30,17.50
S131,1487022241,21.00,5.10,20.40,4.90,18.30,17.50
S131,1487022540,21.00,5.10,20.30,5.00,18.30,17.50
S131,1487022839,21.00,5.30,20.20,5.00,18.30,17.50
S131,1487023138,20.90,5.70,20.10,4.90,18.30,17.50
S131,1487023437,20.80,5.70,20.10,5.00,18.30,17.50
S131,1487023736,20.80,5.60,19.90,5.00,18.30,17.50
S131,1487024035,20.70,5.20,19.90,5.10,18.30,17.50
S131,1487024334,20.70,5.10,19.80,5.00,18.30,17.50
S131,1487024633,20.60,5.30,19.80,5.10,18.30,17.50
S131,1487024932,20.50,5.60,19.70,5.10,18.30,17.50
S131,1487025231,20.50,5.90,19.60,5.20,18.30,17.50
S131,1487025530,20.40,5.90,19.50,5.40,18.30,17.50
S131,1487025829,20.40,5.90,19.50,5.50,18.30,17.50
S131,1487026128,20.30,6.10,19.50,5.60,18.30,17.50
S131,1487026427,20.30,6.20,19.40,5.70,18.30,17.50
S131,1487026727,20.20,6.20,19.40,5.80,18.30,17.50
S131,1487027026,20.20,6.20,19.30,5.80,18.30,17.50
S131,1487027325,20.10,6.30,19.30,5.90,18.30,17.50
S131,1487027624,20.10,6.10,19.20,6.00,18.30,17.50
S131,1487027923,20.00,5.90,19.20,6.00,18.30,17.50
S131,1487028222,20.00,6.50,19.20,6.10,18.30,17.50
S131,1487028521,20.00,6.20,19.20,6.20,18.30,17.50
S131,1487028820,19.90,6.40,19.10,6.10,18.30,17.50
S131,1487029119,19.90,6.30,19.10,6.10,18.30,17.50
S131,1487029418,19.80,6.30,19.00,6.10,18.30,17.50
S131,1487029717,19.80,6.30,19.00,6.20,18.30,17.50
S131,1487030016,19.70,6.60,19.00,6.20,18.30,17.60
S131,1487030315,19.70,6.50,18.90,6.20,18.30,17.60
S131,1487030614,19.70,6.80,19.00,6.40,18.30,17.50
S131,1487030913,19.70,6.90,19.00,6.40,18.30,17.50
S131,1487031212,19.60,6.70,19.00,6.50,18.30,17.50
S131,1487031511,19.60,6.90,19.00,6.40,18.30,17.50
S131,1487031810,19.60,6.80,18.90,6.30,18.30,17.60
S131,1487032109,19.60,6.90,18.90,6.40,18.30,17.60
S131,1487032408,19.50,6.80,18.90,6.30,18.30,17.60
S131,1487032707,19.50,6.80,18.90,6.40,18.30,17.50
S131,1487033006,19.50,6.90,18.90,6.40,18.30,17.60
S131,1487033305,19.50,6.90,18.90,6.40,18.30,17.50
S131,1487033604,19.50,7.00,18.80,6.40,18.30,17.60
S131,1487033903,19.40,6.60,18.80,6.50,18.30,17.50
S131,1487034202,19.40,6.80,18.70,6.50,18.30,17.60
S131,1487034501,19.40,6.90,18.60,6.50,18.30,17.60
S131,1487034800,19.30,6.90,18.60,6.50,18.30,17.60
S131,1487035099,19.30,6.60,18.60,6.60,18.30,17.60
S131,1487035398,19.20,6.80,18.50,6.50,18.30,17.60
S131,1487035697,19.20,6.80,18.50,6.60,18.30,17.50
S131,1487035996,19.20,6.70,18.50,6.60,18.30,17.60
S131,1487036295,19.20,6.60,18.40,6.60,18.30,17.60
S131,1487036594,19.10,6.90,18.40,6.70,18.20,17.50
S131,1487036893,19.10,6.90,18.40,6.70,18.20,17.50
S131,1487037192,19.00,6.90,18.40,6.80,18.20,17.50
S131,1487037491,19.00,7.00,18.40,6.80,18.20,17.50
S131,1487037790,19.00,6.60,18.30,6.70,18.30,17.60
S131,1487038089,18.90,6.90,18.30,6.70,18.20,17.50
S131,1487038388,18.90,6.60,18.30,6.80,18.20,17.50
S131,1487038687,18.90,7.10,18.30,6.80,18.30,17.60
S131,1487038986,18.90,7.00,18.20,6.80,18.30,17.60
S131,1487039285,18.80,6.80,18.20,6.90,18.20,17.50
S131,1487039584,18.80,7.20,18.20,6.80,18.20,17.50
S131,1487039883,18.80,7.10,18.20,6.90,18.30,17.60
S131,1487040182,18.80,7.10,18.20,7.00,18.30,17.60
S131,1487040481,18.70,7.30,18.20,7.00,18.20,17.50
S131,1487040780,18.70,7.10,18.20,7.00,18.30,17.60
S131,1487041079,18.70,7.30,18.10,7.00,18.20,17.50
S131,1487041378,18.70,7.30,18.10,7.00,18.20,17.50
S131,1487041677,18.70,7.30,18.10,7.10,18.30,17.60
S131,1487041976,18.60,7.30,18.10,7.10,18.20,17.50
S131,1487042275,18.60,7.40,18.10,7.10,18.30,17.60
S131,1487042574,18.60,7.30,18.00,7.10,18.20,17.50
S131,1487042873,18.50,7.20,18.00,7.10,18.20,17.50
S131,1487043172,18.50,7.50,18.00,7.10,18.20,17.50
S131,1487043471,18.50,7.40,18.00,7.20,18.20,17.50
S131,1487043770,18.50,7.60,18.00,7.20,18.20,17.50
S131,1487044069,18.50,7.60,18.00,7.30,18.20,17.50
S131,1487044368,18.50,7.50,17.90,7.20,18.20,17.50
S131,1487044667,18.40,7.60,17.90,7.30,18.20,17.50
S131,1487044966,18.40,7.60,17.90,7.30,18.20,17.50
S131,1487045265,18.40,7.50,17.90,7.40,18.20,17.50
S131,1487045564,18.40,7.60,17.90,7.40,18.20,17.50
S131,1487045863,18.40,7.60,17.90,7.40,18.20,17.50
S131,1487046162,18.40,7.60,17.90,7.50,18.20,17.50
S131,1487046461,18.30,7.50,17.90,7.50,18.20,17.50
S131,1487046760,18.30,7.50,17.80,7.40,18.20,17.50
S131,1487047059,18.30,7.50,17.80,7.50,18.20,17.50
S131,1487047358,18.30,7.50,17.80,7.50,18.20,17.50
S131,1487047657,18.30,7.60,17.80,7.50,18.20,17.50
S131,1487047956,18.30,7.70,17.80,7.50,18.20,17.50
S131,1487048255,18.30,7.50,17.80,7.50,18.20,17.50
S131,1487048554,18.30,7.60,17.80,7.50,18.20,17.50
S131,1487048853,18.20,7.50,17.80,7.50,18.20,17.50
S131,1487049152,18.20,7.50,17.70,7.50,18.20,17.50
S131,1487049451,18.20,7.80,17.80,7.60,18.20,17.50
S131,1487049750,18.20,8.00,17.80,7.60,18.20,17.50
S131,1487050049,18.20,8.10,17.90,7.70,18.20,17.50
S131,1487050348,18.20,8.20,18.00,7.80,18.20,17.50
S131,1487050647,18.20,8.30,18.10,7.90,18.20,17.50
S131,1487050946,18.20,8.30,18.20,7.90,18.20,17.50
S131,1487051245,18.30,8.50,18.20,7.90,18.20,17.50
S131,1487051544,18.30,8.50,18.30,7.90,18.20,17.50
S131,1487051843,18.30,8.50,18.30,7.90,18.30,17.60
S131,1487052142,18.30,8.50,18.40,8.00,18.30,17.60
S131,1487052441,18.30,8.50,18.40,7.90,18.30,17.60
S131,1487052740,18.40,8.60,18.40,7.90,18.30,17.60
S131,1487053039,18.40,8.60,18.50,8.00,18.20,17.50
S131,1487053338,18.50,8.70,18.50,8.00,18.30,17.60
S131,1487053637,18.50,8.70,18.60,8.10,18.30,17.60
S131,1487053936,18.50,8.70,18.60,8.00,18.30,17.60
S131,1487054235,18.60,8.80,18.60,8.50,18.30,17.60
S131,1487054534,18.60,8.80,18.70,8.00,18.30,17.60
S131,1487054833,18.60,8.70,18.70,8.00,18.30,17.60
S131,1487055132,18.60,8.70,18.80,8.10,18.30,17.60
S131,1487055431,18.70,8.80,18.80,8.10,18.30,17.60
S131,1487055730,18.70,8.80,18.80,8.00,18.30,17.60
S131,1487056029,18.70,8.80,18.90,8.10,18.30,17.60
S131,1487056328,18.80,8.80,18.90,8.10,18.30,17.60
S131,1487056627,18.80,8.80,18.90,8.10,18.30,17.60
S131,1487056926,18.90,8.90,19.00,8.10,18.30,17.50
S131,1487057225,18.90,8.90,19.00,8.10,18.30,17.50
S131,1487057524,18.90,8.80,19.00,8.20,18.30,17.60
S131,1487057823,19.00,8.90,19.10,8.20,18.30,17.60
S131,1487058122,19.00,8.90,19.10,8.20,18.30,17.50
S131,1487058421,19.00,8.90,19.10,8.20,18.30,17.50
S131,1487058720,19.10,9.00,19.20,8.20,18.30,17.50
S131,1487059019,19.10,9.00,19.20,8.20,18.30,17.50
S131,1487059318,19.10,8.90,19.20,8.20,18.30,17.50
S131,1487059617,19.20,9.00,19.30,8.20,18.30,17.50
S131,1487059916,19.20,9.00,19.30,8.20,18.30,17.50
S131,1487060215,19.20,9.00,19.30,8.20,18.30,17.50
S131,1487060514,19.30,9.10,19.40,8.30,18.30,17.60
S131,1487060813,19.30,9.10,19.40,8.20,18.30,17.50
S131,1487061112,19.30,9.10,19.40,8.30,18.30,17.50
S131,1487061411,19.30,9.00,19.50,8.30,18.30,17.50
S131,1487061710,19.30,9.00,19.50,8.40,18.30,17.50
S131,1487062009,19.40,9.00,19.60,8.40,18.30,17.50
S131,1487062308,19.40,9.00,19.60,8.40,18.30,17.50
S131,1487062607,19.40,9.10,19.70,8.40,18.30,17.50
S131,1487062906,19.50,9.10,19.70,8.20,18.30,17.50
S131,1487063205,19.50,9.10,19.80,8.30,18.30,17.50
S131,1487063504,19.60,9.20,19.90,8.40,18.30,17.50
S131,1487063803,19.60,9.10,19.90,8.20,18.30,17.50
S131,1487064102,19.70,9.20,20.00,8.20,18.30,17.50
S131,1487064401,19.70,9.10,20.00,8.20,18.30,17.50
S131,1487064700,19.80,9.10,20.00,8.00,18.30,17.50
S131,1487065000,19.80,9.10,20.10,8.10,18.30,17.50
S131,1487065299,19.80,9.00,20.20,8.10,18.30,17.50
S131,1487065598,19.90,8.90,20.20,8.00,18.30,17.50
S131,1487065897,19.90,8.90,20.20,7.90,18.30,17.50
S131,1487066196,20.00,8.80,20.20,7.70,18.30,17.50
S131,1487066495,20.00,8.80,20.10,7.80,18.30,17.50
S131,1487066794,20.00,8.80,20.20,7.60,18.30,17.50
S131,1487067093,20.10,8.80,20.20,7.60,18.30,17.50
S131,1487067392,20.10,8.80,20.30,7.60,18.30,17.50
S131,1487067691,20.10,8.80,20.30,7.40,18.30,17.50
S131,1487067990,20.20,8.70,20.30,7.40,18.30,17.50
S131,1487068289,20.20,8.70,20.40,7.30,18.30,17.50
S131,1487068588,20.20,8.60,20.40,7.40,18.30,17.50
S131,1487068887,20.20,8.50,20.50,7.40,18.30,17.50
S131,1487069186,20.30,8.60,20.40,7.20,18.30,17.50
S131,1487069485,20.30,8.50,20.40,7.20,18.30,17.50
S131,1487069784,20.30,8.50,20.40,7.10,18.30,17.50
S131,1487070083,20.40,8.50,20.40,7.20,18.30,17.50
S131,1487070382,20.40,8.50,20.40,7.20,18.30,17.50
S131,1487070681,20.40,8.40,20.40,7.10,18.30,17.50
S131,1487070980,20.40,8.40,20.40,7.10,18.30,17.50
S131,1487071279,20.40,8.40,20.30,7.00,18.30,17.50
S131,1487071578,20.40,8.30,20.30,7.00,18.30,17.50
S131,1487071877,20.40,8.30,20.30,7.50,18.30,17.50
S131,1487072176,20.40,8.20,20.30,7.00,18.30,17.50
S131,1487072475,20.40,8.10,20.30,7.00,18.30,17.50
S131,1487072774,20.40,8.20,20.40,7.10,18.30,17.50
S131,1487073073,20.40,8.10,20.30,6.90,18.30,17.50
S131,1487073372,20.40,8.10,20.40,6.80,18.30,17.50
S131,1487073671,20.50,8.10,20.30,6.80,18.30,17.50
S131,1487073970,20.40,8.00,20.40,6.70,18.30,17.50
S131,1487074269,20.50,8.10,20.40,6.80,18.30,17.50
S131,1487074568,20.40,7.90,20.40,6.70,18.30,17.50
S131,1487074867,20.40,7.90,20.40,6.60,18.30,17.50
S131,1487075166,20.50,8.00,20.40,6.60,18.30,17.50
S131,1487075465,20.50,7.90,20.40,7.00,18.30,17.50
S131,1487075764,20.50,7.80,20.40,6.40,18.30,17.50
S131,1487076063,20.50,7.80,20.40,6.30,18.30,17.50
S131,1487076362,20.50,7.80,20.30,6.20,18.30,17.50
S131,1487076661,20.50,7.70,20.40,6.40,18.30,17.50
S131,1487076960,20.50,7.50,20.40,6.50,18.30,17.50
S131,1487077259,20.50,7.70,20.50,6.70,18.30,17.50
S131,1487077558,20.50,7.80,20.50,6.60,18.30,17.50
S131,1487077857,20.50,7.80,20.60,6.60,18.30,17.50
S131,1487078156,20.60,7.60,20.60,6.60,18.30,17.50
S131,1487078455,20.60,7.80,20.70,6.60,18.30,17.50
S131,1487078754,20.60,7.90,20.70,6.70,18.30,17.50
S131,1487079053,20.60,7.90,20.70,6.50,18.30,17.50
S131,1487079352,20.60,7.90,20.70,6.60,18.30,17.50
S131,1487079651,20.70,7.90,20.80,6.70,18.30,17.50
S131,1487079950,20.70,7.80,20.80,6.50,18.30,17.50
S131,1487080249,20.70,7.70,20.80,6.50,18.30,17.50
S131,1487080548,20.70,7.00,20.80,5.90,18.30,17.50
S131,1487080847,20.80,6.70,20.80,6.00,18.30,17.50
S131,1487081146,20.80,6.70,20.90,6.10,18.30,17.50
S131,1487081445,20.80,6.40,20.80,5.80,18.30,17.50
S131,1487081744,20.80,6.30,20.80,5.90,18.30,17.50
S131,1487082043,20.80,6.70,20.90,6.00,18.30,17.50
S131,1487082342,20.90,7.00,20.90,6.10,18.30,17.50
S131,1487082641,20.80,6.80,20.90,6.00,18.30,17.50
S131,1487082940,20.90,6.80,20.90,6.10,18.30,17.50
S131,1487083239,20.90,7.10,21.00,6.20,18.30,17.50
S131,1487083538,20.90,6.60,20.90,6.20,18.30,17.50
S131,1487083837,20.90,6.50,21.00,5.80,18.30,17.50
S131,1487084136,20.90,6.20,20.90,5.70,18.30,17.50
S131,1487084435,20.90,5.80,20.90,5.50,18.30,17.50
S131,1487084734,20.90,6.30,21.00,5.80,18.30,17.50
S131,1487085033,20.90,6.50,21.00,6.10,18.30,17.50
S131,1487085332,20.90,6.30,21.00,5.80,18.30,17.50
S131,1487085631,21.00,6.80,21.00,6.10,18.30,17.50
S131,1487085930,21.00,6.70,21.00,6.20,18.30,17.50
S131,1487086229,21.00,7.00,21.10,6.10,18.30,17.50
S131,1487086528,21.00,6.50,21.10,5.50,18.30,17.50
S131,1487086827,21.00,5.80,21.10,5.60,18.30,17.50
S131,1487087126,21.00,6.30,21.00,5.50,18.30,17.50
S131,1487087425,21.00,6.10,20.90,5.30,18.30,17.50
S131,1487087724,21.00,5.90,21.00,5.60,18.30,17.50
S131,1487088023,21.00,6.10,20.90,5.40,18.30,17.50
S131,1487088322,21.00,6.50,21.00,5.50,18.30,17.50
S131,1487088621,21.00,6.30,21.00,5.50,18.30,17.50
S131,1487088920,21.00,5.80,21.00,5.60,18.30,17.50
S131,1487089219,21.00,6.10,21.00,5.40,18.30,17.50
S131,1487089518,21.00,5.80,21.00,5.70,18.30,17.50
S131,1487089817,21.00,6.00,21.00,5.70,18.30,17.50
S131,1487090116,21.00,6.10,21.00,5.80,18.30,17.50
S131,1487090415,21.00,6.30,21.00,5.90,18.30,17.50
S131,1487090714,21.00,6.10,21.10,5.70,18.30,17.50
S131,1487091013,21.00,6.10,21.00,5.50,18.30,17.50
S131,1487091312,21.00,6.30,21.00,5.30,18.30,17.50
S131,1487091611,21.00,5.60,21.00,5.50,18.30,17.50
S131,1487091910,21.00,5.80,21.00,5.20,18.30,17.50
S131,1487092209,21.00,6.10,21.00,5.30,18.30,17.50
S131,1487092508,21.00,5.80,21.00,5.20,18.30,17.50
S131,1487092807,21.00,5.10,21.00,5.10,18.30,17.50
S131,1487093106,21.00,5.50,20.90,5.00,18.30,17.50
S131,1487093405,21.00,5.40,20.90,5.00,18.30,17.50
S131,1487093704,21.00,5.10,20.90,5.00,18.30,17.50
S131,1487094003,21.00,5.60,20.90,5.20,18.30,17.50
S131,1487094302,21.00,6.00,20.90,5.10,18.30,17.50
S131,1487094601,21.00,5.70,20.90,5.30,18.30,17.50
S131,1487094900,21.00,5.80,20.90,5.10,18.30,17.50
S131,1487095199,21.00,6.30,20.90,5.20,18.30,17.50
S131,1487095498,21.00,6.20,20.90,5.30,18.30,17.50
S131,1487095797,21.00,6.20,21.00,5.30,18.30,17.50
S131,1487096096,21.00,6.40,21.00,5.40,18.30,17.50
S131,1487096395,21.00,6.40,20.90,5.40,18.30,17.50
S131,1487096694,21.00,6.20,21.00,5.30,18.30,17.50
S131,1487096993,21.00,6.10,21.00,5.20,18.30,17.50
S131,1487097292,21.00,6.00,21.00,5.30,18.30,17.50
S131,1487097591,21.00,5.90,21.00,4.80,18.30,17.50
S131,1487097890,21.00,5.50,20.90,4.50,18.30,17.50
S131,1487098189,21.00,5.40,20.90,4.70,18.30,17.50
S131,1487098488,21.00,5.60,21.00,4.80,18.30,17.50
S131,1487098787,21.00,5.80,21.00,5.00,18.30,17.60
S131,1487099086,21.00,5.10,21.00,5.00,18.30,17.50
S131,1487099385,21.00,5.40,21.00,5.10,18.30,17.50
S131,1487099684,21.00,5.10,21.00,4.80,18.30,17.50
S131,1487099983,21.00,5.90,20.90,4.90,18.30,17.50
S131,1487100282,21.00,5.10,20.90,4.60,18.30,17.50
S131,1487100581,21.00,5.10,20.90,4.40,18.30,17.50
S131,1487100880,21.00,5.80,20.90,4.60,18.30,17.50
S131,1487101179,21.00,6.00,20.90,4.60,18.30,17.50
S131,1487101478,21.00,6.00,20.90,4.70,18.30,17.50
S131,1487101777,21.00,5.90,20.90,4.70,18.30,17.50
S131,1487102076,21.00,5.80,20.90,4.60,18.30,17.50
S131,1487102375,21.00,6.00,20.80,4.70,18.30,17.50
S131,1487102674,21.00,5.80,20.80,4.70,18.30,17.50
S131,1487102973,20.90,5.80,20.70,4.60,18.30,17.50
S131,1487103273,20.90,5.70,20.70,4.60,18.30,17.50
S131,1487103572,20.90,5.80,20.60,4.60,18.30,17.50
S131,1487103871,20.90,5.70,20.60,4.60,18.30,17.50
S131,1487104170,20.80,5.70,20.50,4.60,18.30,17.50
S131,1487104469,20.80,5.50,20.50,4.50,18.30,17.50
S131,1487104768,20.80,5.50,20.50,4.60,18.30,17.50
S131,1487105067,20.80,5.70,20.50,4.60,18.30,17.50
S131,1487105366,20.70,5.70,20.50,4.60,18.30,17.50
S131,1487105665,20.70,5.60,20.50,4.60,18.30,17.50
S131,1487105964,20.70,5.80,20.40,4.50,18.30,17.50
S131,1487106263,20.70,5.70,20.40,4.50,18.30,17.50
S131,1487106562,20.70,5.70,20.40,4.50,18.30,17.50
S131,1487106861,20.70,5.60,20.30,4.40,18.30,17.50
S131,1487107160,20.60,5.30,20.20,4.30,18.30,17.50
S131,1487107459,20.60,5.10,20.10,4.30,18.30,17.50
S131,1487107758,20.50,4.70,20.00,4.30,18.30,17.50
S131,1487108057,20.50,4.70,19.90,4.20,18.30,17.50
S131,1487108356,20.50,4.70,19.80,4.20,18.30,17.50
S131,1487108655,20.40,4.60,19.70,4.10,18.30,17.50
S131,1487108954,20.40,4.60,19.60,4.10,18.30,17.50
S131,1487109253,20.30,4.60,19.60,4.10,18.30,17.50
S131,1487109552,20.30,4.60,19.50,4.10,18.30,17.50
S131,1487109851,20.20,4.50,19.50,4.20,18.30,17.50
S131,1487110150,20.20,4.50,19.40,4.20,18.30,17.50
S131,1487110449,20.10,4.40,19.40,4.20,18.30,17.50
S131,1487110748,20.10,4.40,19.30,4.20,18.30,17.50
S131,1487111047,20.00,4.30,19.30,4.20,18.30,17.50
S131,1487111346,20.00,4.30,19.20,4.20,18.30,17.50
S131,1487111645,19.90,4.40,19.20,4.30,18.30,17.50
S131,1487112457,19.80,4.20,19.10,4.20,18.30,17.50
S131,1487112544,19.80,4.20,19.10,4.20,18.30,17.50
S131,1487112843,19.80,4.20,19.10,4.30,18.30,17.50
S131,1487113142,19.70,4.40,19.00,4.50,18.30,17.60
S131,1487113441,19.70,4.20,19.00,4.50,18.30,17.50
S131,1487113740,19.70,4.30,19.10,4.60,18.30,17.50
S131,1487114039,19.70,4.10,19.10,4.60,18.30,17.50
S131,1487114338,19.70,4.30,19.10,4.50,18.30,17.50
S131,1487114637,19.60,4.30,19.10,4.50,18.30,17.50
S131,1487114936,19.60,4.50,19.10,4.40,18.30,17.50
S131,1487115235,19.60,4.10,19.00,4.30,18.30,17.50
S131,1487115534,19.50,4.60,19.10,4.50,18.30,17.60
S131,1487115833,19.50,5.30,19.00,5.50,18.30,17.50
S131,1487116132,19.50,5.20,19.00,5.30,18.30,17.50
S131,1487116431,19.50,5.20,19.00,5.00,18.30,17.60
S131,1487116730,19.40,4.90,19.00,4.80,18.30,17.50
S131,1487117029,19.40,4.60,18.90,4.60,18.30,17.60
S131,1487117328,19.40,4.90,18.90,4.30,18.30,17.60
S131,1487117627,19.40,5.00,18.90,4.20,18.30,17.50
S131,1487117926,19.40,4.90,18.90,4.00,18.30,17.60
S131,1487118225,19.40,4.60,18.90,4.00,18.30,17.60
S131,1487118524,19.30,3.80,18.80,3.80,18.30,17.60
S131,1487118823,19.30,3.80,18.80,3.80,18.30,17.60
S131,1487119122,19.30,3.80,18.70,3.70,18.30,17.60
S131,1487119421,19.20,3.80,18.70,3.80,18.30,17.60
S131,1487119720,19.20,3.80,18.60,3.70,18.30,17.50
S131,1487120019,19.20,3.80,18.60,3.70,18.30,17.50
S131,1487120318,19.10,3.70,18.50,3.60,18.30,17.60
S131,1487120617,19.10,3.70,18.50,3.50,18.30,17.50
S131,1487120916,19.00,3.60,18.40,3.60,18.30,17.60
S131,1487121215,19.00,3.60,18.40,3.60,18.30,17.60
S131,1487121514,19.00,3.60,18.40,3.60,18.30,17.60
S131,1487121813,19.00,4.10,18.40,3.60,18.20,17.50
S131,1487122112,18.90,3.50,18.30,3.60,18.20,17.50
S131,1487122411,18.90,3.50,18.30,3.60,18.20,17.50
S131,1487122710,18.90,3.50,18.30,3.60,18.30,17.60
S131,1487123009,18.80,3.40,18.20,3.60,18.20,17.50
S131,1487123308,18.80,3.40,18.20,3.70,18.30,17.60
S131,1487123607,18.70,3.40,18.20,3.70,18.30,17.60
S131,1487123906,18.70,3.40,18.10,3.60,18.20,17.50
S131,1487124205,18.70,3.40,18.10,3.70,18.20,17.50
S131,1487124504,18.60,3.30,18.10,3.80,18.20,17.50
S131,1487124803,18.60,3.90,18.00,3.80,18.20,17.50
S131,1487125102,18.60,3.60,18.00,3.90,18.20,17.50
S131,1487125401,18.60,3.30,18.00,3.80,18.20,17.50
S131,1487125700,18.50,3.80,18.00,3.90,18.20,17.50
S131,1487125999,18.50,3.80,18.00,3.90,18.20,17.50
S131,1487126298,18.50,3.80,18.00,3.90,18.20,17.50
S131,1487126597,18.50,4.40,17.90,3.80,18.20,17.50
S131,1487126896,18.40,4.00,18.00,3.90,18.20,17.50
S131,1487127195,18.40,3.90,17.90,3.80,18.20,17.50
S131,1487127494,18.40,3.60,17.90,3.80,18.20,17.50
S131,1487127793,18.40,3.70,17.90,3.80,18.20,17.50
S131,1487128092,18.30,3.70,17.80,3.60,18.20,17.50
S131,1487128391,18.30,4.00,17.80,3.70,18.20,17.50
S131,1487128690,18.30,3.50,17.80,3.70,18.20,17.50
S131,1487128989,18.30,3.60,17.80,3.60,18.20,17.50
S131,1487129288,18.20,3.60,17.80,3.70,18.20,17.50
S131,1487129587,18.20,3.30,17.80,3.70,18.20,17.50
S131,1487129886,18.20,3.80,17.70,3.60,18.20,17.50
S131,1487130185,18.20,3.70,17.70,3.60,18.20,17.50
S131,1487130484,18.20,3.60,17.70,3.70,18.20,17.50
S131,1487130783,18.10,3.90,17.70,3.70,18.20,17.50
S131,1487131082,18.10,3.70,17.70,3.80,18.20,17.50
S131,1487131381,18.10,4.00,17.60,3.80,18.20,17.50
S131,1487131680,18.00,3.70,17.60,3.80,18.20,17.50
S131,1487131979,18.00,4.10,17.60,3.90,18.20,17.50
S131,1487132278,18.00,4.10,17.60,4.00,18.20,17.50
S131,1487132577,18.00,4.10,17.60,4.00,18.20,17.50
S131,1487132876,18.00,4.20,17.60,4.10,18.20,17.50
S131,1487133175,18.00,4.20,17.60,4.20,18.20,17.50
S131,1487133474,18.00,4.20,17.50,4.10,18.20,17.50
S131,1487133773,17.90,4.20,17.50,4.20,18.20,17.50
S131,1487134072,17.90,4.70,17.50,4.30,18.20,17.50
S131,1487134371,17.90,4.60,17.60,4.20,18.20,17.50
S131,1487134670,17.90,4.80,17.60,4.20,18.20,17.50
S131,1487134969,17.90,4.50,17.60,4.20,18.20,17.50
S131,1487135268,17.90,4.90,17.70,4.20,18.20,17.50
S131,1487135567,17.90,4.80,17.70,4.30,18.20,17.50
S131,1487135866,17.90,5.00,17.70,4.20,18.20,17.50
S131,1487136165,18.00,5.30,17.70,4.30,18.20,17.50
S131,1487136464,18.00,5.40,17.80,4.50,18.20,17.50
S131,1487136763,17.90,5.50,17.90,4.70,18.20,17.50
S131,1487137062,17.90,5.60,17.90,4.70,18.20,17.50
S131,1487137361,18.00,5.70,18.00,4.80,18.20,17.50
S131,1487137660,18.00,5.80,18.00,4.80,18.20,17.50
S131,1487137959,18.00,5.80,18.10,4.80,18.20,17.50
S131,1487138258,18.00,5.80,18.10,4.80,18.20,17.50
S131,1487138557,18.10,5.90,18.20,4.90,18.20,17.50
S131,1487138856,18.10,5.90,18.20,4.80,18.20,17.50
S131,1487139155,18.10,5.90,18.20,4.90,18.20,17.50
S131,1487139454,18.20,6.00,18.30,4.90,18.20,17.50
S131,1487139753,18.20,6.00,18.30,4.90,18.20,17.50
S131,1487140052,18.20,6.00,18.40,4.90,18.30,17.60
S131,1487140351,18.20,5.90,18.40,4.70,18.30,17.60
S131,1487140650,18.30,5.90,18.40,4.70,18.30,17.60
S131,1487140949,18.30,5.90,18.40,4.60,18.20,17.50
S131,1487141248,18.30,5.80,18.50,4.60,18.20,17.50
S131,1487141548,18.40,5.90,18.50,4.80,18.30,17.60
S131,1487141847,18.40,5.90,18.50,4.60,18.20,17.50
S131,1487142146,18.40,5.90,18.60,4.70,18.20,17.50
S131,1487142445,18.40,5.90,18.60,4.60,18.30,17.60
S131,1487142744,18.50,6.00,18.60,4.60,18.20,17.50
S131,1487143043,18.50,5.90,18.70,4.70,18.30,17.60
S131,1487143342,18.60,6.00,18.70,4.60,18.20,17.50
S131,1487143641,18.60,5.90,18.70,4.50,18.30,17.60
S131,1487143940,18.60,5.90,18.70,4.50,18.30,17.60
S131,1487144239,18.60,5.90,18.80,4.50,18.30,17.50
S131,1487144538,18.60,5.90,18.80,4.50,18.20,17.50
S131,1487144837,18.70,5.90,18.80,4.50,18.30,17.50
S131,1487145136,18.70,5.80,18.90,4.40,18.30,17.60
S131,1487145435,18.70,5.80,18.90,4.40,18.30,17.50
S131,1487145734,18.70,5.80,18.90,4.40,18.30,17.50
S131,1487146033,18.80,5.70,18.90,4.30,18.30,17.60
S131,1487146332,18.80,5.60,19.00,4.10,18.30,17.60
S131,1487146631,18.80,5.40,19.00,4.00,18.30,17.60
S131,1487146930,18.90,5.20,19.00,3.90,18.30,17.60
S131,1487147229,18.90,5.20,19.00,3.80,18.30,17.60
S131,1487147528,18.90,5.10,19.00,3.90,18.30,17.60
S131,1487147827,19.00,4.90,19.10,4.00,18.30,17.50
S131,1487148126,19.00,4.90,19.00,4.00,18.30,17.50
S131,1487148425,19.00,4.90,19.00,4.10,18.30,17.60
S131,1487148724,19.00,5.10,19.00,4.20,18.30,17.60
S131,1487149023,19.00,5.20,19.00,3.90,18.30,17.50
S131,1487149322,19.10,5.10,19.00,4.00,18.30,17.60
S131,1487149621,19.10,5.10,19.00,4.10,18.30,17.50
S131,1487149920,19.10,5.20,19.00,4.20,18.30,17.50
S131,1487150219,19.10,4.90,19.00,4.40,18.30,17.60
S131,1487150518,19.10,4.80,18.90,4.20,18.30,17.50
S131,1487150817,19.10,4.80,18.90,4.60,18.30,17.50
S131,1487151116,19.10,5.00,18.90,4.40,18.30,17.50
S131,1487151415,19.10,4.70,18.90,4.50,18.30,17.60
S131,1487151714,19.10,4.90,18.90,4.70,18.30,17.50
S131,1487152013,19.10,5.10,18.90,4.80,18.30,17.50
S131,1487152312,19.10,5.30,19.00,4.80,18.30,17.50
S131,1487152611,19.10,5.60,19.00,5.00,18.30,17.60
S131,1487152910,19.10,5.70,19.10,5.00,18.30,17.60
S131,1487153209,19.10,5.60,19.20,4.90,18.30,17.50
S131,1487153508,19.20,5.90,19.30,5.00,18.30,17.50
S131,1487153807,19.20,6.00,19.40,5.20,18.30,17.50
S131,1487154106,19.20,5.70,19.40,4.80,18.30,17.60
S131,1487154405,19.30,5.80,19.50,4.90,18.30,17.60
S131,1487154704,19.30,5.70,19.60,4.80,18.30,17.50
S131,1487155003,19.30,5.70,19.60,4.80,18.30,17.50
S131,1487155302,19.30,5.10,19.60,4.90,18.30,17.50
S131,1487155601,19.40,5.20,19.70,4.80,18.30,17.50
S131,1487155900,19.40,5.70,19.70,4.70,18.30,17.50
S131,1487156199,19.50,5.50,19.70,4.60,18.30,17.50
S131,1487156498,19.50,5.60,19.70,4.30,18.30,17.50
S131,1487156797,19.60,5.70,19.70,4.20,18.30,17.50
S131,1487157096,19.60,5.20,19.80,4.30,18.30,17.50
S131,1487157395,19.60,5.30,19.80,4.20,18.30,17.50
S131,1487157694,19.60,5.20,19.90,4.20,18.30,17.50
S131,1487157993,19.70,5.20,19.90,4.20,18.30,17.50
S131,1487158292,19.70,4.30,19.90,4.10,18.30,17.50
S131,1487158591,19.70,5.00,20.00,4.10,18.30,17.50
S131,1487158890,19.80,5.10,20.00,4.00,18.30,17.50
S131,1487159189,19.80,4.20,20.10,3.80,18.30,17.50
S131,1487159488,19.80,4.80,20.10,3.80,18.30,17.50
S131,1487159787,19.80,4.20,20.10,3.80,18.30,17.50
S131,1487160086,19.90,4.90,20.10,3.80,18.30,17.50
