Device,Time,DHT1-OUT Temp,DHT1-OUT Hum,DHT2-IN Temp,DHT2-IN Hum,Soil,Infrared
S161,1486911899,22.10,11.90,21.60,12.80,0.10,17.40
S161,1486912198,22.00,11.60,21.50,12.90,0.10,17.40
S161,1486912497,22.00,11.70,21.60,13.10,0.10,17.40
S161,1486912796,21.90,12.00,21.70,13.30,0.10,17.40
S161,1486913095,21.90,12.00,21.80,13.20,0.10,17.40
S161,1486913394,21.90,12.20,21.80,13.10,0.10,17.40
S161,1486913693,21.90,11.80,21.80,13.00,0.10,17.40
S161,1486913992,21.90,11.90,21.70,12.70,0.10,17.40
S161,1486914291,21.90,12.00,21.60,13.00,0.10,17.40
S161,1486914590,21.90,11.80,21.50,12.80,0.10,17.40
S161,1486914889,21.80,11.60,21.40,12.80,0.10,17.40
S161,1486915188,21.80,11.70,21.50,12.70,0.10,17.40
S161,1486915487,21.80,11.70,21.30,12.50,0.10,17.40
S161,1486915786,21.70,11.60,21.30,12.60,0.10,17.40
S161,1486916085,21.70,12.30,21.30,12.80,0.10,17.40
S161,1486916384,21.70,12.10,21.40,12.80,0.10,17.40
S161,1486916683,21.60,11.80,21.40,12.70,0.10,17.40
S161,1486916982,21.60,11.60,21.20,12.60,0.10,17.40
S161,1486917281,21.60,11.50,21.20,12.50,0.10,17.40
S161,1486917580,21.60,11.50,21.20,12.70,0.10,17.40
S161,1486917879,21.60,12.00,21.30,12.70,0.10,17.40
S161,1486918178,21.60,11.80,21.40,12.60,0.10,17.40
S161,1486918477,21.60,11.90,21.40,12.40,0.10,17.40
S161,1486918776,21.60,11.80,21.40,12.60,0.10,17.40
S161,1486919075,21.60,11.50,21.40,12.20,0.10,17.40
S161,1486919374,21.60,11.60,21.30,12.20,0.10,17.40
S161,1486919673,21.60,11.50,21.30,12.20,0.10,17.40
S161,1486919973,21.50,11.80,21.30,12.30,0.10,17.40
S161,1486920272,21.50,11.90,21.50,12.50,0.10,17.40
S161,1486920571,21.50,12.00,21.50,12.60,0.10,17.40
S161,1486920870,21.50,11.80,21.50,12.60,0.10,17.40
S161,1486921169,21.50,11.60,21.40,12.50,0.10,17.40
S161,1486921469,21.50,11.50,21.20,12.20,0.10,17.40
S161,1486921768,21.50,11.50,21.20,12.30,0.10,17.40
S161,1486922067,21.50,11.70,21.20,12.40,0.10,17.40
S161,1486922367,21.50,12.00,21.40,12.60,0.10,17.40
S161,1486922666,21.50,11.90,21.40,12.60,0.10,17.40
S161,1486922966,21.50,11.90,21.40,12.30,0.10,17.40
S161,1486923265,21.50,11.90,21.30,12.40,0.10,17.40
S161,1486923564,21.50,11.60,21.20,12.20,0.10,17.40
S161,1486923863,21.50,11.70,21.20,12.30,0.10,17.40
S161,1486924162,21.40,11.80,21.30,12.60,0.10,17.40
S161,1486924461,21.40,11.90,21.30,12.50,0.10,17.40
S161,1486924761,21.40,11.90,21.40,12.60,0.10,17.40
S161,1486925060,21.50,11.90,21.30,12.40,0.10,17.40
S161,1486925359,21.40,11.60,21.30,12.20,0.10,17.40
S161,1486925658,21.40,11.60,21.20,12.20,0.10,17.40
S161,1486925958,21.40,11.60,21.20,12.30,0.10,17.40
S161,1486926257,21.40,11.80,21.30,12.30,0.10,17.40
S161,1486926556,21.40,11.90,21.30,12.50,0.10,17.40
S161,1486926855,21.40,11.80,21.30,12.40,0.10,17.40
S161,1486927154,21.40,11.40,21.30,12.20,0.10,17.40
S161,1486927453,21.40,11.50,21.30,12.20,0.10,17.40
S161,1486927752,21.40,11.40,21.20,12.10,0.10,17.40
S161,1486928051,21.40,11.60,21.20,12.30,0.10,17.40
S161,1486928351,21.40,11.80,21.30,12.30,0.10,17.40
S161,1486928650,21.40,11.80,21.40,12.40,0.10,17.40
S161,1486928949,21.40,11.80,21.50,12.30,0.10,17.40
S161,1486929248,21.40,11.80,21.40,12.20,0.10,17.40
S161,1486929547,21.40,11.40,21.20,12.10,0.10,17.40
S161,1486929846,21.40,11.50,21.10,12.10,0.10,17.40
S161,1486930145,21.40,11.60,21.20,12.40,0.10,17.40
S161,1486930444,21.40,11.70,21.30,12.30,0.10,17.40
S161,1486930744,21.40,11.80,21.40,12.50,0.10,17.40
S161,1486931043,21.40,11.90,21.40,12.50,0.10,17.40
S161,1486931342,21.40,11.70,21.40,12.30,0.10,17.40
S161,1486931641,21.40,11.60,21.30,12.20,0.10,17.40
S161,1486931940,21.40,11.40,21.20,12.10,0.10,17.40
S161,1486932239,21.40,11.60,21.10,12.20,0.10,17.40
S161,1486932539,21.30,11.70,21.20,12.30,0.10,17.40
S161,1486932838,21.30,11.70,21.20,12.40,0.10,17.40
S161,1486933137,21.30,11.70,21.20,12.50,0.10,17.40
S161,1486933436,21.30,11.70,21.00,12.40,0.10,17.40
S161,1486933735,21.20,11.40,20.80,12.30,0.10,17.40
S161,1486934034,21.20,11.40,20.60,12.40,0.10,17.40
S161,1486934333,21.10,11.50,20.50,12.50,0.10,17.40
S161,1486934632,21.00,11.50,20.50,12.70,0.10,17.40
S161,1486934931,21.00,11.70,20.40,12.70,0.10,17.40
S161,1486935230,20.90,11.80,20.30,12.70,0.10,17.40
S161,1486935529,20.80,11.80,20.20,12.80,0.10,17.40
S161,1486935828,20.80,11.90,20.10,13.00,0.10,17.40
S161,1486936128,20.70,12.00,20.10,13.10,0.10,17.40
S161,1486936427,20.70,12.00,20.10,13.20,0.10,17.40
S161,1486936726,20.60,12.10,20.10,13.30,0.10,17.40
S161,1486937025,20.60,12.30,20.20,13.50,0.10,17.40
S161,1486937324,20.60,12.40,20.20,13.60,0.10,17.40
S161,1486937623,20.50,12.50,20.20,13.70,0.10,17.40
S161,1486937922,20.50,12.50,20.20,13.70,0.10,17.40
S161,1486938221,20.50,12.50,20.10,13.70,0.10,17.40
S161,1486938520,20.50,12.70,20.10,13.80,0.10,17.40
S161,1486938819,20.40,12.70,20.10,13.90,0.10,17.40
S161,1486939118,20.40,12.70,20.10,13.90,0.10,17.40
S161,1486939417,20.40,12.80,20.10,14.00,0.10,17.40
S161,1486939716,20.40,12.80,20.00,14.00,0.10,17.40
S161,1486940015,20.40,12.90,20.00,14.10,0.10,17.40
S161,1486940315,20.30,13.00,19.90,14.10,0.10,17.40
S161,1486940614,20.30,13.00,20.00,14.20,0.10,17.40
S161,1486940913,20.30,13.20,19.90,14.40,0.10,17.30
S161,1486941212,20.20,13.10,19.90,14.50,0.10,17.40
S161,1486941511,20.20,13.20,19.90,14.40,0.10,17.40
S161,1486941810,20.20,13.20,19.80,14.50,0.10,17.40
S161,1486942109,20.20,13.30,19.80,14.50,0.10,17.40
S161,1486942408,20.20,13.20,19.80,14.60,0.10,17.40
S161,1486942707,20.10,13.30,19.70,14.60,0.10,17.40
S161,1486943006,20.10,13.30,19.70,14.60,0.10,17.40
S161,1486943305,20.10,13.30,19.60,14.70,0.10,17.40
S161,1486943604,20.00,13.40,19.60,14.80,0.10,17.30
S161,1486943903,20.00,13.40,19.40,14.90,0.10,17.40
S161,1486944202,19.90,13.40,19.40,15.10,0.10,17.30
S161,1486944501,19.90,13.50,19.30,15.10,0.10,17.40
S161,1486944800,19.80,13.60,19.30,15.10,0.10,17.40
S161,1486945099,19.80,13.60,19.30,15.10,0.10,17.30
S161,1486945398,19.70,13.60,19.20,15.10,0.10,17.40
S161,1486945697,19.70,13.70,19.20,15.10,0.10,17.40
S161,1486945996,19.70,13.80,19.20,15.10,0.10,17.40
S161,1486946295,19.60,13.80,19.20,15.10,0.10,17.40
S161,1486946594,19.60,13.70,19.10,15.00,0.10,17.40
S161,1486946893,19.60,13.70,19.10,15.00,0.10,17.30
S161,1486947192,19.60,13.90,19.00,14.90,0.10,17.30
S161,1486947491,19.50,13.80,19.00,14.90,0.10,17.40
S161,1486947790,19.50,13.80,19.10,15.00,0.10,17.40
S161,1486948089,19.50,13.90,19.00,14.90,0.10,17.30
S161,1486948388,19.40,13.80,18.90,14.90,0.10,17.40
S161,1486948687,19.40,13.80,19.00,14.90,0.10,17.30
S161,1486948986,19.30,13.90,18.90,14.90,0.10,17.30
S161,1486949285,19.30,13.90,18.90,14.90,0.10,17.40
S161,1486949584,19.30,13.90,18.90,14.90,0.10,17.30
S161,1486949883,19.30,14.00,18.80,15.00,0.10,17.30
S161,1486950183,19.20,14.10,18.80,15.20,0.10,17.30
S161,1486950482,19.20,14.30,18.80,15.40,0.10,17.40
S161,1486950781,19.20,14.30,18.80,15.40,0.10,17.30
S161,1486951080,19.20,14.30,18.80,15.50,0.10,17.30
S161,1486951379,19.10,14.40,18.80,15.50,0.10,17.40
S161,1486951678,19.10,14.40,18.70,15.40,0.10,17.30
S161,1486951977,19.10,14.30,18.70,15.30,0.10,17.40
S161,1486952276,19.10,14.20,18.70,15.30,0.10,17.30
S161,1486952575,19.10,14.30,18.70,15.40,0.10,17.30
S161,1486952874,19.00,14.30,18.60,15.40,0.10,17.30
S161,1486953173,19.00,14.30,18.60,15.40,0.10,17.40
S161,1486953473,19.00,14.20,18.60,15.30,0.10,17.40
S161,1486953772,19.00,14.10,18.60,15.20,0.10,17.40
S161,1486954071,19.00,14.20,18.50,15.20,0.10,17.30
S161,1486954370,18.90,14.30,18.50,15.30,0.10,17.40
S161,1486954669,18.90,14.30,18.50,15.40,0.10,17.30
S161,1486954968,18.90,14.70,18.50,15.40,0.10,17.40
S161,1486955267,18.80,14.30,18.50,15.40,0.10,17.40
S161,1486955566,18.80,14.30,18.50,15.40,0.10,17.30
S161,1486955865,18.80,14.20,18.50,15.30,0.10,17.30
S161,1486956164,18.80,14.20,18.40,15.30,0.10,17.30
S161,1486956463,18.80,14.20,18.40,15.20,0.10,17.30
S161,1486956762,18.80,14.20,18.40,15.20,0.10,17.30
S161,1486957061,18.80,14.20,18.40,15.20,0.10,17.30
S161,1486957360,18.70,14.30,18.40,15.30,0.10,17.40
S161,1486957659,18.70,14.30,18.40,15.30,0.10,17.40
S161,1486957958,18.70,14.40,18.40,15.30,0.10,17.30
S161,1486958257,18.70,14.40,18.50,15.40,0.10,17.40
S161,1486958556,18.70,14.40,18.50,15.20,0.10,17.30
S161,1486958855,18.70,14.40,18.60,15.20,0.10,17.30
S161,1486959154,18.80,14.30,18.60,15.00,0.10,17.40
S161,1486959453,18.80,14.30,18.60,14.80,0.10,17.30
S161,1486959752,18.80,14.10,18.70,14.70,0.10,17.40
S161,1486960051,18.80,13.90,18.60,14.60,0.10,17.40
S161,1486960350,18.80,13.80,18.50,14.60,0.10,17.30
S161,1486960649,18.80,13.90,18.50,14.60,0.10,17.30
S161,1486960948,18.70,13.90,18.40,14.50,0.10,17.40
S161,1486961247,18.70,13.80,18.40,14.50,0.10,17.30
S161,1486961546,18.70,13.90,18.40,14.50,0.10,17.30
S161,1486961845,18.70,13.90,18.40,14.50,0.10,17.40
S161,1486962144,18.70,14.10,18.40,14.70,0.10,17.40
S161,1486962443,18.70,14.20,18.50,14.60,0.10,17.30
S161,1486962742,18.70,14.30,18.70,14.70,0.10,17.40
S161,1486963041,18.70,14.30,18.80,14.80,0.10,17.40
S161,1486963340,18.80,14.40,18.90,14.90,0.10,17.40
S161,1486963639,18.80,14.30,19.00,14.90,0.10,17.40
S161,1486963938,18.80,14.30,19.10,15.00,0.10,17.30
S161,1486964237,18.90,14.30,19.10,15.00,0.10,17.40
S161,1486964536,18.90,14.30,19.20,15.10,0.10,17.30
S161,1486964835,19.00,14.40,19.20,15.10,0.10,17.40
S161,1486965134,19.10,14.30,19.30,15.10,0.10,17.40
S161,1486965433,19.10,14.30,19.30,15.10,0.10,17.40
S161,1486965732,19.10,14.30,19.40,15.20,0.10,17.40
S161,1486966031,19.20,14.20,19.40,15.10,0.10,17.40
S161,1486966330,19.20,14.20,19.50,15.10,0.10,17.40
S161,1486966629,19.20,14.10,19.50,14.80,0.10,17.40
S161,1486966928,19.30,14.10,19.50,14.80,0.10,17.40
S161,1486967227,19.30,14.10,19.60,14.80,0.10,17.40
S161,1486967526,19.30,14.00,19.60,14.80,0.10,17.40
S161,1486967825,19.40,13.90,19.70,14.80,0.10,17.40
S161,1486968124,19.40,14.10,19.70,14.80,0.10,17.30
S161,1486968423,19.50,14.00,19.70,14.60,0.10,17.40
S161,1486968722,19.50,14.00,19.70,14.70,0.10,17.40
S161,1486969021,19.50,14.00,19.80,14.60,0.10,17.40
S161,1486969320,19.60,13.90,19.80,14.50,0.10,17.40
S161,1486969619,19.60,13.80,19.90,14.50,0.10,17.40
S161,1486969918,19.60,13.80,19.90,14.70,0.10,17.40
S161,1486970217,19.60,13.60,19.90,14.50,0.10,17.40
S161,1486970516,19.70,13.80,19.80,14.50,0.10,17.40
S161,1486970815,19.70,13.70,19.90,14.40,0.10,17.40
S161,1486971114,19.70,13.70,19.90,14.40,0.10,17.40
S161,1486971413,19.70,13.70,19.90,14.40,0.10,17.40
S161,1486971712,19.80,13.70,19.90,14.30,0.10,17.40
S161,1486972011,19.80,13.70,19.90,14.30,0.10,17.40
S161,1486972310,19.80,13.60,20.00,14.30,0.10,17.40
S161,1486972609,19.90,13.70,20.00,14.20,0.10,17.40
S161,1486972908,19.90,13.70,20.00,14.20,0.10,17.40
S161,1486973207,19.90,13.70,20.10,14.10,0.10,17.40
S161,1486973506,19.90,13.60,20.10,14.20,0.10,17.40
S161,1486973805,19.90,13.60,20.10,14.20,0.10,17.40
S161,1486974104,19.90,13.50,20.10,14.20,0.10,17.40
S161,1486974403,20.00,13.50,20.10,14.20,0.10,17.40
S161,1486974702,20.00,13.60,20.20,14.10,0.10,17.40
S161,1486975001,20.10,13.50,20.30,14.20,0.10,17.40
S161,1486975300,20.10,13.60,20.30,14.10,0.10,17.40
S161,1486975599,20.10,13.50,20.50,14.20,0.10,17.40
S161,1486975898,20.20,13.40,20.60,14.10,0.10,17.40
S161,1486976197,20.30,13.40,20.60,14.10,0.10,17.40
S161,1486976496,20.40,13.50,20.60,14.10,0.10,17.40
S161,1486976795,20.40,13.30,20.60,14.10,0.10,17.40
S161,1486977094,20.40,13.30,20.60,14.10,0.10,17.40
S161,1486977393,20.50,13.30,20.60,14.00,0.10,17.40
S161,1486977692,20.50,13.10,20.60,14.00,0.10,17.40
S161,1486977991,20.50,13.20,20.60,14.00,0.10,17.40
S161,1486978290,20.50,13.20,20.60,14.00,0.10,17.40
S161,1486978589,20.50,13.30,20.70,14.00,0.10,17.40
S161,1486978888,20.60,13.10,20.70,13.80,0.10,17.40
S161,1486979187,20.60,13.10,20.80,13.90,0.10,17.40
S161,1486979486,20.60,13.10,20.80,13.90,0.10,17.40
S161,1486979785,20.70,13.20,20.80,13.90,0.10,17.40
S161,1486980084,20.70,13.10,20.80,13.90,0.10,17.40
S161,1486980383,20.70,13.10,20.90,13.90,0.10,17.40
S161,1486980682,20.80,13.10,20.90,13.80,0.10,17.40
S161,1486980981,20.80,13.00,20.90,14.40,0.10,17.40
S161,1486981280,20.80,13.00,21.00,13.90,0.10,17.40
S161,1486981579,20.80,13.10,21.10,13.70,0.10,17.40
S161,1486981878,20.90,13.10,21.20,13.90,0.10,17.40
S161,1486982177,20.90,13.00,21.10,13.70,0.10,17.40
S161,1486982476,21.00,13.10,21.10,13.80,0.10,17.40
S161,1486982775,21.00,12.90,21.20,13.70,0.10,17.40
S161,1486983074,21.00,12.90,21.10,13.70,0.10,17.40
S161,1486983373,21.00,12.80,21.20,13.80,0.10,17.40
S161,1486983672,21.10,12.80,21.20,13.90,0.10,17.40
S161,1486983971,21.10,12.80,21.10,13.60,0.10,17.40
S161,1486984270,21.20,13.40,21.40,13.80,0.10,17.40
S161,1486984569,21.20,12.90,21.20,13.80,0.10,17.40
S161,1486984868,21.20,12.80,21.20,13.70,0.10,17.40
S161,1486985167,21.20,12.80,21.20,13.70,0.10,17.40
S161,1486985466,21.20,12.70,21.20,13.70,0.10,17.40
S161,1486985765,21.20,12.60,21.10,13.50,0.10,17.40
S161,1486986064,21.20,12.40,21.10,13.50,0.10,17.40
S161,1486986363,21.20,12.20,21.20,13.40,0.10,17.40
S161,1486986662,21.20,12.50,21.20,13.50,0.10,17.40
S161,1486986961,21.20,12.30,21.10,13.30,0.10,17.40
S161,1486987260,21.20,12.50,21.20,13.40,0.10,17.40
S161,1486987559,21.20,12.40,21.20,13.50,0.10,17.40
S161,1486987858,21.20,12.40,21.20,13.40,0.10,17.40
S161,1486988157,21.20,12.40,21.20,13.40,0.10,17.40
S161,1486988457,21.20,12.80,21.30,13.70,0.10,17.40
S161,1486988756,21.30,12.70,21.30,13.80,0.10,17.40
S161,1486989055,21.30,12.80,21.30,13.70,0.10,17.40
S161,1486989354,21.30,12.70,21.30,13.90,0.10,17.40
S161,1486989653,21.30,12.70,21.30,13.70,0.10,17.40
S161,1486989952,21.30,12.30,21.20,13.00,0.10,17.40
S161,1486990251,21.30,12.00,21.20,12.90,0.10,17.40
S161,1486990550,21.30,11.90,21.10,12.90,0.10,17.40
S161,1486990849,21.30,12.20,21.10,13.10,0.10,17.40
S161,1486991148,21.30,12.20,21.20,13.10,0.10,17.40
S161,1486991447,21.30,12.30,21.20,13.20,0.10,17.40
S161,1486991746,21.30,12.00,21.30,13.10,0.10,17.40
S161,1486992045,21.30,12.10,21.30,12.90,0.10,17.40
S161,1486992344,21.30,12.10,21.30,12.90,0.10,17.40
S161,1486992643,21.30,12.00,21.30,12.70,0.10,17.40
S161,1486992942,21.30,11.60,21.20,12.60,0.10,17.40
S161,1486993241,21.30,11.80,21.20,12.70,0.10,17.40
S161,1486993540,21.30,11.90,21.30,13.00,0.10,17.40
S161,1486993839,21.30,12.30,21.30,13.00,0.10,17.40
S161,1486994138,21.30,12.10,21.30,13.00,0.10,17.40
S161,1486994437,21.30,12.00,21.30,13.00,0.10,17.40
S161,1486994736,21.30,12.00,21.30,12.80,0.10,17.40
S161,1486995035,21.30,12.30,21.30,12.80,0.10,17.40
S161,1486995334,21.30,11.90,21.30,12.80,0.10,17.40
S161,1486995633,21.30,12.00,21.40,12.70,0.10,17.40
S161,1486995932,21.30,11.90,21.40,12.90,0.10,17.40
S161,1486996231,21.30,11.80,21.40,12.30,0.10,17.40
S161,1486996530,21.30,11.50,21.40,12.50,0.10,17.40
S161,1486996829,21.30,11.50,21.40,12.20,0.10,17.40
S161,1486997128,21.30,11.70,21.40,12.20,0.10,17.40
S161,1486997427,21.30,11.50,21.40,12.20,0.10,17.40
S161,1486997726,21.30,11.50,21.50,12.20,0.10,17.40
S161,1486998025,21.30,11.50,21.50,12.20,0.10,17.40
S161,1486998324,21.30,11.40,21.40,12.00,0.10,17.40
S161,1486998623,21.30,11.30,21.40,12.20,0.10,17.40
S161,1486998922,21.30,11.50,21.40,12.30,0.10,17.40
S161,1486999221,21.30,11.30,21.40,12.10,0.10,17.40
S161,1486999520,21.30,11.10,21.40,12.00,0.10,17.40
S161,1486999819,21.30,11.20,21.40,12.00,0.10,17.40
S161,1487000118,21.30,11.30,21.40,12.00,0.10,17.40
S161,1487000417,21.30,11.30,21.40,12.10,0.10,17.40
S161,1487000716,21.30,11.50,21.40,12.20,0.10,17.40
S161,1487001015,21.30,11.30,21.40,12.20,0.10,17.40
S161,1487001314,21.30,11.30,21.40,12.10,0.10,17.40
S161,1487001613,21.30,11.40,21.40,12.00,0.10,17.40
S161,1487001912,21.30,11.10,21.30,12.00,0.10,17.40
S161,1487002211,21.30,11.10,21.30,12.00,0.10,17.40
S161,1487002510,21.20,11.20,21.30,12.10,0.10,17.40
S161,1487002809,21.30,11.50,21.40,12.20,0.10,17.40
S161,1487003108,21.30,11.60,21.40,12.20,0.10,17.40
S161,1487003407,21.30,11.70,21.40,12.40,0.10,17.40
S161,1487003706,21.30,11.40,21.40,12.20,0.10,17.40
S161,1487004005,21.30,11.40,21.40,12.10,0.10,17.40
S161,1487004304,21.30,11.30,21.40,12.10,0.10,17.40
S161,1487004603,21.30,11.20,21.40,12.00,0.10,17.40
S161,1487004902,21.30,11.40,21.40,12.00,0.10,17.40
S161,1487005201,21.30,11.30,21.40,12.10,0.10,17.40
S161,1487005500,21.30,11.30,21.40,12.20,0.10,17.40
S161,1487005799,21.30,11.20,21.40,12.00,0.10,17.40
S161,1487006098,21.30,11.30,21.40,12.20,0.10,17.40
S161,1487006397,21.30,11.40,21.30,12.20,0.10,17.40
S161,1487006696,21.30,11.50,21.40,12.30,0.10,17.40
S161,1487006995,21.30,11.50,21.40,12.40,0.10,17.40
S161,1487007294,21.30,11.60,21.30,12.40,0.10,17.40
S161,1487007593,21.30,11.60,21.40,12.30,0.10,17.40
S161,1487007892,21.30,11.50,21.40,12.30,0.10,17.40
S161,1487008191,21.30,11.40,21.30,12.10,0.10,17.40
S161,1487008490,21.30,11.50,21.30,12.20,0.10,17.40
S161,1487008789,21.20,11.50,21.30,12.40,0.10,17.40
S161,1487009088,21.20,11.50,21.30,12.40,0.10,17.40
S161,1487009387,21.20,11.60,21.30,12.50,0.10,17.40
S161,1487009686,21.20,11.50,21.40,12.40,0.10,17.40
S161,1487009985,21.20,11.40,21.30,12.20,0.10,17.40
S161,1487010284,21.20,11.40,21.30,12.20,0.10,17.40
S161,1487010583,21.20,11.40,21.30,12.20,0.10,17.40
S161,1487010882,21.20,11.40,21.30,12.50,0.10,17.40
S161,1487011181,21.20,11.30,21.30,12.00,0.10,17.40
S161,1487011480,21.20,11.30,21.30,12.20,0.10,17.40
S161,1487011779,21.20,11.30,21.30,12.20,0.10,17.40
S161,1487012078,21.20,11.40,21.20,12.10,0.10,17.40
S161,1487012377,21.20,11.40,21.30,12.20,0.10,17.40
S161,1487012676,21.20,11.50,21.30,12.60,0.10,17.40
S161,1487012975,21.20,11.30,21.30,12.20,0.10,17.40
S161,1487013274,21.20,11.40,21.40,12.30,0.10,17.40
S161,1487013573,21.20,11.20,21.40,12.30,0.10,17.40
S161,1487013872,21.20,11.20,21.40,12.00,0.10,17.40
S161,1487014171,21.20,11.10,21.30,11.80,0.10,17.40
S161,1487014470,21.20,11.20,21.40,12.10,0.10,17.40
S161,1487014769,21.20,11.20,21.40,12.10,0.10,17.40
S161,1487015068,21.20,11.40,21.40,12.10,0.10,17.40
S161,1487015367,21.30,11.40,21.40,12.00,0.10,17.40
S161,1487015666,21.30,11.30,21.40,11.80,0.10,17.40
S161,1487015965,21.30,11.30,21.40,11.90,0.10,17.40
S161,1487016264,21.30,11.20,21.40,11.90,0.10,17.40
S161,1487016563,21.30,11.20,21.50,11.90,0.10,17.40
S161,1487016862,21.30,11.30,21.40,12.20,0.10,17.40
S161,1487017161,21.30,11.30,21.40,12.20,0.10,17.40
S161,1487017460,21.30,11.30,21.40,12.00,0.10,17.40
S161,1487017759,21.30,11.10,21.40,11.90,0.10,17.40
S161,1487018058,21.30,11.20,21.30,11.90,0.10,17.40
S161,1487018357,21.30,11.10,21.30,11.90,0.10,17.40
S161,1487018656,21.30,11.20,21.30,11.90,0.10,17.40
S161,1487018955,21.30,11.10,21.40,11.90,0.10,17.40
S161,1487019254,21.30,11.10,21.40,11.90,0.10,17.40
S161,1487019553,21.30,10.90,21.30,11.60,0.10,17.40
S161,1487019852,21.20,10.70,21.10,11.60,0.10,17.40
S161,1487020151,21.20,10.70,20.90,11.60,0.10,17.40
S161,1487020450,21.10,10.80,20.80,11.60,0.10,17.40
S161,1487020749,21.00,10.70,20.70,11.70,0.10,17.40
S161,1487021048,21.00,10.80,20.60,11.80,0.10,17.40
S161,1487021347,20.90,10.90,20.50,11.90,0.10,17.40
S161,1487021646,20.80,10.90,20.40,11.90,0.10,17.40
S161,1487021945,20.80,11.10,20.40,12.00,0.10,17.40
S161,1487022244,20.70,11.20,20.20,12.00,0.10,17.40
S161,1487022543,20.60,11.10,20.20,12.10,0.10,17.40
S161,1487022842,20.50,11.10,20.10,12.10,0.10,17.40
S161,1487023141,20.40,11.10,20.00,12.10,0.10,17.40
S161,1487023440,20.40,11.20,19.90,12.10,0.10,17.40
S161,1487023739,20.30,11.30,19.90,12.30,0.10,17.40
S161,1487024038,20.20,11.50,19.90,12.50,0.10,17.30
S161,1487024337,20.20,11.60,19.80,12.60,0.10,17.30
S161,1487024636,20.10,11.80,19.70,12.60,0.10,17.40
S161,1487024935,20.10,11.80,19.60,12.70,0.10,17.40
S161,1487025234,20.00,11.90,19.60,12.80,0.10,17.30
S161,1487025533,20.00,12.00,19.60,12.90,0.10,17.40
S161,1487025832,19.90,12.00,19.50,13.00,0.10,17.40
S161,1487026131,19.90,12.20,19.50,13.10,0.10,17.40
S161,1487026430,19.80,12.10,19.50,13.20,0.10,17.40
S161,1487026730,19.80,12.20,19.40,13.20,0.10,17.30
S161,1487027029,19.70,12.30,19.40,13.20,0.10,17.40
S161,1487027328,19.70,12.30,19.30,13.30,0.10,17.30
S161,1487027627,19.70,12.40,19.30,13.40,0.10,17.40
S161,1487027926,19.60,12.40,19.20,13.40,0.10,17.40
S161,1487028225,19.60,12.50,19.20,13.40,0.10,17.40
S161,1487028524,19.60,12.50,19.20,13.50,0.10,17.30
S161,1487028823,19.50,12.60,19.20,13.50,0.10,17.40
S161,1487029122,19.50,12.60,19.20,13.60,0.10,17.40
S161,1487029421,19.50,12.70,19.20,13.60,0.10,17.30
S161,1487029720,19.50,12.80,19.20,13.70,0.10,17.40
S161,1487030019,19.50,12.80,19.30,13.70,0.10,17.40
S161,1487030318,19.40,12.80,19.20,13.60,0.10,17.40
S161,1487030617,19.40,12.70,19.30,13.70,0.10,17.40
S161,1487030916,19.40,12.70,19.30,13.60,0.10,17.40
S161,1487031215,19.40,12.70,19.20,13.60,0.10,17.30
S161,1487031514,19.40,12.70,19.20,13.60,0.10,17.40
S161,1487031813,19.40,12.80,19.20,13.60,0.10,17.40
S161,1487032112,19.40,12.80,19.20,13.70,0.10,17.30
S161,1487032411,19.30,12.80,19.00,13.70,0.10,17.40
S161,1487032710,19.30,12.80,19.00,13.80,0.10,17.40
S161,1487033009,19.20,12.70,18.90,13.80,0.10,17.40
S161,1487033308,19.20,12.80,18.90,13.90,0.10,17.30
S161,1487033607,19.20,12.90,18.90,14.00,0.10,17.40
S161,1487033906,19.10,13.30,18.80,13.90,0.10,17.30
S161,1487034205,19.10,12.90,18.80,14.00,0.10,17.40
S161,1487034504,19.00,12.90,18.70,14.10,0.10,17.40
S161,1487034803,19.00,13.00,18.70,14.10,0.10,17.40
S161,1487035102,19.00,13.00,18.60,14.10,0.10,17.30
S161,1487035401,18.90,13.00,18.60,14.20,0.10,17.30
S161,1487035700,18.90,13.10,18.60,14.20,0.10,17.30
S161,1487035999,18.90,13.10,18.60,14.20,0.10,17.30
S161,1487036298,18.80,13.10,18.50,14.30,0.10,17.40
S161,1487036597,18.80,13.20,18.50,14.30,0.10,17.40
S161,1487036896,18.80,13.10,18.50,14.40,0.10,17.30
S161,1487037195,18.80,13.20,18.50,14.50,0.10,17.40
S161,1487037494,18.80,13.20,18.50,14.50,0.10,17.30
S161,1487037793,18.70,13.30,18.40,14.50,0.10,17.40
S161,1487038092,18.70,13.30,18.40,14.50,0.10,17.40
S161,1487038391,18.70,13.40,18.40,14.50,0.10,17.30
S161,1487038690,18.60,13.30,18.40,14.50,0.10,17.30
S161,1487038989,18.60,13.30,18.40,14.50,0.10,17.30
S161,1487039288,18.60,13.40,18.40,14.50,0.10,17.30
S161,1487039587,18.60,13.40,18.30,14.40,0.10,17.30
S161,1487039886,18.60,13.50,18.30,14.40,0.10,17.40
S161,1487040185,18.50,13.50,18.30,14.40,0.10,17.30
S161,1487040484,18.50,13.50,18.30,14.40,0.10,17.30
S161,1487040783,18.50,13.50,18.30,14.40,0.10,17.40
S161,1487041082,18.50,13.50,18.30,14.40,0.10,17.40
S161,1487041381,18.50,13.60,18.20,14.40,0.10,17.40
S161,1487041680,18.50,13.70,18.20,14.40,0.10,17.40
S161,1487041979,18.50,13.70,18.20,14.40,0.10,17.30
S161,1487042278,18.40,13.70,18.20,14.40,0.10,17.30
S161,1487042577,18.40,13.70,18.20,14.40,0.10,17.40
S161,1487042876,18.40,13.70,18.20,14.40,0.10,17.30
S161,1487043175,18.40,13.70,18.10,14.30,0.10,17.40
S161,1487043474,18.40,13.80,18.10,14.30,0.10,17.40
S161,1487043773,18.40,13.80,18.10,14.30,0.10,17.30
S161,1487044072,18.40,13.80,18.10,14.50,0.10,17.40
S161,1487044371,18.30,13.90,18.10,14.60,0.10,17.30
S161,1487044670,18.30,13.90,18.10,14.70,0.10,17.30
S161,1487044969,18.30,13.90,18.10,14.60,0.10,17.40
S161,1487045268,18.30,13.90,18.10,14.70,0.10,17.40
S161,1487045567,18.30,14.00,18.00,14.70,0.10,17.30
S161,1487045866,18.20,14.00,18.00,14.80,0.10,17.40
S161,1487046165,18.30,14.00,18.00,14.70,0.10,17.30
S161,1487046464,18.30,14.00,18.00,14.80,0.10,17.30
S161,1487046763,18.20,13.90,18.00,14.80,0.10,17.30
S161,1487047062,18.20,14.00,18.00,14.80,0.10,17.30
S161,1487047361,18.20,14.00,18.00,14.80,0.10,17.30
S161,1487047660,18.20,14.00,18.00,14.90,0.10,17.30
S161,1487047959,18.20,14.00,18.00,14.90,0.10,17.40
S161,1487048258,18.10,14.10,18.00,14.90,0.10,17.30
S161,1487048557,18.20,14.10,18.10,14.90,0.10,17.30
S161,1487048856,18.20,14.20,18.20,14.90,0.10,17.30
S161,1487049155,18.20,14.20,18.30,14.90,0.10,17.30
S161,1487049454,18.30,14.30,18.40,14.90,0.10,17.40
S161,1487049753,18.40,14.30,18.50,14.90,0.10,17.40
S161,1487050052,18.40,14.30,18.60,14.90,0.10,17.40
S161,1487050351,18.50,14.30,18.60,14.70,0.10,17.30
S161,1487050650,18.50,14.30,18.70,14.70,0.10,17.40
S161,1487050949,18.60,14.30,18.70,14.70,0.10,17.30
S161,1487051248,18.60,14.30,18.70,14.70,0.10,17.40
S161,1487051547,18.60,14.30,18.80,14.80,0.10,17.30
S161,1487051846,18.70,14.30,18.80,14.80,0.10,17.30
S161,1487052145,18.70,14.30,18.90,14.90,0.10,17.30
S161,1487052444,18.70,14.30,18.90,14.90,0.10,17.40
S161,1487052743,18.80,14.30,19.00,14.90,0.10,17.40
S161,1487053042,18.80,14.20,19.00,14.90,0.10,17.40
S161,1487053341,18.90,14.30,19.10,15.00,0.10,17.40
S161,1487053640,18.90,14.20,19.10,15.00,0.10,17.40
S161,1487053939,19.00,14.20,19.10,15.00,0.10,17.40
S161,1487054238,19.00,14.20,19.20,15.10,0.10,17.30
S161,1487054537,19.10,14.30,19.20,15.10,0.10,17.40
S161,1487054836,19.10,14.20,19.30,15.10,0.10,17.40
S161,1487055135,19.10,14.30,19.30,15.10,0.10,17.40
S161,1487055434,19.20,14.30,19.30,15.10,0.10,17.40
S161,1487055733,19.20,14.20,19.40,15.20,0.10,17.40
S161,1487056032,19.20,14.20,19.40,15.20,0.10,17.40
S161,1487056331,19.30,14.30,19.40,15.20,0.10,17.40
S161,1487056630,19.30,14.20,19.50,15.30,0.10,17.40
S161,1487056929,19.30,14.20,19.50,15.30,0.10,17.30
S161,1487057228,19.40,14.20,19.50,15.30,0.10,17.40
S161,1487057527,19.40,14.20,19.60,15.30,0.10,17.40
S161,1487057826,19.50,14.20,19.60,15.30,0.10,17.40
S161,1487058125,19.50,14.20,19.60,15.30,0.10,17.40
S161,1487058424,19.50,14.20,19.70,15.40,0.10,17.40
S161,1487058723,19.60,14.20,19.70,15.40,0.10,17.40
S161,1487059022,19.60,14.20,19.70,15.40,0.10,17.40
S161,1487059321,19.70,14.20,19.80,15.50,0.10,17.40
S161,1487059620,19.70,14.20,19.80,15.30,0.10,17.40
S161,1487059919,19.70,14.30,19.80,15.50,0.10,17.40
S161,1487060218,19.70,14.30,19.80,15.50,0.10,17.40
S161,1487060517,19.80,14.20,19.90,15.50,0.10,17.40
S161,1487060816,19.80,14.10,19.90,15.30,0.10,17.40
S161,1487061115,19.80,14.20,20.00,15.30,0.10,17.40
S161,1487061414,19.90,14.20,20.10,15.20,0.10,17.40
S161,1487061713,19.90,14.20,20.20,15.20,0.10,17.40
S161,1487062012,19.90,14.20,20.30,15.10,0.10,17.40
S161,1487062311,20.00,14.10,20.30,15.00,0.10,17.40
S161,1487062610,20.10,14.10,20.40,14.90,0.10,17.40
S161,1487062909,20.10,14.10,20.40,14.80,0.10,17.40
S161,1487063208,20.20,13.90,20.50,14.80,0.10,17.40
S161,1487063507,20.20,13.90,20.50,14.70,0.10,17.40
S161,1487063806,20.30,13.90,20.60,14.80,0.10,17.40
S161,1487064105,20.40,13.80,20.60,14.50,0.10,17.40
S161,1487064404,20.30,13.70,20.60,14.60,0.10,17.40
S161,1487064703,20.40,13.50,20.60,14.50,0.10,17.40
S161,1487065003,20.40,13.40,20.50,14.30,0.10,17.40
S161,1487065302,20.40,13.40,20.60,14.50,0.10,17.40
S161,1487065601,20.50,13.40,20.60,14.10,0.10,17.40
S161,1487065900,20.50,13.40,20.70,14.10,0.10,17.40
S161,1487066199,20.50,13.30,20.70,14.00,0.10,17.40
S161,1487066498,20.50,13.10,20.80,13.90,0.10,17.40
S161,1487066797,20.60,13.10,20.80,13.90,0.10,17.40
S161,1487067096,20.60,13.10,20.80,13.80,0.10,17.40
S161,1487067395,20.70,13.20,20.90,13.80,0.10,17.40
S161,1487067694,20.70,13.10,20.90,13.80,0.10,17.40
S161,1487067993,20.70,12.90,20.90,13.80,0.10,17.40
S161,1487068292,20.70,13.10,20.80,13.70,0.10,17.40
S161,1487068591,20.80,13.00,20.80,13.70,0.10,17.40
S161,1487068890,20.80,13.00,20.80,13.70,0.10,17.40
S161,1487069189,20.80,12.90,20.80,13.60,0.10,17.40
S161,1487069488,20.70,12.90,20.70,13.50,0.10,17.40
S161,1487069787,20.80,12.70,20.70,13.60,0.10,17.40
S161,1487070086,20.70,12.80,20.70,13.50,0.10,17.40
S161,1487070385,20.70,12.80,20.70,13.50,0.10,17.40
S161,1487070684,20.70,12.70,20.70,13.30,0.10,17.40
S161,1487070983,20.70,12.60,20.70,13.40,0.10,17.40
S161,1487071282,20.70,12.70,20.70,13.40,0.10,17.40
S161,1487071581,20.70,12.70,20.70,13.40,0.10,17.40
S161,1487071880,20.70,12.60,20.70,13.20,0.10,17.40
S161,1487072179,20.70,12.50,20.80,13.30,0.10,17.40
S161,1487072478,20.70,12.40,20.70,13.20,0.10,17.40
S161,1487072777,20.70,12.50,20.70,13.00,0.10,17.40
S161,1487073076,20.70,12.50,20.80,13.10,0.10,17.40
S161,1487073375,20.70,12.50,20.70,13.00,0.10,17.40
S161,1487073674,20.80,12.30,20.80,13.00,0.10,17.40
S161,1487073973,20.80,12.30,20.70,12.90,0.10,17.40
S161,1487074272,20.70,12.20,20.70,12.80,0.10,17.40
S161,1487074571,20.70,12.40,20.70,12.80,0.10,17.40
S161,1487074870,20.80,12.60,20.70,12.80,0.10,17.40
S161,1487075169,20.70,12.10,20.70,12.80,0.10,17.40
S161,1487075468,20.70,11.90,20.80,12.90,0.10,17.40
S161,1487075767,20.70,12.40,20.90,12.90,0.10,17.40
S161,1487076066,20.80,12.30,20.90,12.80,0.10,17.40
S161,1487076365,20.80,12.30,21.00,12.90,0.10,17.40
S161,1487076664,20.80,12.40,21.00,13.00,0.10,17.40
S161,1487076963,20.90,12.30,21.10,13.00,0.10,17.40
S161,1487077262,20.90,12.30,21.10,13.00,0.10,17.40
S161,1487077561,20.90,12.40,21.20,13.10,0.10,17.40
S161,1487077860,20.90,12.40,21.20,13.10,0.10,17.40
S161,1487078159,21.00,12.30,21.20,13.10,0.10,17.40
S161,1487078458,21.00,12.40,21.20,12.90,0.10,17.40
S161,1487078757,21.00,12.60,21.30,13.20,0.10,17.40
S161,1487079056,21.10,11.60,21.30,12.50,0.10,17.40
S161,1487079355,21.20,12.20,21.30,12.80,0.10,17.40
S161,1487079654,21.20,11.60,21.30,12.80,0.10,17.40
S161,1487079953,21.20,11.50,21.30,12.50,0.10,17.40
S161,1487080252,21.20,11.40,21.20,12.40,0.10,17.40
S161,1487080551,21.20,11.40,21.20,12.60,0.10,17.40
S161,1487080850,21.20,11.50,21.30,12.80,0.10,17.40
S161,1487081149,21.20,11.50,21.30,12.90,0.10,17.40
S161,1487081448,21.20,11.50,21.30,12.80,0.10,17.40
S161,1487081747,21.20,11.70,21.30,13.10,0.10,17.40
S161,1487082046,21.20,11.80,21.30,13.10,0.10,17.40
S161,1487082345,21.20,11.70,21.30,13.10,0.10,17.40
S161,1487082644,21.20,11.30,21.30,12.60,0.10,17.40
S161,1487082943,21.20,11.20,21.30,12.40,0.10,17.40
S161,1487083242,21.20,11.30,21.30,12.50,0.10,17.40
S161,1487083541,21.20,11.40,21.30,12.60,0.10,17.40
S161,1487083840,21.20,11.50,21.30,12.70,0.10,17.40
S161,1487084139,21.20,11.90,21.40,13.20,0.10,17.40
S161,1487084438,21.30,11.70,21.50,12.90,0.10,17.40
S161,1487084737,21.40,12.10,21.50,13.00,0.10,17.40
S161,1487085036,21.50,13.10,21.60,12.90,0.10,17.40
S161,1487085335,21.50,11.40,21.50,12.10,0.10,17.40
S161,1487085634,21.50,11.40,21.40,12.20,0.10,17.40
S161,1487085933,21.40,11.10,21.40,12.00,0.10,17.40
S161,1487086232,21.40,11.10,21.30,12.00,0.10,17.40
S161,1487086531,21.30,11.20,21.30,12.10,0.10,17.40
S161,1487086830,21.30,11.40,21.30,12.10,0.10,17.40
S161,1487087129,21.30,11.30,21.30,12.00,0.10,17.40
S161,1487087428,21.30,11.30,21.30,12.10,0.10,17.40
S161,1487087727,21.30,11.30,21.30,12.00,0.10,17.40
S161,1487088026,21.30,11.40,21.30,12.30,0.10,17.40
S161,1487088325,21.20,11.40,21.30,12.40,0.10,17.40
S161,1487088624,21.20,11.30,21.40,12.40,0.10,17.40
S161,1487088923,21.20,11.70,21.30,12.50,0.10,17.40
S161,1487089222,21.20,11.50,21.40,12.80,0.10,17.40
S161,1487089521,21.20,11.30,21.40,12.20,0.10,17.40
S161,1487089820,21.20,11.50,21.40,12.40,0.10,17.40
S161,1487090119,21.20,11.00,21.30,11.80,0.10,17.40
S161,1487090418,21.20,11.10,21.30,12.10,0.10,17.40
S161,1487090717,21.20,11.40,21.40,12.00,0.10,17.40
S161,1487091016,21.20,11.50,21.40,12.00,0.10,17.40
S161,1487091315,21.20,11.30,21.40,12.20,0.10,17.40
S161,1487091614,21.20,11.00,21.30,11.80,0.10,17.40
S161,1487091913,21.20,10.90,21.30,11.70,0.10,17.40
S161,1487092212,21.20,11.00,21.30,11.80,0.10,17.40
S161,1487092511,21.20,11.00,21.30,11.90,0.10,17.40
S161,1487092810,21.20,11.20,21.30,12.00,0.10,17.40
S161,1487093109,21.20,11.20,21.30,12.10,0.10,17.40
S161,1487093408,21.10,11.20,21.30,11.80,0.10,17.40
S161,1487093707,21.10,11.20,21.30,11.90,0.10,17.40
S161,1487094006,21.10,11.10,21.30,12.10,0.10,17.40
S161,1487094305,21.10,11.10,21.30,12.10,0.10,17.40
S161,1487094604,21.10,11.10,21.30,12.00,0.10,17.40
S161,1487094903,21.10,11.20,21.30,12.10,0.10,17.40
S161,1487095202,21.10,11.20,21.30,12.10,0.10,17.40
S161,1487095501,21.10,11.10,21.30,12.10,0.10,17.40
S161,1487095800,21.10,11.10,21.30,11.90,0.10,17.40
S161,1487096099,21.10,11.10,21.30,12.10,0.10,17.40
S161,1487096398,21.10,10.90,21.30,11.70,0.10,17.40
S161,1487096697,21.10,10.40,21.30,11.30,0.10,17.40
S161,1487096996,21.10,10.60,21.30,11.60,0.10,17.40
S161,1487097295,21.10,10.90,21.30,11.80,0.10,17.40
S161,1487097594,21.10,11.20,21.30,11.80,0.10,17.40
S161,1487097893,21.20,11.10,21.40,12.30,0.10,17.40
S161,1487098192,21.20,10.90,21.30,11.70,0.10,17.40
S161,1487098491,21.20,11.00,21.30,11.80,0.10,17.40
S161,1487098790,21.10,10.80,21.30,11.40,0.10,17.40
S161,1487099089,21.10,10.70,21.30,11.40,0.10,17.40
S161,1487099388,21.10,10.70,21.30,11.20,0.10,17.40
S161,1487099687,21.10,10.60,21.30,11.40,0.10,17.40
S161,1487099986,21.10,10.60,21.30,11.40,0.10,17.40
S161,1487100285,21.10,10.50,21.30,11.40,0.10,17.40
S161,1487100584,21.10,10.50,21.30,11.40,0.10,17.40
S161,1487100883,21.00,10.40,21.20,11.30,0.10,17.40
S161,1487101182,21.00,10.40,21.20,11.50,0.10,17.40
S161,1487101481,21.00,10.40,21.10,11.40,0.10,17.40
S161,1487101780,21.00,10.50,21.10,11.40,0.10,17.40
S161,1487102079,20.90,10.40,21.00,11.40,0.10,17.40
S161,1487102378,20.90,10.50,21.00,11.40,0.10,17.40
S161,1487102677,20.90,10.60,20.90,11.50,0.10,17.40
S161,1487102976,20.80,10.50,20.90,11.50,0.10,17.40
S161,1487103276,20.80,10.50,20.80,11.50,0.10,17.40
S161,1487103575,20.80,10.50,20.80,11.50,0.10,17.40
S161,1487103874,20.70,10.70,20.80,11.50,0.10,17.40
S161,1487104173,20.70,10.60,20.80,11.40,0.10,17.40
S161,1487104472,20.70,10.70,20.70,11.40,0.10,17.40
S161,1487104771,20.70,10.50,20.80,11.40,0.10,17.40
S161,1487105070,20.60,10.50,20.70,11.50,0.10,17.40
S161,1487105369,20.60,10.50,20.70,11.50,0.10,17.40
S161,1487105668,20.60,10.70,20.60,11.10,0.10,17.40
S161,1487105967,20.60,10.40,20.50,11.20,0.10,17.40
S161,1487106266,20.50,10.60,20.40,11.10,0.10,17.40
S161,1487106565,20.40,10.50,20.30,11.30,0.10,17.40
S161,1487106864,20.40,10.40,20.20,11.40,0.10,17.40
S161,1487107163,20.30,10.60,20.10,11.30,0.10,17.40
S161,1487107462,20.20,10.50,20.10,11.30,0.10,17.40
S161,1487107761,20.20,10.40,20.00,11.30,0.10,17.40
S161,1487108060,20.10,10.50,19.90,11.20,0.10,17.40
S161,1487108359,20.00,10.40,19.80,11.30,0.10,17.40
S161,1487108658,20.00,10.50,19.80,11.50,0.10,17.40
S161,1487108957,19.90,10.50,19.70,11.40,0.10,17.40
S161,1487109256,19.80,10.50,19.70,11.40,0.10,17.40
S161,1487109555,19.80,10.70,19.60,11.40,0.10,17.40
S161,1487109854,19.70,10.70,19.60,11.40,0.10,17.40
S161,1487110153,19.70,10.70,19.50,11.50,0.10,17.30
S161,1487110452,19.60,10.80,19.50,11.50,0.10,17.40
S161,1487110751,19.60,10.90,19.40,11.40,0.10,17.40
S161,1487111050,19.50,10.80,19.40,11.60,0.10,17.40
S161,1487111349,19.50,11.10,19.40,11.70,0.10,17.40
S161,1487111648,19.40,11.10,19.40,11.90,0.10,17.40
S161,1487111947,19.40,11.20,19.40,11.80,0.10,17.40
S161,1487112246,19.40,11.10,19.50,11.80,0.10,17.40
S161,1487112545,19.40,11.10,19.50,11.90,0.10,17.30
S161,1487112844,19.40,11.00,19.50,11.80,0.10,17.40
S161,1487113143,19.40,11.00,19.40,11.60,0.10,17.40
S161,1487113442,19.40,11.10,19.40,11.70,0.10,17.40
S161,1487113741,19.40,11.00,19.40,11.80,0.10,17.40
S161,1487114040,19.40,12.00,19.40,12.90,0.10,17.40
S161,1487114339,19.40,11.80,19.40,12.70,0.10,17.40
S161,1487114638,19.30,11.60,19.40,12.30,0.10,17.40
S161,1487114937,19.30,11.40,19.30,12.00,0.10,17.40
S161,1487115236,19.30,11.10,19.30,11.90,0.10,17.40
S161,1487115535,19.30,11.20,19.30,11.60,0.10,17.30
S161,1487115834,19.30,11.00,19.30,11.50,0.10,17.40
S161,1487116133,19.30,10.80,19.30,11.50,0.10,17.30
S161,1487116432,19.20,10.60,19.20,11.20,0.10,17.30
S161,1487116731,19.20,10.60,19.10,11.20,0.10,17.40
S161,1487117030,19.20,10.50,19.10,11.00,0.10,17.40
S161,1487117329,19.10,10.30,19.00,11.00,0.10,17.40
S161,1487117628,19.00,10.30,19.00,11.10,0.10,17.40
S161,1487117927,19.00,10.40,18.90,10.90,0.10,17.30
S161,1487118226,19.00,10.30,18.90,11.10,0.10,17.40
S161,1487118525,18.90,10.40,18.90,10.90,0.10,17.40
S161,1487118824,18.90,10.30,18.80,11.00,0.10,17.30
S161,1487119123,18.90,10.40,18.80,11.00,0.10,17.40
S161,1487119422,18.80,10.50,18.70,11.10,0.10,17.40
S161,1487119721,18.80,10.50,18.70,11.10,0.10,17.40
S161,1487120020,18.80,10.40,18.60,11.10,0.10,17.30
S161,1487120319,18.70,10.50,18.60,11.10,0.10,17.40
S161,1487120618,18.70,10.50,18.60,11.00,0.10,17.40
S161,1487120917,18.70,10.50,18.60,11.20,0.10,17.40
S161,1487121216,18.60,10.50,18.60,11.20,0.10,17.40
S161,1487121515,18.60,10.60,18.50,11.20,0.10,17.40
S161,1487121814,18.60,10.50,18.50,11.30,0.10,17.40
S161,1487122113,18.60,10.60,18.40,11.20,0.10,17.30
S161,1487122412,18.50,10.60,18.40,11.20,0.10,17.30
S161,1487122711,18.40,10.70,18.40,11.40,0.10,17.40
S161,1487123010,18.40,10.70,18.40,11.50,0.10,17.30
S161,1487123309,18.40,10.80,18.40,11.40,0.10,17.40
S161,1487123608,18.40,10.80,18.30,11.30,0.10,17.40
S161,1487123907,18.30,10.80,18.30,11.40,0.10,17.30
S161,1487124206,18.30,10.80,18.30,11.50,0.10,17.40
S161,1487124505,18.30,10.90,18.30,11.50,0.10,17.30
S161,1487124804,18.30,10.90,18.20,11.40,0.10,17.40
S161,1487125103,18.30,10.90,18.20,11.40,0.10,17.30
S161,1487125402,18.20,10.80,18.20,11.40,0.10,17.30
S161,1487125701,18.20,10.70,18.20,11.50,0.10,17.40
S161,1487126000,18.20,10.70,18.20,11.40,0.10,17.40
S161,1487126299,18.20,10.80,18.20,11.30,0.10,17.40
S161,1487126598,18.20,10.80,18.10,11.30,0.10,17.40
S161,1487126897,18.10,10.70,18.10,11.20,0.10,17.40
S161,1487127196,18.10,10.70,18.10,11.30,0.10,17.40
S161,1487127495,18.10,10.80,18.10,11.30,0.10,17.40
S161,1487127794,18.10,10.70,18.00,11.20,0.10,17.30
S161,1487128093,18.10,10.70,18.00,11.30,0.10,17.30
S161,1487128392,18.10,10.80,18.00,11.30,0.10,17.30
S161,1487128691,18.00,10.60,18.00,11.40,0.10,17.30
S161,1487128990,18.00,10.70,18.00,11.30,0.10,17.30
S161,1487129289,18.00,10.70,18.00,11.50,0.10,17.30
S161,1487129588,18.00,11.00,18.00,11.60,0.10,17.30
S161,1487129887,18.00,10.90,17.90,11.50,0.10,17.30
S161,1487130186,17.90,11.10,17.90,11.50,0.10,17.30
S161,1487130485,17.90,11.00,17.90,11.60,0.10,17.30
S161,1487130784,17.90,11.10,17.90,11.80,0.10,17.30
S161,1487131083,17.90,11.20,17.90,11.70,0.10,17.30
S161,1487131382,17.90,11.20,17.80,11.80,0.10,17.30
S161,1487131681,17.90,11.20,17.90,11.90,0.10,17.30
S161,1487131980,17.80,11.20,17.80,11.90,0.10,17.30
S161,1487132279,17.90,11.50,17.90,11.90,0.10,17.30
S161,1487132578,17.90,11.50,17.90,11.90,0.10,17.40
S161,1487132877,17.80,11.40,17.90,11.90,0.10,17.30
S161,1487133176,17.90,11.50,18.00,12.00,0.10,17.30
S161,1487133475,17.90,11.50,18.00,11.90,0.10,17.30
S161,1487133774,17.90,11.30,18.00,11.80,0.10,17.30
S161,1487134073,17.90,11.50,18.00,11.80,0.10,17.30
S161,1487134372,17.90,11.60,18.10,12.00,0.10,17.30
S161,1487134671,18.00,11.70,18.10,12.10,0.10,17.40
S161,1487134970,18.00,11.70,18.20,12.30,0.10,17.30
S161,1487135269,18.10,11.80,18.30,12.30,0.10,17.30
S161,1487135568,18.10,11.80,18.30,12.30,0.10,17.40
S161,1487135867,18.10,11.80,18.30,12.40,0.10,17.30
S161,1487136166,18.10,11.80,18.40,12.20,0.10,17.40
S161,1487136465,18.20,11.80,18.50,12.30,0.10,17.40
S161,1487136764,18.20,11.70,18.50,12.20,0.10,17.30
S161,1487137063,18.30,11.80,18.50,12.30,0.10,17.30
S161,1487137362,18.30,11.80,18.60,12.40,0.10,17.40
S161,1487137661,18.40,11.80,18.60,12.40,0.10,17.30
S161,1487137960,18.40,11.70,18.70,12.20,0.10,17.30
S161,1487138259,18.40,11.70,18.70,12.10,0.10,17.40
S161,1487138558,18.50,11.70,18.70,12.10,0.10,17.40
S161,1487138857,18.50,11.60,18.70,11.90,0.10,17.40
S161,1487139156,18.50,11.50,18.80,12.00,0.10,17.40
S161,1487139455,18.60,11.50,18.80,11.90,0.10,17.40
S161,1487139754,18.60,11.40,18.80,12.00,0.10,17.40
S161,1487140053,18.60,11.40,18.90,11.90,0.10,17.30
S161,1487140352,18.70,11.50,18.90,11.90,0.10,17.40
S161,1487140651,18.70,11.50,18.90,11.90,0.10,17.40
S161,1487140950,18.80,11.40,18.90,11.80,0.10,17.40
S161,1487141249,18.80,11.50,19.00,12.00,0.10,17.40
S161,1487141549,18.80,11.30,19.00,11.70,0.10,17.40
S161,1487141848,18.80,11.30,19.10,11.80,0.10,17.40
S161,1487142147,18.90,11.30,19.10,11.80,0.10,17.40
S161,1487142446,18.90,11.30,19.10,11.90,0.10,17.30
S161,1487142745,18.90,11.20,19.10,11.70,0.10,17.40
S161,1487143044,19.00,11.10,19.10,11.60,0.10,17.40
S161,1487143343,19.00,11.10,19.20,11.60,0.10,17.40
S161,1487143642,19.00,11.20,19.20,11.70,0.10,17.40
S161,1487143941,19.10,11.10,19.20,11.60,0.10,17.30
S161,1487144240,19.10,10.70,19.30,11.50,0.10,17.30
S161,1487144539,19.10,10.90,19.30,11.30,0.10,17.40
S161,1487144838,19.20,10.90,19.40,11.30,0.10,17.40
S161,1487145137,19.20,10.60,19.40,11.10,0.10,17.40
S161,1487145436,19.20,10.50,19.40,11.10,0.10,17.40
S161,1487145735,19.30,10.60,19.40,11.10,0.10,17.40
S161,1487146034,19.30,10.60,19.40,11.20,0.10,17.40
S161,1487146333,19.30,10.90,19.40,11.50,0.10,17.40
S161,1487146632,19.30,10.90,19.40,11.50,0.10,17.30
S161,1487146931,19.30,11.00,19.40,11.70,0.10,17.40
S161,1487147230,19.30,11.10,19.40,11.70,0.10,17.40
S161,1487147529,19.30,11.00,19.40,11.40,0.10,17.30
S161,1487147828,19.30,11.00,19.30,11.60,0.10,17.30
S161,1487148127,19.30,11.50,19.30,11.70,0.10,17.40
S161,1487148426,19.30,11.10,19.30,11.80,0.10,17.40
S161,1487148725,19.30,11.20,19.30,11.80,0.10,17.40
S161,1487149024,19.30,11.20,19.30,12.00,0.10,17.40
S161,1487149323,19.30,11.00,19.20,11.70,0.10,17.40
S161,1487149622,19.30,11.30,19.20,11.90,0.10,17.30
S161,1487149921,19.20,11.50,19.20,12.10,0.10,17.40
S161,1487150220,19.30,11.40,19.30,12.40,0.10,17.30
S161,1487150519,19.30,11.60,19.40,12.50,0.10,17.40
S161,1487150818,19.30,11.70,19.40,12.40,0.10,17.40
S161,1487151117,19.30,11.60,19.50,12.40,0.10,17.30
S161,1487151416,19.30,11.40,19.60,12.10,0.10,17.40
S161,1487151715,19.40,11.60,19.70,12.10,0.10,17.30
S161,1487152014,19.50,11.70,19.70,12.40,0.10,17.40
S161,1487152313,19.50,11.50,19.80,12.20,0.10,17.40
S161,1487152612,19.60,11.50,19.80,12.10,0.10,17.40
S161,1487152911,19.60,11.30,19.90,12.00,0.10,17.40
S161,1487153210,19.70,11.40,19.90,11.90,0.10,17.40
S161,1487153509,19.80,11.40,20.00,12.10,0.10,17.40
S161,1487153808,19.80,11.10,20.10,12.00,0.10,17.40
S161,1487154107,19.80,11.20,20.10,11.90,0.10,17.40
S161,1487154406,19.90,11.00,20.10,11.60,0.10,17.40
S161,1487154705,19.90,10.80,20.10,11.50,0.10,17.40
S161,1487155004,19.90,10.80,20.10,11.30,0.10,17.40
S161,1487155303,19.90,10.90,20.20,11.40,0.10,17.40
S161,1487155602,20.00,10.80,20.20,11.30,0.10,17.40
S161,1487155901,20.00,10.80,20.20,11.30,0.10,17.40
S161,1487156200,20.10,10.80,20.30,11.20,0.10,17.40
S161,1487156499,20.10,10.60,20.30,11.30,0.10,17.40
S161,1487156798,20.10,10.60,20.40,11.10,0.10,17.40
