Device,Time,DHT1-OUT Temp,DHT1-OUT Hum,DHT2-IN Temp,DHT2-IN Hum,Soil,Infrared
S129,1486911899,21.60,11.10,21.40,8.20,0.10,17.50
S129,1486912198,21.60,11.30,21.40,8.60,0.10,17.40
S129,1486912497,21.50,11.00,21.40,8.50,0.10,17.40
S129,1486912796,21.50,15.90,21.40,8.90,0.10,17.40
S129,1486913095,21.50,11.80,21.40,8.50,0.10,17.50
S129,1486913394,21.40,12.00,21.40,8.70,0.10,17.40
S129,1486913693,21.40,11.90,21.40,9.00,0.10,17.40
S129,1486913992,21.40,12.40,21.40,8.70,0.10,17.40
S129,1486914291,21.40,12.40,21.50,9.20,0.10,17.40
S129,1486914590,21.40,12.60,21.50,8.70,0.10,17.50
S129,1486914889,21.40,12.30,21.60,8.40,0.10,17.50
S129,1486915188,21.40,12.30,21.60,8.70,0.10,17.50
S129,1486915487,21.40,12.50,21.50,8.70,0.10,17.40
S129,1486915786,21.40,12.10,21.40,8.60,0.10,17.50
S129,1486916085,21.40,12.00,21.40,8.50,0.10,17.40
S129,1486916384,21.40,12.10,21.40,8.40,0.10,17.40
S129,1486916683,21.40,12.10,21.30,8.30,0.10,17.50
S129,1486916982,21.40,12.30,21.40,8.50,0.10,17.40
S129,1486917281,21.40,11.90,21.40,8.10,0.10,17.50
S129,1486917580,21.40,12.30,21.40,8.20,0.10,17.40
S129,1486917879,21.40,12.30,21.30,8.40,0.10,17.40
S129,1486918178,21.40,12.10,21.30,8.00,0.10,17.40
S129,1486918477,21.30,11.90,21.20,8.00,0.10,17.50
S129,1486918776,21.30,11.90,21.20,8.10,0.10,17.50
S129,1486919075,21.30,12.00,21.30,8.00,0.10,17.50
S129,1486919374,21.30,11.50,21.30,7.60,0.10,17.40
S129,1486919673,21.30,11.30,21.30,7.60,0.10,17.50
S129,1486919973,21.30,11.30,21.40,7.70,0.10,17.50
S129,1486920272,21.30,11.20,21.30,8.00,0.10,17.40
S129,1486920571,21.30,11.30,21.20,7.90,0.10,17.40
S129,1486920870,21.30,11.20,21.20,7.90,0.10,17.40
S129,1486921169,21.20,11.10,21.20,7.70,0.10,17.50
S129,1486921469,21.20,11.20,21.30,8.10,0.10,17.50
S129,1486921768,21.30,11.40,21.30,8.00,0.10,17.50
S129,1486922067,21.20,11.30,21.40,7.60,0.10,17.40
S129,1486922367,21.30,11.40,21.30,7.90,0.10,17.50
S129,1486922666,21.30,11.30,21.30,7.70,0.10,17.40
S129,1486922966,21.30,11.30,21.20,7.90,0.10,17.40
S129,1486923265,21.30,11.30,21.20,7.80,0.10,17.40
S129,1486923564,21.20,11.30,21.20,8.00,0.10,17.50
S129,1486923863,21.20,11.20,21.30,7.90,0.10,17.40
S129,1486924162,21.30,11.30,21.30,8.20,0.10,17.50
S129,1486924461,21.20,11.30,21.30,8.10,0.10,17.50
S129,1486924761,21.20,11.30,21.20,7.70,0.10,17.40
S129,1486925060,21.30,11.30,21.20,7.70,0.10,17.40
S129,1486925359,21.20,11.20,21.20,7.90,0.10,17.40
S129,1486925658,21.20,11.20,21.30,7.70,0.10,17.50
S129,1486925958,21.20,11.20,21.30,7.90,0.10,17.40
S129,1486926257,21.20,11.30,21.30,7.70,0.10,17.40
S129,1486926557,21.20,11.40,21.30,7.90,0.10,17.40
S129,1486926856,21.20,11.10,21.20,7.80,0.10,17.50
S129,1486927155,21.20,11.30,21.20,8.00,0.10,17.40
S129,1486927454,21.20,11.20,21.20,7.70,0.10,17.40
S129,1486927753,21.20,11.10,21.30,7.70,0.10,17.50
S129,1486928052,21.20,11.10,21.30,7.60,0.10,17.40
S129,1486928352,21.20,11.20,21.30,7.60,0.10,17.40
S129,1486928651,21.20,11.10,21.30,7.60,0.10,17.50
S129,1486928950,21.20,11.20,21.20,7.60,0.10,17.40
S129,1486929249,21.20,11.00,21.20,7.70,0.10,17.50
S129,1486929548,21.20,11.10,21.30,7.70,0.10,17.40
S129,1486929847,21.20,11.20,21.30,8.00,0.10,17.40
S129,1486930146,21.20,11.10,21.30,8.00,0.10,17.40
S129,1486930445,21.20,11.20,21.30,7.60,0.10,17.40
S129,1486930745,21.20,11.00,21.20,7.60,0.10,17.40
S129,1486931044,21.20,11.10,21.20,7.70,0.10,17.40
S129,1486931343,21.20,11.20,21.20,7.80,0.10,17.40
S129,1486931642,21.20,11.00,21.20,7.60,0.10,17.50
S129,1486931941,21.20,11.10,21.30,7.60,0.10,17.40
S129,1486932240,21.20,11.10,21.30,7.90,0.10,17.40
S129,1486932540,21.20,11.00,21.30,7.50,0.10,17.40
S129,1486932839,21.20,11.30,21.30,7.70,0.10,17.40
S129,1486933138,21.20,11.10,21.20,7.70,0.10,17.40
S129,1486933437,21.20,11.00,21.10,7.70,0.10,17.40
S129,1486933736,21.20,11.10,21.10,7.60,0.10,17.50
S129,1486934035,21.20,11.20,21.10,7.80,0.10,17.50
S129,1486934334,21.20,11.40,21.10,8.00,0.10,17.40
S129,1486934633,21.20,11.00,21.00,7.60,0.10,17.50
S129,1486934932,21.10,10.90,20.80,7.80,0.10,17.40
S129,1486935231,21.10,10.90,20.50,8.00,0.10,17.40
S129,1486935530,21.00,10.90,20.50,8.10,0.10,17.40
S129,1486935829,20.90,10.90,20.30,8.20,0.10,17.40
S129,1486936129,20.90,11.00,20.20,8.30,0.10,17.40
S129,1486936428,20.80,11.10,20.10,8.40,0.10,17.40
S129,1486936727,20.70,11.20,20.00,8.60,0.10,17.40
S129,1486937026,20.70,11.30,20.00,8.80,0.10,17.40
S129,1486937325,20.60,11.30,19.90,8.90,0.10,17.40
S129,1486937624,20.50,11.50,19.90,9.10,0.10,17.40
S129,1486937923,20.50,11.70,19.90,9.30,0.10,17.40
S129,1486938222,20.40,11.50,19.90,9.50,0.10,17.40
S129,1486938521,20.40,11.60,19.90,9.60,0.10,17.40
S129,1486938820,20.30,11.70,19.80,9.80,0.10,17.40
S129,1486939119,20.30,11.80,19.90,9.80,0.10,17.40
S129,1486939418,20.20,11.80,19.80,9.80,0.10,17.40
S129,1486939717,20.20,11.90,19.80,9.90,0.10,17.40
S129,1486940016,20.10,12.00,19.70,10.00,0.10,17.40
S129,1486940316,20.10,12.20,19.70,10.10,0.10,17.40
S129,1486940615,20.00,12.00,19.70,10.00,0.10,17.40
S129,1486940914,20.00,12.10,19.60,10.20,0.10,17.40
S129,1486941213,20.00,12.40,19.60,10.30,0.10,17.40
S129,1486941512,20.00,12.30,19.60,10.40,0.10,17.40
S129,1486941811,19.90,12.50,19.60,10.50,0.10,17.40
S129,1486942110,19.90,12.70,19.60,10.60,0.10,17.40
S129,1486942409,19.90,12.50,19.60,10.60,0.10,17.40
S129,1486942708,19.80,12.80,19.50,10.60,0.10,17.40
S129,1486943007,19.80,12.60,19.50,10.70,0.10,17.40
S129,1486943306,19.70,12.50,19.40,10.70,0.10,17.40
S129,1486943605,19.70,12.60,19.40,10.70,0.10,17.40
S129,1486943904,19.70,12.90,19.40,10.80,0.10,17.40
S129,1486944203,19.70,12.70,19.40,10.80,0.10,17.40
S129,1486944502,19.70,12.80,19.30,10.90,0.10,17.40
S129,1486944801,19.60,12.80,19.20,11.00,0.10,17.40
S129,1486945100,19.60,12.70,19.20,11.10,0.10,17.40
S129,1486945399,19.60,13.00,19.10,11.10,0.10,17.40
S129,1486945698,19.50,13.10,19.10,11.20,0.10,17.40
S129,1486945997,19.50,13.10,19.10,11.20,0.10,17.40
S129,1486946296,19.40,12.90,19.00,11.40,0.10,17.40
S129,1486946595,19.40,13.10,19.00,11.50,0.10,17.40
S129,1486946894,19.30,13.10,18.90,11.50,0.10,17.40
S129,1486947193,19.30,13.00,18.90,11.50,0.10,17.40
S129,1486947492,19.30,13.30,18.90,11.50,0.10,17.40
S129,1486947791,19.30,13.20,18.80,11.40,0.10,17.40
S129,1486948090,19.20,13.10,18.80,11.50,0.10,17.40
S129,1486948389,19.20,13.20,18.80,11.60,0.10,17.40
S129,1486948688,19.10,13.10,18.70,11.70,0.10,17.40
S129,1486948987,19.10,13.30,18.70,11.50,0.10,17.40
S129,1486949286,19.10,13.30,18.70,11.60,0.10,17.40
S129,1486949585,19.00,13.20,18.70,11.50,0.10,17.40
S129,1486949884,19.00,13.40,18.60,11.70,0.10,17.40
S129,1486950184,19.00,13.30,18.60,11.70,0.10,17.40
S129,1486950483,19.00,13.30,18.60,11.60,0.10,17.40
S129,1486950782,18.90,13.30,18.60,11.70,0.10,17.40
S129,1486951081,18.90,13.50,18.60,11.90,0.10,17.40
S129,1486951380,18.90,13.70,18.60,12.00,0.10,17.40
S129,1486951679,18.80,13.80,18.50,12.20,0.10,17.40
S129,1486951978,18.80,13.70,18.50,12.30,0.10,17.40
S129,1486952277,18.80,13.90,18.50,12.30,0.10,17.40
S129,1486952576,18.80,13.90,18.50,12.30,0.10,17.40
S129,1486952875,18.80,13.90,18.40,12.30,0.10,17.40
S129,1486953174,18.70,13.70,18.40,12.10,0.10,17.40
S129,1486953473,18.70,13.70,18.40,12.20,0.10,17.40
S129,1486953772,18.70,13.70,18.40,12.10,0.10,17.40
S129,1486954071,18.70,13.80,18.40,12.20,0.10,17.40
S129,1486954370,18.60,13.80,18.30,12.20,0.10,17.40
S129,1486954669,18.60,13.60,18.30,12.10,0.10,17.40
S129,1486954968,18.60,13.50,18.30,12.00,0.10,17.40
S129,1486955267,18.60,13.70,18.30,11.90,0.10,17.40
S129,1486955566,18.60,13.70,18.20,12.10,0.10,17.40
S129,1486955865,18.50,13.80,18.20,12.20,0.10,17.40
S129,1486956164,18.50,13.80,18.20,12.40,0.10,17.40
S129,1486956463,18.50,13.80,18.20,12.20,0.10,17.40
S129,1486956762,18.50,14.00,18.20,12.40,0.10,17.40
S129,1486957061,18.40,13.70,18.20,12.20,0.10,17.40
S129,1486957360,18.40,13.60,18.10,12.00,0.10,17.40
S129,1486957659,18.40,13.70,18.10,12.00,0.10,17.40
S129,1486957958,18.40,13.70,18.10,12.00,0.10,17.40
S129,1486958257,18.40,13.70,18.10,12.00,0.10,17.40
S129,1486958556,18.30,13.60,18.10,12.10,0.10,17.40
S129,1486958855,18.30,13.70,18.00,12.30,0.10,17.40
S129,1486959154,18.30,13.90,18.10,12.40,0.10,17.40
S129,1486959453,18.30,13.90,18.20,12.20,0.10,17.40
S129,1486959752,18.30,13.80,18.20,12.00,0.10,17.40
S129,1486960051,18.30,13.70,18.20,11.90,0.10,17.40
S129,1486960350,18.30,13.80,18.20,11.90,0.10,17.40
S129,1486960649,18.40,13.80,18.20,11.70,0.10,17.40
S129,1486960948,18.30,13.70,18.30,11.60,0.10,17.40
S129,1486961247,18.40,13.50,18.30,11.50,0.10,17.40
S129,1486961546,18.40,13.50,18.20,11.50,0.10,17.40
S129,1486961845,18.40,13.30,18.10,11.50,0.10,17.40
S129,1486962144,18.40,13.50,18.10,11.50,0.10,17.40
S129,1486962443,18.30,13.30,18.00,11.60,0.10,17.40
S129,1486962742,18.30,13.20,18.00,11.60,0.10,17.40
S129,1486963041,18.30,13.30,18.00,11.60,0.10,17.40
S129,1486963340,18.30,13.50,18.00,11.40,0.10,17.40
S129,1486963639,18.30,13.80,18.20,11.60,0.10,17.40
S129,1486963938,18.30,13.90,18.40,11.40,0.10,17.40
S129,1486964237,18.30,14.00,18.50,11.50,0.10,17.40
S129,1486964536,18.40,14.10,18.70,11.40,0.10,17.40
S129,1486964835,18.40,14.10,18.70,11.30,0.10,17.40
S129,1486965134,18.50,14.20,18.80,11.30,0.10,17.40
S129,1486965433,18.50,14.20,18.90,11.30,0.10,17.40
S129,1486965732,18.60,14.20,18.90,11.20,0.10,17.40
S129,1486966031,18.60,14.20,19.00,11.20,0.10,17.40
S129,1486966330,18.60,14.10,19.00,11.20,0.10,17.40
S129,1486966629,18.70,14.10,19.10,11.20,0.10,17.40
S129,1486966928,18.80,14.10,19.10,11.10,0.10,17.40
S129,1486967227,18.80,14.10,19.10,11.10,0.10,17.40
S129,1486967526,18.80,14.00,19.20,11.10,0.10,17.40
S129,1486967825,18.90,14.10,19.20,11.10,0.10,17.40
S129,1486968124,18.90,14.00,19.30,11.00,0.10,17.40
S129,1486968423,18.90,14.00,19.30,11.00,0.10,17.40
S129,1486968722,19.00,14.00,19.30,11.00,0.10,17.40
S129,1486969021,19.00,13.90,19.40,11.00,0.10,17.40
S129,1486969320,19.10,14.00,19.40,10.90,0.10,17.40
S129,1486969619,19.10,13.90,19.40,10.90,0.10,17.40
S129,1486969918,19.20,13.90,19.50,10.90,0.10,17.40
S129,1486970217,19.20,13.90,19.50,10.80,0.10,17.40
S129,1486970516,19.20,13.80,19.50,10.70,0.10,17.40
S129,1486970815,19.30,13.90,19.50,10.70,0.10,17.40
S129,1486971114,19.30,13.80,19.60,10.80,0.10,17.40
S129,1486971413,19.30,13.80,19.60,10.60,0.10,17.40
S129,1486971712,19.40,13.90,19.60,10.60,0.10,17.40
S129,1486972011,19.40,13.70,19.60,10.50,0.10,17.40
S129,1486972310,19.40,13.70,19.60,10.50,0.10,17.40
S129,1486972609,19.40,13.60,19.70,10.60,0.10,17.40
S129,1486972908,19.50,13.60,19.70,10.50,0.10,17.40
S129,1486973207,19.50,13.60,19.70,10.40,0.10,17.40
S129,1486973506,19.50,13.60,19.70,10.50,0.10,17.40
S129,1486973805,19.50,13.50,19.80,10.30,0.10,17.40
S129,1486974104,19.60,13.60,19.80,10.40,0.10,17.40
S129,1486974403,19.60,13.50,19.80,10.40,0.10,17.40
S129,1486974702,19.60,13.50,19.80,10.30,0.10,17.40
S129,1486975001,19.70,13.50,19.90,10.30,0.10,17.40
S129,1486975300,19.70,13.50,19.90,10.30,0.10,17.40
S129,1486975599,19.70,13.50,19.90,10.30,0.10,17.40
S129,1486975898,19.70,13.50,20.00,10.30,0.10,17.40
S129,1486976197,19.80,13.50,20.00,10.20,0.10,17.40
S129,1486976496,19.80,13.50,20.10,10.30,0.10,17.40
S129,1486976795,19.80,13.50,20.20,10.30,0.10,17.40
S129,1486977094,19.90,15.50,20.30,11.20,0.10,17.40
S129,1486977393,20.00,13.70,20.40,10.30,0.10,17.40
S129,1486977692,20.00,13.70,20.40,10.30,0.10,17.40
S129,1486977991,20.10,13.70,20.40,10.20,0.10,17.40
S129,1486978290,20.10,13.50,20.40,10.20,0.10,17.40
S129,1486978589,20.20,13.70,20.40,10.10,0.10,17.40
S129,1486978888,20.20,13.50,20.40,10.10,0.10,17.40
S129,1486979187,20.30,13.30,20.40,10.00,0.10,17.40
S129,1486979486,20.30,13.30,20.50,10.10,0.10,17.40
S129,1486979785,20.30,13.40,20.50,10.10,0.10,17.40
S129,1486980084,20.30,13.40,20.60,10.10,0.10,17.40
S129,1486980383,20.40,13.50,20.60,9.90,0.10,17.40
S129,1486980682,20.40,13.50,20.60,10.00,0.10,17.40
S129,1486980981,20.40,13.40,20.60,9.90,0.10,17.40
S129,1486981280,20.40,13.40,20.60,9.90,0.10,17.40
S129,1486981579,20.40,13.30,20.70,9.90,0.10,17.40
S129,1486981878,20.50,13.50,20.70,9.80,0.10,17.50
S129,1486982177,20.50,13.30,20.70,9.70,0.10,17.40
S129,1486982476,20.50,13.10,20.80,10.30,0.10,17.40
S129,1486982775,20.60,13.50,20.80,9.80,0.10,17.40
S129,1486983074,20.60,13.50,20.90,9.80,0.10,17.40
S129,1486983373,20.60,13.30,21.00,9.70,0.10,17.40
S129,1486983672,20.70,13.10,21.00,9.60,0.10,17.50
S129,1486983971,20.70,13.10,21.00,9.80,0.10,17.40
S129,1486984270,20.70,13.30,21.00,10.10,0.10,17.40
S129,1486984569,20.80,13.00,21.00,9.40,0.10,17.40
S129,1486984868,20.80,13.10,21.00,9.40,0.10,17.40
S129,1486985167,20.80,12.80,21.00,9.30,0.10,17.40
S129,1486985466,20.80,12.70,21.00,9.10,0.10,17.50
S129,1486985765,20.80,12.70,21.00,9.30,0.10,17.40
S129,1486986064,20.80,12.80,21.00,9.10,0.10,17.40
S129,1486986363,20.90,12.80,21.10,9.40,0.10,17.40
S129,1486986662,20.90,12.80,21.00,9.20,0.10,17.40
S129,1486986961,20.90,12.80,21.00,9.30,0.10,17.40
S129,1486987260,20.90,12.80,21.00,9.30,0.10,17.50
S129,1486987559,20.90,12.80,21.00,9.20,0.10,17.40
S129,1486987858,20.90,12.60,21.00,8.90,0.10,17.40
S129,1486988157,20.90,12.80,21.10,9.10,0.10,17.40
S129,1486988457,20.90,12.80,21.10,9.20,0.10,17.40
S129,1486988756,20.90,12.70,21.10,9.30,0.10,17.40
S129,1486989055,21.00,12.80,21.10,9.20,0.10,17.50
S129,1486989354,21.00,12.80,21.10,9.10,0.10,17.40
S129,1486989653,21.00,12.90,21.10,9.50,0.10,17.40
S129,1486989952,21.00,12.70,21.10,9.10,0.10,17.40
S129,1486990251,21.00,12.80,21.20,9.10,0.10,17.50
S129,1486990550,21.00,12.80,21.20,9.30,0.10,17.40
S129,1486990849,21.00,12.80,21.20,9.30,0.10,17.40
S129,1486991148,21.10,12.30,21.10,8.80,0.10,17.40
S129,1486991447,21.10,12.00,21.20,8.40,0.10,17.50
S129,1486991746,21.10,12.10,21.10,8.60,0.10,17.40
S129,1486992045,21.10,11.80,21.10,8.50,0.10,17.50
S129,1486992344,21.10,11.90,21.10,8.50,0.10,17.50
S129,1486992643,21.10,12.20,21.10,8.70,0.10,17.40
S129,1486992942,21.10,12.00,21.20,8.80,0.10,17.40
S129,1486993241,21.10,12.30,21.20,8.70,0.10,17.50
S129,1486993540,21.10,11.90,21.20,8.60,0.10,17.40
S129,1486993839,21.10,11.70,21.20,8.20,0.10,17.50
S129,1486994138,21.10,11.90,21.20,8.30,0.10,17.40
S129,1486994437,21.10,12.00,21.20,8.50,0.10,17.40
S129,1486994736,21.10,11.50,21.10,8.10,0.10,17.40
S129,1486995035,21.10,12.00,21.20,8.50,0.10,17.40
S129,1486995334,21.10,11.80,21.20,8.40,0.10,17.50
S129,1486995633,21.10,12.00,21.20,8.60,0.10,17.40
S129,1486995932,21.10,11.90,21.10,8.30,0.10,17.50
S129,1486996231,21.10,12.10,21.20,8.60,0.10,17.50
S129,1486996530,21.10,12.00,21.20,8.60,0.10,17.40
S129,1486996829,21.10,12.10,21.20,8.60,0.10,17.40
S129,1486997128,21.10,12.00,21.20,8.10,0.10,17.50
S129,1486997427,21.10,11.90,21.20,8.10,0.10,17.40
S129,1486997726,21.10,11.60,21.20,7.80,0.10,17.40
S129,1486998025,21.10,11.70,21.20,7.80,0.10,17.40
S129,1486998324,21.10,11.10,21.20,7.80,0.10,17.40
S129,1486998623,21.10,11.20,21.20,7.80,0.10,17.40
S129,1486998922,21.10,11.30,21.20,7.80,0.10,17.40
S129,1486999221,21.10,11.00,21.20,7.50,0.10,17.50
S129,1486999520,21.10,11.20,21.30,7.70,0.10,17.50
S129,1486999819,21.10,11.20,21.30,7.60,0.10,17.50
S129,1487000118,21.10,11.40,21.30,7.70,0.10,17.40
S129,1487000417,21.10,11.20,21.20,7.70,0.10,17.40
S129,1487000716,21.10,11.30,21.20,7.60,0.10,17.50
S129,1487001015,21.10,11.20,21.20,7.50,0.10,17.40
S129,1487001314,21.10,11.10,21.20,7.60,0.10,17.40
S129,1487001613,21.10,11.20,21.20,7.80,0.10,17.40
S129,1487001912,21.10,11.50,21.20,7.90,0.10,17.40
S129,1487002211,21.10,11.40,21.20,7.80,0.10,17.40
S129,1487002510,21.10,11.40,21.30,7.60,0.10,17.50
S129,1487002809,21.10,11.30,21.20,7.60,0.10,17.40
S129,1487003108,21.10,11.30,21.20,7.70,0.10,17.50
S129,1487003407,21.10,11.30,21.10,7.50,0.10,17.40
S129,1487003706,21.10,11.20,21.10,7.70,0.10,17.50
S129,1487004005,21.10,11.10,21.20,7.70,0.10,17.40
S129,1487004304,21.10,11.50,21.20,7.80,0.10,17.40
S129,1487004603,21.10,11.30,21.30,7.70,0.10,17.40
S129,1487004902,21.10,11.40,21.40,7.90,0.10,17.40
S129,1487005201,21.10,11.50,21.30,7.80,0.10,17.50
S129,1487005500,21.10,11.00,21.30,7.40,0.10,17.50
S129,1487005799,21.20,11.30,21.30,7.50,0.10,17.40
S129,1487006098,21.20,11.20,21.20,7.60,0.10,17.40
S129,1487006397,21.20,11.40,21.30,7.70,0.10,17.50
S129,1487006696,21.20,11.50,21.30,8.00,0.10,17.50
S129,1487006995,21.20,11.60,21.30,7.70,0.10,17.40
S129,1487007294,21.20,11.20,21.30,7.60,0.10,17.40
S129,1487007593,21.20,11.30,21.30,7.70,0.10,17.50
S129,1487007892,21.20,11.40,21.20,7.70,0.10,17.40
S129,1487008191,21.20,11.60,21.20,7.90,0.10,17.40
S129,1487008490,21.20,11.70,21.20,8.00,0.10,17.40
S129,1487008789,21.20,11.70,21.30,7.90,0.10,17.50
S129,1487009088,21.20,11.70,21.30,8.00,0.10,17.40
S129,1487009387,21.20,11.70,21.20,7.90,0.10,17.40
S129,1487009686,21.20,11.50,21.20,7.80,0.10,17.50
S129,1487009985,21.20,11.70,21.20,8.20,0.10,17.40
S129,1487010284,21.20,11.80,21.20,8.20,0.10,17.50
S129,1487010583,21.20,11.80,21.20,8.20,0.10,17.40
S129,1487010882,21.10,11.80,21.20,8.10,0.10,17.40
S129,1487011181,21.20,11.40,21.20,7.70,0.10,17.50
S129,1487011480,21.10,11.50,21.10,7.80,0.10,17.40
S129,1487011779,21.10,11.40,21.10,7.80,0.10,17.40
S129,1487012078,21.10,11.50,21.20,8.10,0.10,17.50
S129,1487012377,21.10,11.60,21.20,8.10,0.10,17.40
S129,1487012676,21.10,11.60,21.20,7.90,0.10,17.40
S129,1487012975,21.10,11.40,21.10,7.70,0.10,17.50
S129,1487013274,21.10,11.30,21.10,7.70,0.10,17.40
S129,1487013573,21.10,11.50,21.10,7.80,0.10,17.40
S129,1487013872,21.10,11.40,21.20,7.70,0.10,17.40
S129,1487014171,21.10,11.40,21.30,7.90,0.10,17.40
S129,1487014470,21.20,11.40,21.40,7.60,0.10,17.40
S129,1487014769,21.10,11.30,21.40,7.40,0.10,17.40
S129,1487015068,21.20,11.30,21.40,7.20,0.10,17.40
S129,1487015367,21.20,11.10,21.40,7.20,0.10,17.50
S129,1487015666,21.20,11.10,21.40,7.40,0.10,17.40
S129,1487015965,21.20,11.40,21.40,7.40,0.10,17.40
S129,1487016264,21.20,11.40,21.30,7.50,0.10,17.50
S129,1487016563,21.20,11.30,21.40,7.70,0.10,17.40
S129,1487016862,21.20,11.10,21.40,7.20,0.10,17.40
S129,1487017161,21.30,10.80,21.50,7.40,0.10,17.40
S129,1487017460,21.30,11.20,21.50,7.20,0.10,17.50
S129,1487017759,21.30,11.10,21.50,7.40,0.10,17.40
S129,1487018058,21.30,11.30,21.40,7.60,0.10,17.50
S129,1487018357,21.30,11.40,21.40,7.60,0.10,17.50
S129,1487018656,21.30,11.40,21.40,7.40,0.10,17.50
S129,1487018955,21.30,11.20,21.40,7.20,0.10,17.40
S129,1487019254,21.30,11.20,21.30,7.40,0.10,17.50
S129,1487019553,21.30,11.20,21.30,7.50,0.10,17.50
S129,1487019852,21.30,10.90,21.30,7.30,0.10,17.40
S129,1487020151,21.30,11.30,21.30,7.50,0.10,17.40
S129,1487020450,21.20,11.30,21.30,7.60,0.10,17.50
S129,1487020749,21.20,10.90,21.20,7.00,0.10,17.50
S129,1487021048,21.20,10.70,20.90,7.00,0.10,17.40
S129,1487021347,21.20,10.60,20.70,7.10,0.10,17.40
S129,1487021646,21.10,10.60,20.50,7.40,0.10,17.40
S129,1487021945,21.10,10.50,20.40,7.40,0.10,17.50
S129,1487022244,21.00,10.50,20.40,7.50,0.10,17.40
S129,1487022543,21.00,10.60,20.20,7.40,0.10,17.40
S129,1487022842,20.90,10.60,20.10,7.50,0.10,17.40
S129,1487023141,20.80,10.50,20.00,7.60,0.10,17.40
S129,1487023440,20.70,10.50,19.90,7.70,0.10,17.40
S129,1487023739,20.60,10.30,19.70,7.70,0.10,17.40
S129,1487024038,20.60,10.40,19.70,7.70,0.10,17.40
S129,1487024337,20.50,10.30,19.60,7.80,0.10,17.40
S129,1487024636,20.40,10.50,19.50,7.90,0.10,17.40
S129,1487024935,20.30,10.50,19.50,8.00,0.10,17.40
S129,1487025234,20.30,10.80,19.40,8.30,0.10,17.40
S129,1487025533,20.20,10.90,19.40,8.40,0.10,17.40
S129,1487025832,20.10,10.80,19.30,8.50,0.10,17.40
S129,1487026131,20.10,11.00,19.20,8.60,0.10,17.40
S129,1487026430,20.00,11.10,19.20,8.80,0.10,17.40
S129,1487026730,19.90,11.10,19.10,8.80,0.10,17.40
S129,1487027029,19.90,11.30,19.10,9.00,0.10,17.40
S129,1487027328,19.80,11.30,19.10,9.10,0.10,17.40
S129,1487027627,19.80,11.30,19.00,9.20,0.10,17.40
S129,1487027926,19.70,11.50,19.00,9.30,0.10,17.40
S129,1487028225,19.70,11.30,18.90,9.30,0.10,17.40
S129,1487028524,19.60,11.50,18.90,9.40,0.10,17.40
S129,1487028823,19.60,11.70,18.90,9.40,0.10,17.40
S129,1487029122,19.50,11.60,18.80,9.50,0.10,17.40
S129,1487029421,19.50,11.80,18.80,9.50,0.10,17.40
S129,1487029720,19.40,11.80,18.80,9.50,0.10,17.40
S129,1487030019,19.40,11.80,18.70,9.70,0.10,17.40
S129,1487030318,19.40,11.80,18.70,9.70,0.10,17.40
S129,1487030617,19.30,11.90,18.70,9.70,0.10,17.40
S129,1487030916,19.30,12.10,18.80,9.80,0.10,17.40
S129,1487031215,19.30,11.90,18.80,9.80,0.10,17.40
S129,1487031514,19.30,11.90,18.80,9.80,0.10,17.40
S129,1487031813,19.20,11.80,18.70,9.80,0.10,17.40
S129,1487032112,19.20,12.00,18.70,9.80,0.10,17.40
S129,1487032411,19.20,11.90,18.70,9.80,0.10,17.40
S129,1487032710,19.20,11.90,18.70,9.80,0.10,17.40
S129,1487033009,19.10,12.00,18.70,9.80,0.10,17.40
S129,1487033308,19.10,11.90,18.60,9.80,0.10,17.40
S129,1487033607,19.10,12.10,18.60,9.90,0.10,17.40
S129,1487033906,19.00,12.00,18.50,9.90,0.10,17.40
S129,1487034205,19.00,12.00,18.50,9.90,0.10,17.40
S129,1487034504,18.90,12.10,18.40,10.00,0.10,17.40
S129,1487034803,18.90,12.20,18.30,10.10,0.10,17.40
S129,1487035102,18.80,12.00,18.30,10.10,0.10,17.40
S129,1487035401,18.80,12.30,18.30,10.20,0.10,17.40
S129,1487035700,18.80,12.20,18.30,10.20,0.10,17.40
S129,1487035999,18.70,12.40,18.20,10.20,0.10,17.40
S129,1487036298,18.70,12.40,18.20,10.30,0.10,17.40
S129,1487036597,18.70,12.30,18.20,10.40,0.10,17.40
S129,1487036896,18.70,12.40,18.20,10.30,0.10,17.40
S129,1487037195,18.60,12.30,18.20,10.40,0.10,17.40
S129,1487037494,18.60,12.40,18.20,10.30,0.10,17.40
S129,1487037793,18.60,12.50,18.10,10.40,0.10,17.40
S129,1487038092,18.60,12.40,18.10,10.40,0.10,17.40
S129,1487038391,18.50,12.40,18.10,10.50,0.10,17.40
S129,1487038690,18.50,12.40,18.10,10.50,0.10,17.40
S129,1487038989,18.50,12.50,18.10,10.50,0.10,17.40
S129,1487039288,18.50,12.70,18.00,10.50,0.10,17.40
S129,1487039587,18.50,12.40,18.00,10.60,0.10,17.40
S129,1487039886,18.40,12.50,18.00,10.60,0.10,17.40
S129,1487040185,18.40,12.50,18.00,10.60,0.10,17.40
S129,1487040484,18.40,12.70,17.90,10.70,0.10,17.40
S129,1487040783,18.40,12.70,17.90,10.70,0.10,17.40
S129,1487041082,18.30,12.70,17.90,10.70,0.10,17.40
S129,1487041381,18.30,12.80,17.90,10.80,0.10,17.40
S129,1487041680,18.30,12.70,17.90,10.80,0.10,17.40
S129,1487041979,18.30,12.80,17.80,11.00,0.10,17.40
S129,1487042278,18.30,12.90,17.90,10.90,0.10,17.40
S129,1487042577,18.30,12.90,17.80,11.10,0.10,17.40
S129,1487042876,18.20,12.90,17.80,11.10,0.10,17.40
S129,1487043175,18.20,13.00,17.80,11.10,0.10,17.40
S129,1487043474,18.20,12.90,17.80,11.10,0.10,17.40
S129,1487043773,18.20,12.90,17.80,11.20,0.10,17.40
S129,1487044072,18.20,12.90,17.80,11.20,0.10,17.40
S129,1487044371,18.20,13.20,17.80,11.20,0.10,17.40
S129,1487044670,18.20,13.20,17.80,11.30,0.10,17.40
S129,1487044969,18.10,13.10,17.70,11.30,0.10,17.40
S129,1487045268,18.10,13.20,17.70,11.30,0.10,17.40
S129,1487045567,18.10,13.30,17.70,11.30,0.10,17.40
S129,1487045866,18.10,13.20,17.70,11.40,0.10,17.40
S129,1487046165,18.10,13.10,17.70,11.50,0.10,17.40
S129,1487046464,18.10,13.30,17.70,11.50,0.10,17.40
S129,1487046763,18.00,13.20,17.70,11.50,0.10,17.40
S129,1487047062,18.00,13.30,17.70,11.50,0.10,17.40
S129,1487047361,18.00,13.30,17.60,11.60,0.10,17.40
S129,1487047660,18.00,13.20,17.60,11.50,0.10,17.40
S129,1487047959,18.00,13.30,17.60,11.50,0.10,17.40
S129,1487048258,18.00,13.20,17.60,11.50,0.10,17.40
S129,1487048557,18.00,13.50,17.60,11.60,0.10,17.40
S129,1487048856,17.90,13.40,17.60,11.60,0.10,17.40
S129,1487049155,17.90,13.30,17.60,11.60,0.10,17.40
S129,1487049454,17.90,13.50,17.60,11.60,0.10,17.40
S129,1487049753,17.90,13.70,17.80,11.60,0.10,17.40
S129,1487050052,17.90,13.70,17.90,11.40,0.10,17.40
S129,1487050351,18.00,13.80,18.10,11.30,0.10,17.40
S129,1487050650,18.00,13.90,18.20,11.30,0.10,17.40
S129,1487050949,18.00,13.90,18.30,11.30,0.10,17.40
S129,1487051248,18.10,14.00,18.30,11.20,0.10,17.40
S129,1487051547,18.10,14.00,18.30,11.20,0.10,17.40
S129,1487051846,18.20,14.10,18.40,11.20,0.10,17.40
S129,1487052145,18.20,14.10,18.50,11.10,0.10,17.40
S129,1487052444,18.20,14.00,18.60,11.10,0.10,17.40
S129,1487052743,18.30,14.00,18.60,11.10,0.10,17.40
S129,1487053042,18.40,14.10,18.70,11.20,0.10,17.40
S129,1487053341,18.40,14.10,18.70,11.10,0.10,17.40
S129,1487053640,18.40,14.10,18.80,11.20,0.10,17.40
S129,1487053939,18.50,14.10,18.80,11.10,0.10,17.40
S129,1487054238,18.50,14.10,18.80,11.10,0.10,17.40
S129,1487054537,18.50,14.10,18.90,11.20,0.10,17.40
S129,1487054836,18.60,14.10,18.90,11.10,0.10,17.40
S129,1487055135,18.60,14.10,19.00,11.10,0.10,17.40
S129,1487055434,18.70,14.10,19.00,11.10,0.10,17.40
S129,1487055733,18.70,14.10,19.00,11.10,0.10,17.40
S129,1487056032,18.80,14.10,19.10,11.00,0.10,17.40
S129,1487056331,18.80,14.10,19.10,11.00,0.10,17.40
S129,1487056630,18.80,14.10,19.10,11.10,0.10,17.40
S129,1487056929,18.80,14.00,19.20,11.10,0.10,17.40
S129,1487057228,18.90,14.10,19.20,11.10,0.10,17.40
S129,1487057527,18.90,14.00,19.20,11.10,0.10,17.40
S129,1487057826,19.00,14.10,19.30,11.10,0.10,17.40
S129,1487058125,19.00,14.10,19.30,11.20,0.10,17.40
S129,1487058424,19.00,14.10,19.30,11.10,0.10,17.40
S129,1487058723,19.10,14.20,19.40,11.10,0.10,17.40
S129,1487059022,19.10,14.10,19.40,11.10,0.10,17.40
S129,1487059321,19.10,14.10,19.40,11.10,0.10,17.40
S129,1487059620,19.20,14.10,19.50,11.00,0.10,17.40
S129,1487059919,19.20,14.10,19.50,11.00,0.10,17.40
S129,1487060218,19.20,14.10,19.50,11.00,0.10,17.40
S129,1487060517,19.30,14.10,19.60,11.00,0.10,17.40
S129,1487060816,19.30,14.10,19.60,10.90,0.10,17.40
S129,1487061115,19.40,14.10,19.60,11.00,0.10,17.40
S129,1487061414,19.40,14.10,19.70,11.00,0.10,17.40
S129,1487061713,19.40,14.10,19.70,11.10,0.10,17.40
S129,1487062012,19.50,14.10,19.70,11.00,0.10,17.40
S129,1487062311,19.50,14.20,19.80,11.10,0.10,17.40
S129,1487062610,19.50,14.10,19.90,11.00,0.10,17.40
S129,1487062909,19.60,14.10,19.90,11.00,0.10,17.40
S129,1487063208,19.60,14.10,20.00,11.00,0.10,17.40
S129,1487063507,19.70,14.10,20.10,10.80,0.10,17.40
S129,1487063806,19.70,14.00,20.10,10.70,0.10,17.40
S129,1487064105,19.80,14.10,20.20,10.60,0.10,17.40
S129,1487064404,19.80,13.90,20.20,10.60,0.10,17.40
S129,1487064703,19.90,13.90,20.30,10.60,0.10,17.40
S129,1487065003,19.90,13.80,20.30,10.40,0.10,17.40
S129,1487065302,20.00,13.70,20.40,10.50,0.10,17.40
S129,1487065601,20.00,13.80,20.40,10.40,0.10,17.40
S129,1487065900,20.00,13.60,20.40,10.10,0.10,17.40
S129,1487066199,20.10,13.70,20.30,10.30,0.10,17.40
S129,1487066498,20.10,13.60,20.30,10.00,0.10,17.40
S129,1487066797,20.10,13.50,20.40,10.00,0.10,17.40
S129,1487067096,20.10,13.50,20.40,9.80,0.10,17.40
S129,1487067395,20.20,13.30,20.50,9.50,0.10,17.40
S129,1487067694,20.30,13.30,20.50,9.60,0.10,17.40
S129,1487067993,20.30,13.30,20.60,9.40,0.10,17.40
S129,1487068292,20.30,13.20,20.60,9.60,0.10,17.40
S129,1487068591,20.30,13.00,20.60,9.30,0.10,17.40
S129,1487068890,20.40,13.00,20.70,9.40,0.10,17.40
S129,1487069189,20.40,13.00,20.70,9.40,0.10,17.40
S129,1487069488,20.40,13.00,20.70,9.30,0.10,17.40
S129,1487069787,20.40,13.00,20.60,9.30,0.10,17.40
S129,1487070086,20.50,12.90,20.60,9.40,0.10,17.40
S129,1487070385,20.40,12.80,20.60,9.40,0.10,17.40
S129,1487070684,20.50,13.00,20.60,9.30,0.10,17.40
S129,1487070983,20.50,13.10,20.50,9.30,0.10,17.40
S129,1487071282,20.50,13.00,20.50,9.30,0.10,17.40
S129,1487071581,20.50,12.90,20.50,9.10,0.10,17.40
S129,1487071880,20.50,12.90,20.50,9.20,0.10,17.40
S129,1487072179,20.50,12.80,20.60,9.00,0.10,17.40
S129,1487072478,20.50,12.90,20.60,8.90,0.10,17.40
S129,1487072777,20.50,12.80,20.50,8.90,0.10,17.40
S129,1487073076,20.50,12.80,20.60,8.90,0.10,17.40
S129,1487073375,20.50,12.80,20.60,8.80,0.10,17.40
S129,1487073674,20.50,12.70,20.60,8.70,0.10,17.50
S129,1487073973,20.50,12.70,20.60,8.60,0.10,17.40
S129,1487074272,20.50,12.70,20.60,8.70,0.10,17.40
S129,1487074571,20.50,12.70,20.60,8.60,0.10,17.40
S129,1487074870,20.50,12.60,20.60,8.70,0.10,17.50
S129,1487075169,20.50,12.60,20.60,8.50,0.10,17.40
S129,1487075468,20.50,12.60,20.60,8.60,0.10,17.40
S129,1487075767,20.50,12.60,20.60,8.60,0.10,17.40
S129,1487076066,20.50,12.50,20.60,8.30,0.10,17.40
S129,1487076365,20.50,12.40,20.60,8.20,0.10,17.40
S129,1487076664,20.60,12.50,20.60,8.30,0.10,17.40
S129,1487076963,20.50,12.40,20.70,8.50,0.10,17.40
S129,1487077262,20.50,12.50,20.70,8.40,0.10,17.40
S129,1487077561,20.60,12.50,20.70,8.40,0.10,17.40
S129,1487077860,20.60,12.50,20.80,8.50,0.10,17.40
S129,1487078159,20.60,12.50,20.90,8.40,0.10,17.50
S129,1487078458,20.60,12.50,21.00,8.40,0.10,17.40
S129,1487078757,20.70,12.50,21.00,8.30,0.10,17.40
S129,1487079056,20.70,12.50,21.00,8.50,0.10,17.40
S129,1487079355,20.70,12.50,21.00,8.50,0.10,17.40
S129,1487079654,20.80,12.50,21.00,8.30,0.10,17.40
S129,1487079953,20.80,12.30,21.10,8.50,0.10,17.40
S129,1487080252,20.80,11.90,21.10,8.20,0.10,17.40
S129,1487080551,20.80,11.90,21.10,8.00,0.10,17.40
S129,1487080850,20.90,11.40,21.10,7.80,0.10,17.40
S129,1487081149,20.90,11.50,21.00,8.00,0.10,17.40
S129,1487081448,20.90,11.20,21.00,7.80,0.10,17.40
S129,1487081747,20.90,11.70,21.00,8.10,0.10,17.50
S129,1487082046,20.90,11.40,21.00,8.00,0.10,17.50
S129,1487082345,20.90,11.60,21.10,8.10,0.10,17.40
S129,1487082644,20.90,11.50,21.10,8.00,0.10,17.50
S129,1487082943,20.90,11.40,21.10,8.10,0.10,17.40
S129,1487083242,20.90,11.30,21.10,8.00,0.10,17.50
S129,1487083541,20.90,11.50,21.10,7.90,0.10,17.40
S129,1487083840,20.90,11.30,21.10,7.80,0.10,17.40
S129,1487084139,20.90,11.40,21.10,7.90,0.10,17.40
S129,1487084438,20.90,11.30,21.10,7.60,0.10,17.40
S129,1487084737,21.00,11.40,21.10,7.90,0.10,17.40
S129,1487085036,21.00,11.20,21.10,7.80,0.10,17.40
S129,1487085335,21.00,11.20,21.10,7.80,0.10,17.40
S129,1487085634,21.00,11.30,21.10,7.80,0.10,17.40
S129,1487085933,21.00,11.10,21.20,7.80,0.10,17.40
S129,1487086232,21.00,11.20,21.20,7.80,0.10,17.40
S129,1487086531,21.00,11.20,21.10,7.70,0.10,17.40
S129,1487086830,21.00,11.30,21.10,7.60,0.10,17.40
S129,1487087129,21.00,11.30,21.10,7.60,0.10,17.50
S129,1487087428,21.00,11.30,21.10,7.70,0.10,17.40
S129,1487087727,21.00,11.20,21.10,7.50,0.10,17.50
S129,1487088026,21.00,11.20,21.10,7.70,0.10,17.40
S129,1487088325,21.00,11.40,21.10,7.70,0.10,17.50
S129,1487088624,21.00,10.80,21.10,7.50,0.10,17.40
S129,1487088923,21.00,11.20,21.10,7.50,0.10,17.40
S129,1487089222,21.00,11.00,21.10,7.70,0.10,17.40
S129,1487089521,21.00,11.30,21.10,7.80,0.10,17.50
S129,1487089820,21.00,11.20,21.10,7.70,0.10,17.40
S129,1487090119,21.00,10.90,21.10,7.30,0.10,17.40
S129,1487090418,21.00,11.10,21.20,7.80,0.10,17.50
S129,1487090717,21.00,11.20,21.20,7.60,0.10,17.40
S129,1487091016,21.00,10.90,21.20,7.50,0.10,17.40
S129,1487091315,21.00,11.20,21.10,7.40,0.10,17.40
S129,1487091614,21.00,11.00,21.10,7.50,0.10,17.40
S129,1487091913,21.00,11.00,21.10,7.40,0.10,17.40
S129,1487092212,21.00,10.80,21.10,7.30,0.10,17.40
S129,1487092511,21.00,10.90,21.20,7.10,0.10,17.40
S129,1487092810,21.00,10.80,21.10,7.00,0.10,17.40
S129,1487093109,21.00,11.00,21.10,7.30,0.10,17.40
S129,1487093408,21.00,11.00,21.00,7.40,0.10,17.40
S129,1487093707,21.00,11.00,21.00,7.30,0.10,17.50
S129,1487094006,21.00,11.00,21.00,7.40,0.10,17.40
S129,1487094305,21.00,10.90,21.00,7.10,0.10,17.40
S129,1487094604,21.00,10.90,21.00,7.40,0.10,17.40
S129,1487094903,21.00,10.90,21.10,7.10,0.10,17.40
S129,1487095202,21.00,10.90,21.10,7.20,0.10,17.50
S129,1487095501,21.00,10.70,21.10,7.30,0.10,17.40
S129,1487095800,21.00,10.60,21.10,7.00,0.10,17.50
S129,1487096099,21.00,10.70,21.10,7.00,0.10,17.50
S129,1487096398,21.00,10.70,21.10,7.00,0.10,17.50
S129,1487096697,21.00,10.90,21.10,7.10,0.10,17.40
S129,1487096996,21.00,10.90,21.10,7.00,0.10,17.40
S129,1487097295,21.00,10.90,21.10,7.10,0.10,17.40
S129,1487097594,21.00,10.60,21.10,6.90,0.10,17.40
S129,1487097893,21.00,10.50,21.10,6.60,0.10,17.40
S129,1487098192,21.00,10.30,21.10,6.50,0.10,17.50
S129,1487098491,21.00,10.40,21.10,6.70,0.10,17.50
S129,1487098790,21.00,10.20,21.10,6.60,0.10,17.40
S129,1487099089,21.00,9.90,21.10,6.60,0.10,17.40
S129,1487099388,21.00,10.50,21.10,6.90,0.10,17.40
S129,1487099687,21.00,10.80,21.10,6.90,0.10,17.50
S129,1487099986,21.00,10.60,21.10,6.50,0.10,17.50
S129,1487100285,21.00,10.50,21.10,6.30,0.10,17.50
S129,1487100584,21.00,10.30,21.10,6.20,0.10,17.40
S129,1487100883,21.00,10.20,21.00,6.30,0.10,17.40
S129,1487101182,21.00,10.30,21.00,6.60,0.10,17.50
S129,1487101481,21.00,10.30,21.00,6.40,0.10,17.40
S129,1487101780,21.00,10.50,21.00,6.60,0.10,17.40
S129,1487102079,21.00,10.60,21.00,6.80,0.10,17.50
S129,1487102378,21.00,10.70,20.90,6.80,0.10,17.40
S129,1487102677,21.00,10.70,20.90,6.90,0.10,17.40
S129,1487102976,20.90,10.60,20.80,6.60,0.10,17.40
S129,1487103276,20.90,10.60,20.70,6.60,0.10,17.40
S129,1487103575,20.90,10.80,20.70,6.80,0.10,17.40
S129,1487103874,20.90,10.80,20.70,6.60,0.10,17.50
S129,1487104173,20.80,10.80,20.70,6.70,0.10,17.40
S129,1487104472,20.80,10.70,20.60,6.80,0.10,17.40
S129,1487104771,20.80,10.70,20.60,6.70,0.10,17.50
S129,1487105070,20.80,10.70,20.60,6.60,0.10,17.50
S129,1487105369,20.70,10.80,20.60,6.60,0.10,17.40
S129,1487105668,20.70,10.70,20.50,6.70,0.10,17.40
S129,1487105967,20.70,10.70,20.50,6.70,0.10,17.40
S129,1487106266,20.70,10.70,20.50,6.60,0.10,17.40
S129,1487106565,20.70,10.80,20.50,6.60,0.10,17.40
S129,1487106864,20.60,10.30,20.40,6.70,0.10,17.40
S129,1487107163,20.60,10.00,20.20,6.60,0.10,17.40
S129,1487107462,20.60,9.90,20.00,6.60,0.10,17.40
S129,1487107761,20.50,10.20,19.90,6.70,0.10,17.40
S129,1487108060,20.50,9.70,19.80,6.80,0.10,17.40
S129,1487108359,20.40,9.70,19.70,6.80,0.10,17.40
S129,1487108658,20.30,9.70,19.60,6.80,0.10,17.40
S129,1487108957,20.30,9.60,19.50,6.70,0.10,17.40
S129,1487109256,20.20,9.60,19.40,6.70,0.10,17.40
S129,1487109555,20.10,9.50,19.40,6.80,0.10,17.40
S129,1487109854,20.00,9.40,19.30,6.90,0.10,17.40
S129,1487110153,20.00,9.70,19.20,7.00,0.10,17.40
S129,1487110452,19.90,9.70,19.20,7.00,0.10,17.40
S129,1487110751,19.90,9.50,19.20,7.00,0.10,17.40
S129,1487111050,19.80,9.70,19.10,7.10,0.10,17.40
S129,1487111349,19.80,9.90,19.00,7.10,0.10,17.40
S129,1487111648,19.70,9.60,19.00,7.20,0.10,17.40
S129,1487111947,19.60,9.50,18.90,7.20,0.10,17.40
S129,1487112246,19.60,9.70,18.80,7.30,0.10,17.40
S129,1487112545,19.50,10.00,18.80,7.50,0.10,17.40
S129,1487112844,19.40,10.00,18.90,7.60,0.10,17.40
S129,1487113143,19.40,10.10,18.90,7.60,0.10,17.40
S129,1487113442,19.40,10.10,18.90,7.50,0.10,17.40
S129,1487113741,19.40,10.00,18.90,7.50,0.10,17.40
S129,1487114040,19.30,9.90,18.90,7.40,0.10,17.40
S129,1487114339,19.30,9.80,18.90,7.30,0.10,17.40
S129,1487114638,19.30,10.00,18.90,7.30,0.10,17.40
S129,1487114937,19.20,10.00,18.90,7.30,0.10,17.40
S129,1487115236,19.20,10.70,18.90,8.40,0.10,17.40
S129,1487115535,19.20,11.00,18.90,8.40,0.10,17.40
S129,1487115834,19.20,10.80,18.90,8.10,0.10,17.40
S129,1487116133,19.20,10.80,18.80,7.80,0.10,17.40
S129,1487116432,19.10,10.50,18.80,7.60,0.10,17.40
S129,1487116731,19.10,10.10,18.80,7.30,0.10,17.40
S129,1487117030,19.10,10.20,18.80,7.10,0.10,17.40
S129,1487117329,19.10,10.00,18.70,7.00,0.10,17.40
S129,1487117628,19.10,9.90,18.70,6.70,0.10,17.40
S129,1487117927,19.00,9.40,18.70,6.80,0.10,17.40
S129,1487118226,19.00,9.50,18.60,6.70,0.10,17.40
S129,1487118525,19.00,9.60,18.50,6.80,0.10,17.40
S129,1487118824,19.00,9.30,18.40,6.70,0.10,17.40
S129,1487119123,18.90,9.50,18.40,6.60,0.10,17.40
S129,1487119422,18.90,9.30,18.30,6.80,0.10,17.40
S129,1487119721,18.80,9.60,18.30,6.60,0.10,17.40
S129,1487120020,18.80,9.30,18.30,6.60,0.10,17.40
S129,1487120319,18.80,9.20,18.20,6.60,0.10,17.40
S129,1487120618,18.70,9.20,18.20,6.60,0.10,17.40
S129,1487120917,18.70,9.30,18.20,6.70,0.10,17.40
S129,1487121216,18.70,9.40,18.10,6.70,0.10,17.40
S129,1487121515,18.60,9.30,18.10,6.70,0.10,17.40
S129,1487121814,18.60,9.40,18.10,6.70,0.10,17.40
S129,1487122113,18.60,9.40,18.00,6.70,0.10,17.40
S129,1487122412,18.50,9.40,18.00,6.70,0.10,17.40
S129,1487122711,18.50,9.60,18.00,6.80,0.10,17.40
S129,1487123010,18.50,9.40,17.90,6.90,0.10,17.40
S129,1487123309,18.40,9.20,17.90,6.90,0.10,17.40
S129,1487123608,18.40,9.40,17.90,7.00,0.10,17.40
S129,1487123907,18.40,9.80,17.90,7.10,0.10,17.40
S129,1487124206,18.30,9.60,17.80,7.20,0.10,17.40
S129,1487124505,18.30,9.60,17.80,7.10,0.10,17.40
S129,1487124804,18.30,9.70,17.80,7.20,0.10,17.40
S129,1487125103,18.20,9.80,17.80,7.20,0.10,17.40
S129,1487125402,18.20,9.60,17.80,7.20,0.10,17.40
S129,1487125701,18.20,9.90,17.70,7.20,0.10,17.40
S129,1487126000,18.20,9.60,17.70,7.20,0.10,17.40
S129,1487126299,18.10,9.60,17.70,7.20,0.10,17.40
S129,1487126598,18.10,9.60,17.70,7.10,0.10,17.40
S129,1487126897,18.10,9.50,17.70,7.10,0.10,17.40
S129,1487127196,18.10,9.50,17.60,7.00,0.10,17.40
S129,1487127495,18.10,9.70,17.60,7.00,0.10,17.40
S129,1487127794,18.00,9.40,17.60,7.00,0.10,17.40
S129,1487128093,18.00,9.40,17.50,7.10,0.10,17.40
S129,1487128392,18.00,9.30,17.50,7.00,0.10,17.40
S129,1487128691,18.00,9.40,17.50,7.10,0.10,17.40
S129,1487128990,17.90,9.60,17.50,7.10,0.10,17.40
S129,1487129289,17.90,9.40,17.50,7.10,0.10,17.40
S129,1487129588,17.90,9.80,17.50,7.00,0.10,17.40
S129,1487129887,17.90,9.40,17.40,7.00,0.10,17.40
S129,1487130186,17.80,9.40,17.40,7.10,0.10,17.40
S129,1487130485,17.80,9.60,17.40,7.20,0.10,17.40
S129,1487130784,17.80,9.70,17.40,7.30,0.10,17.40
S129,1487131083,17.80,9.70,17.40,7.40,0.10,17.40
S129,1487131382,17.80,9.80,17.40,7.40,0.10,17.40
S129,1487131681,17.80,9.80,17.40,7.50,0.10,17.40
S129,1487131980,17.80,9.90,17.30,7.60,0.10,17.40
S129,1487132279,17.70,9.90,17.30,7.60,0.10,17.40
S129,1487132578,17.70,9.80,17.30,7.70,0.10,17.40
S129,1487132877,17.70,10.00,17.30,7.70,0.10,17.40
S129,1487133176,17.70,10.20,17.30,7.80,0.10,17.40
S129,1487133475,17.70,10.20,17.30,7.80,0.10,17.40
S129,1487133774,17.70,10.30,17.40,7.80,0.10,17.40
S129,1487134073,17.70,10.10,17.40,7.70,0.10,17.40
S129,1487134372,17.60,10.30,17.40,7.70,0.10,17.40
S129,1487134671,17.70,10.50,17.50,7.70,0.10,17.40
S129,1487134970,17.70,10.50,17.50,7.70,0.10,17.40
S129,1487135269,17.70,10.20,17.50,7.70,0.10,17.40
S129,1487135568,17.70,10.60,17.60,7.70,0.10,17.40
S129,1487135867,17.70,10.70,17.70,7.80,0.10,17.40
S129,1487136166,17.70,10.90,17.80,7.70,0.10,17.40
S129,1487136465,17.70,11.00,17.90,7.60,0.10,17.40
S129,1487136764,17.80,11.10,18.00,7.60,0.10,17.40
S129,1487137063,17.80,11.10,18.00,7.70,0.10,17.40
S129,1487137362,17.90,11.20,18.10,7.70,0.10,17.40
S129,1487137661,17.90,11.20,18.20,7.70,0.10,17.40
S129,1487137960,18.00,11.20,18.20,7.70,0.10,17.40
S129,1487138259,18.00,11.20,18.20,7.60,0.10,17.40
S129,1487138558,18.00,11.20,18.30,7.50,0.10,17.40
S129,1487138857,18.10,11.30,18.40,7.50,0.10,17.40
S129,1487139156,18.10,11.20,18.40,7.60,0.10,17.40
S129,1487139455,18.20,11.30,18.40,7.40,0.10,17.40
S129,1487139754,18.20,11.20,18.50,7.30,0.10,17.40
S129,1487140053,18.20,11.10,18.50,7.30,0.10,17.40
S129,1487140352,18.30,11.10,18.50,7.20,0.10,17.40
S129,1487140651,18.30,11.10,18.60,7.10,0.10,17.40
S129,1487140950,18.30,11.00,18.60,7.00,0.10,17.40
S129,1487141249,18.40,11.10,18.70,7.00,0.10,17.40
S129,1487141549,18.40,11.00,18.70,7.00,0.10,17.40
S129,1487141848,18.50,11.00,18.70,6.90,0.10,17.40
S129,1487142147,18.50,11.00,18.70,7.00,0.10,17.40
S129,1487142446,18.50,11.00,18.80,7.00,0.10,17.40
S129,1487142745,18.50,11.00,18.80,7.00,0.10,17.40
S129,1487143044,18.60,11.00,18.80,7.00,0.10,17.40
S129,1487143343,18.60,11.00,18.90,6.90,0.10,17.40
S129,1487143642,18.60,11.00,18.90,6.80,0.10,17.40
S129,1487143941,18.70,11.00,18.90,6.80,0.10,17.40
S129,1487144240,18.70,11.00,18.90,6.80,0.10,17.40
S129,1487144539,18.70,10.90,19.00,6.70,0.10,17.40
S129,1487144838,18.70,10.90,19.00,6.70,0.10,17.40
S129,1487145137,18.80,10.80,19.00,6.70,0.10,17.40
S129,1487145436,18.80,10.70,19.00,6.70,0.10,17.40
S129,1487145735,18.80,10.80,19.10,6.70,0.10,17.40
S129,1487146034,18.90,10.90,19.10,6.70,0.10,17.40
S129,1487146333,18.90,10.60,19.10,6.70,0.10,17.40
S129,1487146632,19.00,10.50,19.10,6.40,0.10,17.40
S129,1487146931,19.00,10.50,19.10,6.60,0.10,17.40
S129,1487147230,19.00,10.50,19.10,6.40,0.10,17.40
S129,1487147529,19.00,10.20,19.10,6.60,0.10,17.40
S129,1487147828,19.00,10.30,19.00,6.70,0.10,17.40
S129,1487148127,19.10,10.30,19.00,6.70,0.10,17.40
S129,1487148426,19.10,10.40,19.00,6.80,0.10,17.40
S129,1487148725,19.10,10.20,19.00,6.80,0.10,17.40
S129,1487149024,19.10,10.30,18.90,7.00,0.10,17.40
S129,1487149323,19.10,10.40,18.90,7.20,0.10,17.40
S129,1487149622,19.10,10.50,18.90,7.40,0.10,17.40
S129,1487149921,19.10,10.50,18.90,7.30,0.10,17.40
S129,1487150220,19.10,10.60,18.80,7.30,0.10,17.40
S129,1487150519,19.00,10.10,18.70,7.10,0.10,17.40
S129,1487150818,19.00,10.30,18.80,7.20,0.10,17.40
S129,1487151117,19.00,10.40,18.80,7.40,0.10,17.40
S129,1487151416,19.00,10.70,18.90,7.50,0.10,17.40
S129,1487151715,19.00,10.80,19.00,7.70,0.10,17.40
S129,1487152014,19.00,10.80,19.10,7.40,0.10,17.40
S129,1487152313,19.00,10.80,19.20,7.30,0.10,17.40
S129,1487152612,19.10,10.70,19.30,7.20,0.10,17.40
S129,1487152911,19.10,10.90,19.40,7.20,0.10,17.40
S129,1487153210,19.20,10.80,19.50,7.60,0.10,17.40
S129,1487153509,19.20,11.00,19.50,7.50,0.10,17.40
S129,1487153808,19.30,10.70,19.60,7.00,0.10,17.40
S129,1487154107,19.30,10.80,19.70,7.00,0.10,17.40
S129,1487154406,19.30,10.80,19.70,7.00,0.10,17.40
S129,1487154705,19.40,10.50,19.70,6.90,0.10,17.40
S129,1487155004,19.40,10.30,19.80,6.70,0.10,17.40
S129,1487155303,19.50,10.50,19.80,6.80,0.10,17.40
S129,1487155602,19.50,10.30,19.80,6.40,0.10,17.40
S129,1487155901,19.50,10.10,19.80,6.50,0.10,17.40
S129,1487156200,19.60,10.20,19.80,6.30,0.10,17.40
S129,1487156499,19.60,10.10,19.90,6.30,0.10,17.40
S129,1487156798,19.60,10.00,19.90,6.10,0.10,17.40
S129,1487157097,19.70,9.70,19.90,5.90,0.10,17.40
S129,1487157396,19.70,9.80,20.00,6.10,0.10,17.40
S129,1487157695,19.70,9.70,20.00,6.00,0.10,17.40
S129,1487157994,19.70,9.50,20.00,5.70,0.10,17.40
S129,1487158293,19.80,9.50,20.10,5.80,0.10,17.40
S129,1487158592,19.80,9.60,20.10,5.80,0.10,17.40
S129,1487158891,19.80,9.30,20.10,5.50,0.10,17.40
S129,1487159190,19.90,9.30,20.20,5.70,0.10,17.40
S129,1487159489,19.90,9.30,20.20,5.60,0.10,17.40
S129,1487159788,19.90,9.20,20.20,5.70,0.10,17.40
