Device,Time,DHT1-OUT Temp,DHT1-OUT Hum,DHT2-IN Temp,DHT2-IN Hum,Soil,Infrared
S164,1486911899,0.00,0.00,0.00,0.00,0.10,17.50
S164,1486912198,0.00,0.00,0.00,0.00,0.10,17.50
S164,1486912497,0.00,0.00,0.00,0.00,0.10,17.50
S164,1486912796,0.00,0.00,0.00,0.00,0.10,17.50
S164,1486913095,0.00,0.00,0.00,0.00,0.10,17.50
S164,1486913394,0.00,0.00,0.00,0.00,0.10,17.50
S164,1486913693,0.00,0.00,0.00,0.00,0.10,17.50
S164,1486913992,0.00,0.00,0.00,0.00,0.10,17.50
S164,1486914291,0.00,0.00,0.00,0.00,0.10,17.50
S164,1486914590,0.00,0.00,0.00,0.00,0.10,17.50
S164,1486914889,0.00,0.00,0.00,0.00,0.10,17.50
S164,1486915188,0.00,0.00,0.00,0.00,0.10,17.50
S164,1486915487,0.00,0.00,0.00,0.00,0.10,17.50
S164,1486915786,0.00,0.00,0.00,0.00,0.10,17.50
S164,1486916085,0.00,0.00,0.00,0.00,0.10,17.50
S164,1486916384,0.00,0.00,0.00,0.00,0.10,17.50
S164,1486916683,0.00,0.00,0.00,0.00,0.10,17.50
S164,1486916982,0.00,0.00,0.00,0.00,0.10,17.50
S164,1486917281,0.00,0.00,0.00,0.00,0.10,17.50
S164,1486917580,0.00,0.00,0.00,0.00,0.10,17.50
S164,1486917879,0.00,0.00,0.00,0.00,0.10,17.50
S164,1486918178,0.00,0.00,0.00,0.00,0.10,17.50
S164,1486918477,0.00,0.00,0.00,0.00,0.10,17.50
S164,1486918776,0.00,0.00,0.00,0.00,0.10,17.50
S164,1486919075,0.00,0.00,0.00,0.00,0.10,17.50
S164,1486919374,0.00,0.00,0.00,0.00,0.10,17.50
S164,1486919673,0.00,0.00,0.00,0.00,0.10,17.50
S164,1486919973,0.00,0.00,0.00,0.00,0.10,17.50
S164,1486920272,0.00,0.00,0.00,0.00,0.10,17.50
S164,1486920571,0.00,0.00,0.00,0.00,0.10,17.50
S164,1486920870,0.00,0.00,0.00,0.00,0.10,17.50
S164,1486921170,0.00,0.00,0.00,0.00,0.10,17.50
S164,1486921469,0.00,0.00,0.00,0.00,0.10,17.50
S164,1486921768,0.00,0.00,0.00,0.00,0.10,17.50
S164,1486922067,0.00,0.00,0.00,0.00,0.10,17.50
S164,1486922367,0.00,0.00,0.00,0.00,0.10,17.50
S164,1486922666,0.00,0.00,0.00,0.00,0.10,17.50
S164,1486922966,0.00,0.00,0.00,0.00,0.10,17.50
S164,1486923265,0.00,0.00,0.00,0.00,0.10,17.50
S164,1486923564,0.00,0.00,0.00,0.00,0.10,17.50
S164,1486923863,0.00,0.00,0.00,0.00,0.10,17.50
S164,1486924162,0.00,0.00,0.00,0.00,0.10,17.50
S164,1486924461,0.00,0.00,0.00,0.00,0.10,17.50
S164,1486924761,0.00,0.00,0.00,0.00,0.10,17.50
S164,1486925060,0.00,0.00,0.00,0.00,0.10,17.50
S164,1486925359,0.00,0.00,0.00,0.00,0.10,17.50
S164,1486925658,0.00,0.00,0.00,0.00,0.10,17.50
S164,1486925958,0.00,0.00,0.00,0.00,0.10,17.50
S164,1486926257,0.00,0.00,0.00,0.00,0.10,17.50
S164,1486926556,0.00,0.00,0.00,0.00,0.10,17.50
S164,1486926855,0.00,0.00,0.00,0.00,0.10,17.50
S164,1486927154,0.00,0.00,0.00,0.00,0.10,17.50
S164,1486927453,0.00,0.00,0.00,0.00,0.10,17.50
S164,1486927752,0.00,0.00,0.00,0.00,0.10,17.50
S164,1486928051,0.00,0.00,0.00,0.00,0.10,17.50
S164,1486928351,0.00,0.00,0.00,0.00,0.10,17.50
S164,1486928650,0.00,0.00,0.00,0.00,0.10,17.50
S164,1486928949,0.00,0.00,0.00,0.00,0.10,17.50
S164,1486929248,0.00,0.00,0.00,0.00,0.10,17.50
S164,1486929547,0.00,0.00,0.00,0.00,0.10,17.50
S164,1486929846,0.00,0.00,0.00,0.00,0.10,17.50
S164,1486930145,0.00,0.00,0.00,0.00,0.10,17.50
S164,1486930444,0.00,0.00,0.00,0.00,0.10,17.50
S164,1486930744,0.00,0.00,0.00,0.00,0.10,17.50
S164,1486931043,0.00,0.00,0.00,0.00,0.10,17.50
S164,1486931342,0.00,0.00,0.00,0.00,0.10,17.50
S164,1486931641,0.00,0.00,0.00,0.00,0.10,17.50
S164,1486931940,0.00,0.00,0.00,0.00,0.10,17.50
S164,1486932239,0.00,0.00,0.00,0.00,0.10,17.50
S164,1486932539,0.00,0.00,0.00,0.00,0.10,17.50
S164,1486932838,0.00,0.00,0.00,0.00,0.10,17.50
S164,1486933137,0.00,0.00,0.00,0.00,0.10,17.50
S164,1486933436,0.00,0.00,0.00,0.00,0.10,17.50
S164,1486933735,0.00,0.00,0.00,0.00,0.10,17.50
S164,1486934034,0.00,0.00,0.00,0.00,0.10,17.50
S164,1486934333,0.00,0.00,0.00,0.00,0.10,17.50
S164,1486934632,0.00,0.00,0.00,0.00,0.10,17.50
S164,1486934931,0.00,0.00,0.00,0.00,0.10,17.50
S164,1486935230,0.00,0.00,0.00,0.00,0.10,17.50
S164,1486935529,0.00,0.00,0.00,0.00,0.10,17.50
S164,1486935828,0.00,0.00,0.00,0.00,0.10,17.50
S164,1486936128,0.00,0.00,0.00,0.00,0.10,17.50
S164,1486936427,0.00,0.00,0.00,0.00,0.10,17.50
S164,1486936726,0.00,0.00,0.00,0.00,0.10,17.50
S164,1486937025,0.00,0.00,0.00,0.00,0.10,17.50
S164,1486937324,0.00,0.00,0.00,0.00,0.10,17.50
S164,1486937623,0.00,0.00,0.00,0.00,0.10,17.50
S164,1486937922,0.00,0.00,0.00,0.00,0.10,17.50
S164,1486938221,0.00,0.00,0.00,0.00,0.10,17.50
S164,1486938520,0.00,0.00,0.00,0.00,0.10,17.50
S164,1486938819,0.00,0.00,0.00,0.00,0.10,17.50
S164,1486939118,0.00,0.00,0.00,0.00,0.10,17.50
S164,1486939417,0.00,0.00,0.00,0.00,0.10,17.50
S164,1486939716,0.00,0.00,0.00,0.00,0.10,17.50
S164,1486940015,0.00,0.00,0.00,0.00,0.10,17.50
S164,1486940315,0.00,0.00,0.00,0.00,0.10,17.50
S164,1486940614,0.00,0.00,0.00,0.00,0.10,17.50
S164,1486940913,0.00,0.00,0.00,0.00,0.10,17.50
S164,1486941212,0.00,0.00,0.00,0.00,0.10,17.50
S164,1486941511,0.00,0.00,0.00,0.00,0.10,17.50
S164,1486941810,0.00,0.00,0.00,0.00,0.10,17.50
S164,1486942109,0.00,0.00,0.00,0.00,0.10,17.50
S164,1486942408,0.00,0.00,0.00,0.00,0.10,17.50
S164,1486942707,0.00,0.00,0.00,0.00,0.10,17.50
S164,1486943006,0.00,0.00,0.00,0.00,0.10,17.50
S164,1486943305,0.00,0.00,0.00,0.00,0.10,17.50
S164,1486943604,0.00,0.00,0.00,0.00,0.10,17.50
S164,1486943903,0.00,0.00,0.00,0.00,0.10,17.50
S164,1486944202,0.00,0.00,0.00,0.00,0.10,17.50
S164,1486944501,0.00,0.00,0.00,0.00,0.10,17.50
S164,1486944800,0.00,0.00,0.00,0.00,0.10,17.50
S164,1486945099,0.00,0.00,0.00,0.00,0.10,17.50
S164,1486945398,0.00,0.00,0.00,0.00,0.10,17.50
S164,1486945697,0.00,0.00,0.00,0.00,0.10,17.50
S164,1486945996,0.00,0.00,0.00,0.00,0.10,17.50
S164,1486946295,0.00,0.00,0.00,0.00,0.10,17.50
S164,1486946594,0.00,0.00,0.00,0.00,0.10,17.50
S164,1486946893,0.00,0.00,0.00,0.00,0.10,17.50
S164,1486947192,0.00,0.00,0.00,0.00,0.10,17.50
S164,1486947491,0.00,0.00,0.00,0.00,0.10,17.50
S164,1486947790,0.00,0.00,0.00,0.00,0.10,17.50
S164,1486948089,0.00,0.00,0.00,0.00,0.10,17.50
S164,1486948388,0.00,0.00,0.00,0.00,0.10,17.50
S164,1486948687,0.00,0.00,0.00,0.00,0.10,17.50
S164,1486948986,0.00,0.00,0.00,0.00,0.10,17.50
S164,1486949285,0.00,0.00,0.00,0.00,0.10,17.50
S164,1486949584,0.00,0.00,0.00,0.00,0.10,17.50
S164,1486949883,0.00,0.00,0.00,0.00,0.10,17.50
S164,1486950183,0.00,0.00,0.00,0.00,0.10,17.50
S164,1486950482,0.00,0.00,0.00,0.00,0.10,17.50
S164,1486950781,0.00,0.00,0.00,0.00,0.10,17.50
S164,1486951080,0.00,0.00,0.00,0.00,0.10,17.50
S164,1486951379,0.00,0.00,0.00,0.00,0.10,17.50
S164,1486951678,0.00,0.00,0.00,0.00,0.10,17.50
S164,1486951977,0.00,0.00,0.00,0.00,0.10,17.50
S164,1486952276,0.00,0.00,0.00,0.00,0.10,17.50
S164,1486952575,0.00,0.00,0.00,0.00,0.10,17.50
S164,1486952874,0.00,0.00,0.00,0.00,0.10,17.50
S164,1486953173,0.00,0.00,0.00,0.00,0.10,17.50
S164,1486953472,0.00,0.00,0.00,0.00,0.10,17.50
S164,1486953771,0.00,0.00,0.00,0.00,0.10,17.50
S164,1486954070,0.00,0.00,0.00,0.00,0.10,17.50
S164,1486954369,0.00,0.00,0.00,0.00,0.10,17.50
S164,1486954668,0.00,0.00,0.00,0.00,0.10,17.50
S164,1486954967,0.00,0.00,0.00,0.00,0.10,17.50
S164,1486955266,0.00,0.00,0.00,0.00,0.10,17.50
S164,1486955565,0.00,0.00,0.00,0.00,0.10,17.50
S164,1486955864,0.00,0.00,0.00,0.00,0.10,17.50
S164,1486956163,0.00,0.00,0.00,0.00,0.10,17.50
S164,1486956462,0.00,0.00,0.00,0.00,0.10,17.50
S164,1486956761,0.00,0.00,0.00,0.00,0.10,17.50
S164,1486957060,0.00,0.00,0.00,0.00,0.10,17.50
S164,1486957359,0.00,0.00,0.00,0.00,0.10,17.50
S164,1486957658,0.00,0.00,0.00,0.00,0.10,17.50
S164,1486957957,0.00,0.00,0.00,0.00,0.10,17.50
S164,1486958256,0.00,0.00,0.00,0.00,0.10,17.50
S164,1486958555,0.00,0.00,0.00,0.00,0.10,17.50
S164,1486958854,0.00,0.00,0.00,0.00,0.10,17.50
S164,1486959153,0.00,0.00,0.00,0.00,0.10,17.50
S164,1486959452,0.00,0.00,0.00,0.00,0.10,17.50
S164,1486959751,0.00,0.00,0.00,0.00,0.10,17.50
S164,1486960050,0.00,0.00,0.00,0.00,0.10,17.50
S164,1486960349,0.00,0.00,0.00,0.00,0.10,17.50
S164,1486960648,0.00,0.00,0.00,0.00,0.10,17.50
S164,1486960947,0.00,0.00,0.00,0.00,0.10,17.50
S164,1486961246,0.00,0.00,0.00,0.00,0.10,17.50
S164,1486961545,0.00,0.00,0.00,0.00,0.10,17.50
S164,1486961844,0.00,0.00,0.00,0.00,0.10,17.50
S164,1486962143,0.00,0.00,0.00,0.00,0.10,17.50
S164,1486962442,0.00,0.00,0.00,0.00,0.10,17.50
S164,1486962741,0.00,0.00,0.00,0.00,0.10,17.50
S164,1486963040,0.00,0.00,0.00,0.00,0.10,17.50
S164,1486963339,0.00,0.00,0.00,0.00,0.10,17.50
S164,1486963638,0.00,0.00,0.00,0.00,0.10,17.50
S164,1486963937,0.00,0.00,0.00,0.00,0.10,17.50
S164,1486964236,0.00,0.00,0.00,0.00,0.10,17.50
S164,1486964535,0.00,0.00,0.00,0.00,0.10,17.50
S164,1486964834,0.00,0.00,0.00,0.00,0.10,17.50
S164,1486965133,0.00,0.00,0.00,0.00,0.10,17.50
S164,1486965432,0.00,0.00,0.00,0.00,0.10,17.50
S164,1486965731,0.00,0.00,0.00,0.00,0.10,17.50
S164,1486966030,0.00,0.00,0.00,0.00,0.10,17.50
S164,1486966329,0.00,0.00,0.00,0.00,0.10,17.50
S164,1486966628,0.00,0.00,0.00,0.00,0.10,17.50
S164,1486966927,0.00,0.00,0.00,0.00,0.10,17.50
S164,1486967226,0.00,0.00,0.00,0.00,0.10,17.50
S164,1486967525,0.00,0.00,0.00,0.00,0.10,17.50
S164,1486967824,0.00,0.00,0.00,0.00,0.10,17.50
S164,1486968123,0.00,0.00,0.00,0.00,0.10,17.50
S164,1486968422,0.00,0.00,0.00,0.00,0.10,17.50
S164,1486968721,0.00,0.00,0.00,0.00,0.10,17.50
S164,1486969020,0.00,0.00,0.00,0.00,0.10,17.50
S164,1486969319,0.00,0.00,0.00,0.00,0.10,17.50
S164,1486969618,0.00,0.00,0.00,0.00,0.10,17.50
S164,1486969917,0.00,0.00,0.00,0.00,0.10,17.50
S164,1486970216,0.00,0.00,0.00,0.00,0.10,17.50
S164,1486970515,0.00,0.00,0.00,0.00,0.10,17.50
S164,1486970814,0.00,0.00,0.00,0.00,0.10,17.50
S164,1486971113,0.00,0.00,0.00,0.00,0.10,17.50
S164,1486971412,0.00,0.00,0.00,0.00,0.10,17.50
S164,1486971711,0.00,0.00,0.00,0.00,0.10,17.50
S164,1486972010,0.00,0.00,0.00,0.00,0.10,17.50
S164,1486972309,0.00,0.00,0.00,0.00,0.10,17.50
S164,1486972608,0.00,0.00,0.00,0.00,0.10,17.50
S164,1486972907,0.00,0.00,0.00,0.00,0.10,17.50
S164,1486973206,0.00,0.00,0.00,0.00,0.10,17.50
S164,1486973505,0.00,0.00,0.00,0.00,0.10,17.50
S164,1486973804,0.00,0.00,0.00,0.00,0.10,17.50
S164,1486974103,0.00,0.00,0.00,0.00,0.10,17.50
S164,1486974402,0.00,0.00,0.00,0.00,0.10,17.50
S164,1486974701,0.00,0.00,0.00,0.00,0.10,17.50
S164,1486975000,0.00,0.00,0.00,0.00,0.10,17.50
S164,1486975299,0.00,0.00,0.00,0.00,0.10,17.50
S164,1486975598,0.00,0.00,0.00,0.00,0.10,17.50
S164,1486975897,0.00,0.00,0.00,0.00,0.10,17.50
S164,1486976196,0.00,0.00,0.00,0.00,0.10,17.50
S164,1486976495,0.00,0.00,0.00,0.00,0.10,17.50
S164,1486976794,0.00,0.00,0.00,0.00,0.10,17.50
S164,1486977093,0.00,0.00,0.00,0.00,0.10,17.50
S164,1486977392,0.00,0.00,0.00,0.00,0.10,17.50
S164,1486977691,0.00,0.00,0.00,0.00,0.10,17.50
S164,1486977990,0.00,0.00,0.00,0.00,0.10,17.50
S164,1486978289,0.00,0.00,0.00,0.00,0.10,17.50
S164,1486978588,0.00,0.00,0.00,0.00,0.10,17.50
S164,1486978887,0.00,0.00,0.00,0.00,0.10,17.50
S164,1486979186,0.00,0.00,0.00,0.00,0.10,17.50
S164,1486979485,0.00,0.00,0.00,0.00,0.10,17.50
S164,1486979784,0.00,0.00,0.00,0.00,0.10,17.50
S164,1486980083,0.00,0.00,0.00,0.00,0.10,17.50
S164,1486980382,0.00,0.00,0.00,0.00,0.10,17.50
S164,1486980681,0.00,0.00,0.00,0.00,0.10,17.50
S164,1486980980,0.00,0.00,0.00,0.00,0.10,17.50
S164,1486981279,0.00,0.00,0.00,0.00,0.10,17.50
S164,1486981578,0.00,0.00,0.00,0.00,0.10,17.50
S164,1486981877,0.00,0.00,0.00,0.00,0.10,17.50
S164,1486982176,0.00,0.00,0.00,0.00,0.10,17.50
S164,1486982475,0.00,0.00,0.00,0.00,0.10,17.50
S164,1486982774,0.00,0.00,0.00,0.00,0.10,17.50
S164,1486983073,0.00,0.00,0.00,0.00,0.10,17.50
S164,1486983372,0.00,0.00,0.00,0.00,0.10,17.50
S164,1486983671,0.00,0.00,0.00,0.00,0.10,17.50
S164,1486983970,0.00,0.00,0.00,0.00,0.10,17.50
S164,1486984269,0.00,0.00,0.00,0.00,0.10,17.50
S164,1486984568,0.00,0.00,0.00,0.00,0.10,17.50
S164,1486984867,0.00,0.00,0.00,0.00,0.10,17.50
S164,1486985166,0.00,0.00,0.00,0.00,0.10,17.50
S164,1486985465,0.00,0.00,0.00,0.00,0.10,17.50
S164,1486985764,0.00,0.00,0.00,0.00,0.10,17.50
S164,1486986063,0.00,0.00,0.00,0.00,0.10,17.50
S164,1486986362,0.00,0.00,0.00,0.00,0.10,17.50
S164,1486986661,0.00,0.00,0.00,0.00,0.10,17.50
S164,1486986960,0.00,0.00,0.00,0.00,0.10,17.50
S164,1486987259,0.00,0.00,0.00,0.00,0.10,17.50
S164,1486987558,0.00,0.00,0.00,0.00,0.10,17.50
S164,1486987857,0.00,0.00,0.00,0.00,0.10,17.50
S164,1486988156,0.00,0.00,0.00,0.00,0.10,17.50
S164,1486988456,0.00,0.00,0.00,0.00,0.10,17.50
S164,1486988755,0.00,0.00,0.00,0.00,0.10,17.50
S164,1486989054,0.00,0.00,0.00,0.00,0.10,17.50
S164,1486989353,0.00,0.00,0.00,0.00,0.10,17.50
S164,1486989652,0.00,0.00,0.00,0.00,0.10,17.50
S164,1486989951,0.00,0.00,0.00,0.00,0.10,17.50
S164,1486990250,0.00,0.00,0.00,0.00,0.10,17.50
S164,1486990549,0.00,0.00,0.00,0.00,0.10,17.50
S164,1486990848,0.00,0.00,0.00,0.00,0.10,17.50
S164,1486991147,0.00,0.00,0.00,0.00,0.10,17.50
S164,1486991446,0.00,0.00,0.00,0.00,0.10,17.50
S164,1486991745,0.00,0.00,0.00,0.00,0.10,17.50
S164,1486992044,0.00,0.00,0.00,0.00,0.10,17.50
S164,1486992343,0.00,0.00,0.00,0.00,0.10,17.50
S164,1486992642,0.00,0.00,0.00,0.00,0.10,17.50
S164,1486992941,0.00,0.00,0.00,0.00,0.10,17.50
S164,1486993240,0.00,0.00,0.00,0.00,0.10,17.50
S164,1486993539,0.00,0.00,0.00,0.00,0.10,17.50
S164,1486993838,0.00,0.00,0.00,0.00,0.10,17.50
S164,1486994137,0.00,0.00,0.00,0.00,0.10,17.50
S164,1486994436,0.00,0.00,0.00,0.00,0.10,17.50
S164,1486994735,0.00,0.00,0.00,0.00,0.10,17.50
S164,1486995034,0.00,0.00,0.00,0.00,0.10,17.50
S164,1486995333,0.00,0.00,0.00,0.00,0.10,17.50
S164,1486995632,0.00,0.00,0.00,0.00,0.10,17.50
S164,1486995931,0.00,0.00,0.00,0.00,0.10,17.50
S164,1486996230,0.00,0.00,0.00,0.00,0.10,17.50
S164,1486996529,0.00,0.00,0.00,0.00,0.10,17.50
S164,1486996828,0.00,0.00,0.00,0.00,0.10,17.50
S164,1486997127,0.00,0.00,0.00,0.00,0.10,17.50
S164,1486997426,0.00,0.00,0.00,0.00,0.10,17.50
S164,1486997725,0.00,0.00,0.00,0.00,0.10,17.50
S164,1486998024,0.00,0.00,0.00,0.00,0.10,17.50
S164,1486998323,0.00,0.00,0.00,0.00,0.10,17.50
S164,1486998622,0.00,0.00,0.00,0.00,0.10,17.50
S164,1486998921,0.00,0.00,0.00,0.00,0.10,17.50
S164,1486999220,0.00,0.00,0.00,0.00,0.10,17.50
S164,1486999519,0.00,0.00,0.00,0.00,0.10,17.50
S164,1486999818,0.00,0.00,0.00,0.00,0.10,17.50
S164,1487000117,0.00,0.00,0.00,0.00,0.10,17.50
S164,1487000416,0.00,0.00,0.00,0.00,0.10,17.50
S164,1487000715,0.00,0.00,0.00,0.00,0.10,17.50
S164,1487001014,0.00,0.00,0.00,0.00,0.10,17.50
S164,1487001313,0.00,0.00,0.00,0.00,0.10,17.50
S164,1487001612,0.00,0.00,0.00,0.00,0.10,17.50
S164,1487001911,0.00,0.00,0.00,0.00,0.10,17.50
S164,1487002210,0.00,0.00,0.00,0.00,0.10,17.50
S164,1487002509,0.00,0.00,0.00,0.00,0.10,17.50
S164,1487002808,0.00,0.00,0.00,0.00,0.10,17.50
S164,1487003107,0.00,0.00,0.00,0.00,0.10,17.50
S164,1487003406,0.00,0.00,0.00,0.00,0.10,17.50
S164,1487003705,0.00,0.00,0.00,0.00,0.10,17.50
S164,1487004004,0.00,0.00,0.00,0.00,0.10,17.50
S164,1487004303,0.00,0.00,0.00,0.00,0.10,17.50
S164,1487004602,0.00,0.00,0.00,0.00,0.10,17.50
S164,1487004901,0.00,0.00,0.00,0.00,0.10,17.50
S164,1487005200,0.00,0.00,0.00,0.00,0.10,17.50
S164,1487005499,0.00,0.00,0.00,0.00,0.10,17.50
S164,1487005798,0.00,0.00,0.00,0.00,0.10,17.50
S164,1487006097,0.00,0.00,0.00,0.00,0.10,17.50
S164,1487006396,0.00,0.00,0.00,0.00,0.10,17.50
S164,1487006695,0.00,0.00,0.00,0.00,0.10,17.50
S164,1487006994,0.00,0.00,0.00,0.00,0.10,17.50
S164,1487007293,0.00,0.00,0.00,0.00,0.10,17.50
S164,1487007592,0.00,0.00,0.00,0.00,0.10,17.50
S164,1487007891,0.00,0.00,0.00,0.00,0.10,17.50
S164,1487008190,0.00,0.00,0.00,0.00,0.10,17.50
S164,1487008489,0.00,0.00,0.00,0.00,0.10,17.50
S164,1487008788,0.00,0.00,0.00,0.00,0.10,17.50
S164,1487009087,0.00,0.00,0.00,0.00,0.10,17.50
S164,1487009386,0.00,0.00,0.00,0.00,0.10,17.50
S164,1487009685,0.00,0.00,0.00,0.00,0.10,17.50
S164,1487009984,0.00,0.00,0.00,0.00,0.10,17.50
S164,1487010283,0.00,0.00,0.00,0.00,0.10,17.50
S164,1487010582,0.00,0.00,0.00,0.00,0.10,17.50
S164,1487010881,0.00,0.00,0.00,0.00,0.10,17.50
S164,1487011180,0.00,0.00,0.00,0.00,0.10,17.50
S164,1487011479,0.00,0.00,0.00,0.00,0.10,17.50
S164,1487011778,0.00,0.00,0.00,0.00,0.10,17.50
S164,1487012077,0.00,0.00,0.00,0.00,0.10,17.50
S164,1487012376,0.00,0.00,0.00,0.00,0.10,17.50
S164,1487012675,0.00,0.00,0.00,0.00,0.10,17.50
S164,1487012974,0.00,0.00,0.00,0.00,0.10,17.50
S164,1487013273,0.00,0.00,0.00,0.00,0.10,17.50
S164,1487013572,0.00,0.00,0.00,0.00,0.10,17.50
S164,1487013871,0.00,0.00,0.00,0.00,0.10,17.50
S164,1487014170,0.00,0.00,0.00,0.00,0.10,17.50
S164,1487014469,0.00,0.00,0.00,0.00,0.10,17.50
S164,1487014768,0.00,0.00,0.00,0.00,0.10,17.50
S164,1487015067,0.00,0.00,0.00,0.00,0.10,17.50
S164,1487015366,0.00,0.00,0.00,0.00,0.10,17.50
S164,1487015665,0.00,0.00,0.00,0.00,0.10,17.50
S164,1487015964,0.00,0.00,0.00,0.00,0.10,17.50
S164,1487016263,0.00,0.00,0.00,0.00,0.10,17.50
S164,1487016562,0.00,0.00,0.00,0.00,0.10,17.50
S164,1487016861,0.00,0.00,0.00,0.00,0.10,17.50
S164,1487017160,0.00,0.00,0.00,0.00,0.10,17.50
S164,1487017459,0.00,0.00,0.00,0.00,0.10,17.50
S164,1487017758,0.00,0.00,0.00,0.00,0.10,17.50
S164,1487018057,0.00,0.00,0.00,0.00,0.10,17.50
S164,1487018356,0.00,0.00,0.00,0.00,0.10,17.50
S164,1487018655,0.00,0.00,0.00,0.00,0.10,17.50
S164,1487018954,0.00,0.00,0.00,0.00,0.10,17.50
S164,1487019253,0.00,0.00,0.00,0.00,0.10,17.50
S164,1487019552,0.00,0.00,0.00,0.00,0.10,17.50
S164,1487019851,0.00,0.00,0.00,0.00,0.10,17.50
S164,1487020150,0.00,0.00,0.00,0.00,0.10,17.50
S164,1487020449,0.00,0.00,0.00,0.00,0.10,17.50
S164,1487020748,0.00,0.00,0.00,0.00,0.10,17.50
S164,1487021047,0.00,0.00,0.00,0.00,0.10,17.50
S164,1487021346,0.00,0.00,0.00,0.00,0.10,17.50
S164,1487021645,0.00,0.00,0.00,0.00,0.10,17.50
S164,1487021944,0.00,0.00,0.00,0.00,0.10,17.50
S164,1487022243,0.00,0.00,0.00,0.00,0.10,17.50
S164,1487022542,0.00,0.00,0.00,0.00,0.10,17.50
S164,1487022841,0.00,0.00,0.00,0.00,0.10,17.50
S164,1487023140,0.00,0.00,0.00,0.00,0.10,17.50
S164,1487023439,0.00,0.00,0.00,0.00,0.10,17.50
S164,1487023738,0.00,0.00,0.00,0.00,0.10,17.50
S164,1487024037,0.00,0.00,0.00,0.00,0.10,17.50
S164,1487024336,0.00,0.00,0.00,0.00,0.10,17.50
S164,1487024635,0.00,0.00,0.00,0.00,0.10,17.50
S164,1487024934,0.00,0.00,0.00,0.00,0.10,17.50
S164,1487025233,0.00,0.00,0.00,0.00,0.10,17.50
S164,1487025532,0.00,0.00,0.00,0.00,0.10,17.50
S164,1487025831,0.00,0.00,0.00,0.00,0.10,17.50
S164,1487026130,0.00,0.00,0.00,0.00,0.10,17.50
S164,1487026429,0.00,0.00,0.00,0.00,0.10,17.50
S164,1487026729,0.00,0.00,0.00,0.00,0.10,17.50
S164,1487027028,0.00,0.00,0.00,0.00,0.10,17.50
S164,1487027327,0.00,0.00,0.00,0.00,0.10,17.50
S164,1487027626,0.00,0.00,0.00,0.00,0.10,17.50
S164,1487027925,0.00,0.00,0.00,0.00,0.10,17.50
S164,1487028224,0.00,0.00,0.00,0.00,0.10,17.50
S164,1487028523,0.00,0.00,0.00,0.00,0.10,17.50
S164,1487028822,0.00,0.00,0.00,0.00,0.10,17.50
S164,1487029121,0.00,0.00,0.00,0.00,0.10,17.50
S164,1487029420,0.00,0.00,0.00,0.00,0.10,17.50
S164,1487029719,0.00,0.00,0.00,0.00,0.10,17.50
S164,1487030018,0.00,0.00,0.00,0.00,0.10,17.50
S164,1487030317,0.00,0.00,0.00,0.00,0.10,17.50
S164,1487030616,0.00,0.00,0.00,0.00,0.10,17.50
S164,1487030915,0.00,0.00,0.00,0.00,0.10,17.50
S164,1487031214,0.00,0.00,0.00,0.00,0.10,17.50
S164,1487031513,0.00,0.00,0.00,0.00,0.10,17.50
S164,1487031812,0.00,0.00,0.00,0.00,0.10,17.50
S164,1487032111,0.00,0.00,0.00,0.00,0.10,17.50
S164,1487032410,0.00,0.00,0.00,0.00,0.10,17.50
S164,1487032709,0.00,0.00,0.00,0.00,0.10,17.50
S164,1487033008,0.00,0.00,0.00,0.00,0.10,17.50
S164,1487033307,0.00,0.00,0.00,0.00,0.10,17.50
S164,1487033606,0.00,0.00,0.00,0.00,0.10,17.50
S164,1487033905,0.00,0.00,0.00,0.00,0.10,17.50
S164,1487034204,0.00,0.00,0.00,0.00,0.10,17.50
S164,1487034503,0.00,0.00,0.00,0.00,0.10,17.50
S164,1487034802,0.00,0.00,0.00,0.00,0.10,17.50
S164,1487035101,0.00,0.00,0.00,0.00,0.10,17.50
S164,1487035400,0.00,0.00,0.00,0.00,0.10,17.50
S164,1487035699,0.00,0.00,0.00,0.00,0.10,17.50
S164,1487035998,0.00,0.00,0.00,0.00,0.10,17.50
S164,1487036297,0.00,0.00,0.00,0.00,0.10,17.50
S164,1487036596,0.00,0.00,0.00,0.00,0.10,17.50
S164,1487036895,0.00,0.00,0.00,0.00,0.10,17.50
S164,1487037194,0.00,0.00,0.00,0.00,0.10,17.50
S164,1487037493,0.00,0.00,0.00,0.00,0.10,17.50
S164,1487037792,0.00,0.00,0.00,0.00,0.10,17.50
S164,1487038091,0.00,0.00,0.00,0.00,0.10,17.50
S164,1487038390,0.00,0.00,0.00,0.00,0.10,17.50
S164,1487038689,0.00,0.00,0.00,0.00,0.10,17.50
S164,1487038988,0.00,0.00,0.00,0.00,0.10,17.50
S164,1487039287,0.00,0.00,0.00,0.00,0.10,17.50
S164,1487039586,0.00,0.00,0.00,0.00,0.10,17.50
S164,1487039885,0.00,0.00,0.00,0.00,0.10,17.50
S164,1487040184,0.00,0.00,0.00,0.00,0.10,17.50
S164,1487040483,0.00,0.00,0.00,0.00,0.10,17.50
S164,1487040782,0.00,0.00,0.00,0.00,0.10,17.50
S164,1487041081,0.00,0.00,0.00,0.00,0.10,17.50
S164,1487041380,0.00,0.00,0.00,0.00,0.10,17.50
S164,1487041679,0.00,0.00,0.00,0.00,0.10,17.50
S164,1487041978,0.00,0.00,0.00,0.00,0.10,17.50
S164,1487042277,0.00,0.00,0.00,0.00,0.10,17.50
S164,1487042576,0.00,0.00,0.00,0.00,0.10,17.50
S164,1487042875,0.00,0.00,0.00,0.00,0.10,17.50
S164,1487043174,0.00,0.00,0.00,0.00,0.10,17.50
S164,1487043473,0.00,0.00,0.00,0.00,0.10,17.50
S164,1487043772,0.00,0.00,0.00,0.00,0.10,17.50
S164,1487044071,0.00,0.00,0.00,0.00,0.10,17.50
S164,1487044370,0.00,0.00,0.00,0.00,0.10,17.50
S164,1487044669,0.00,0.00,0.00,0.00,0.10,17.50
S164,1487044968,0.00,0.00,0.00,0.00,0.10,17.50
S164,1487045267,0.00,0.00,0.00,0.00,0.10,17.50
S164,1487045566,0.00,0.00,0.00,0.00,0.10,17.50
S164,1487045865,0.00,0.00,0.00,0.00,0.10,17.50
S164,1487046164,0.00,0.00,0.00,0.00,0.10,17.50
S164,1487046463,0.00,0.00,0.00,0.00,0.10,17.50
S164,1487046762,0.00,0.00,0.00,0.00,0.10,17.50
S164,1487047061,0.00,0.00,0.00,0.00,0.10,17.50
S164,1487047360,0.00,0.00,0.00,0.00,0.10,17.50
S164,1487047659,0.00,0.00,0.00,0.00,0.10,17.50
S164,1487047958,0.00,0.00,0.00,0.00,0.10,17.50
S164,1487048257,0.00,0.00,0.00,0.00,0.10,17.50
S164,1487048556,0.00,0.00,0.00,0.00,0.10,17.50
S164,1487048855,0.00,0.00,0.00,0.00,0.10,17.50
S164,1487049154,0.00,0.00,0.00,0.00,0.10,17.50
S164,1487049453,0.00,0.00,0.00,0.00,0.10,17.50
S164,1487049752,0.00,0.00,0.00,0.00,0.10,17.50
S164,1487050051,0.00,0.00,0.00,0.00,0.10,17.50
S164,1487050350,0.00,0.00,0.00,0.00,0.10,17.50
S164,1487050649,0.00,0.00,0.00,0.00,0.10,17.50
S164,1487050948,0.00,0.00,0.00,0.00,0.10,17.50
S164,1487051247,0.00,0.00,0.00,0.00,0.10,17.50
S164,1487051546,0.00,0.00,0.00,0.00,0.10,17.50
S164,1487051845,0.00,0.00,0.00,0.00,0.10,17.50
S164,1487052144,0.00,0.00,0.00,0.00,0.10,17.50
S164,1487052443,0.00,0.00,0.00,0.00,0.10,17.50
S164,1487052742,0.00,0.00,0.00,0.00,0.10,17.50
S164,1487053041,0.00,0.00,0.00,0.00,0.10,17.50
S164,1487053340,0.00,0.00,0.00,0.00,0.10,17.50
S164,1487053639,0.00,0.00,0.00,0.00,0.10,17.50
S164,1487053938,0.00,0.00,0.00,0.00,0.10,17.50
S164,1487054237,0.00,0.00,0.00,0.00,0.10,17.50
S164,1487054536,0.00,0.00,0.00,0.00,0.10,17.50
S164,1487054835,0.00,0.00,0.00,0.00,0.10,17.50
S164,1487055134,0.00,0.00,0.00,0.00,0.10,17.50
S164,1487055433,0.00,0.00,0.00,0.00,0.10,17.50
S164,1487055732,0.00,0.00,0.00,0.00,0.10,17.50
S164,1487056031,0.00,0.00,0.00,0.00,0.10,17.50
S164,1487056330,0.00,0.00,0.00,0.00,0.10,17.50
S164,1487056629,0.00,0.00,0.00,0.00,0.10,17.50
S164,1487056928,0.00,0.00,0.00,0.00,0.10,17.50
S164,1487057227,0.00,0.00,0.00,0.00,0.10,17.50
S164,1487057526,0.00,0.00,0.00,0.00,0.10,17.50
S164,1487057825,0.00,0.00,0.00,0.00,0.10,17.50
S164,1487058124,0.00,0.00,0.00,0.00,0.10,17.50
S164,1487058423,0.00,0.00,0.00,0.00,0.10,17.50
S164,1487058722,0.00,0.00,0.00,0.00,0.10,17.50
S164,1487059021,0.00,0.00,0.00,0.00,0.10,17.50
S164,1487059320,0.00,0.00,0.00,0.00,0.10,17.50
S164,1487059619,0.00,0.00,0.00,0.00,0.10,17.50
S164,1487059918,0.00,0.00,0.00,0.00,0.10,17.50
S164,1487060217,0.00,0.00,0.00,0.00,0.10,17.50
S164,1487060516,0.00,0.00,0.00,0.00,0.10,17.50
S164,1487060815,0.00,0.00,0.00,0.00,0.10,17.50
S164,1487061114,0.00,0.00,0.00,0.00,0.10,17.50
S164,1487061413,0.00,0.00,0.00,0.00,0.10,17.50
S164,1487061712,0.00,0.00,0.00,0.00,0.10,17.50
S164,1487062011,0.00,0.00,0.00,0.00,0.10,17.50
S164,1487062310,0.00,0.00,0.00,0.00,0.10,17.50
S164,1487062609,0.00,0.00,0.00,0.00,0.10,17.50
S164,1487062908,0.00,0.00,0.00,0.00,0.10,17.50
S164,1487063207,0.00,0.00,0.00,0.00,0.10,17.50
S164,1487063506,0.00,0.00,0.00,0.00,0.10,17.50
S164,1487063805,0.00,0.00,0.00,0.00,0.10,17.50
S164,1487064104,0.00,0.00,0.00,0.00,0.10,17.50
S164,1487064403,0.00,0.00,0.00,0.00,0.10,17.50
S164,1487064702,0.00,0.00,0.00,0.00,0.10,17.50
S164,1487065002,0.00,0.00,0.00,0.00,0.10,17.50
S164,1487065301,0.00,0.00,0.00,0.00,0.10,17.50
S164,1487065600,0.00,0.00,0.00,0.00,0.10,17.50
S164,1487065899,0.00,0.00,0.00,0.00,0.10,17.50
S164,1487066198,0.00,0.00,0.00,0.00,0.10,17.50
S164,1487066497,0.00,0.00,0.00,0.00,0.10,17.50
S164,1487066796,0.00,0.00,0.00,0.00,0.10,17.50
S164,1487067095,0.00,0.00,0.00,0.00,0.10,17.50
S164,1487067394,0.00,0.00,0.00,0.00,0.10,17.50
S164,1487067693,0.00,0.00,0.00,0.00,0.10,17.50
S164,1487067992,0.00,0.00,0.00,0.00,0.10,17.50
S164,1487068291,0.00,0.00,0.00,0.00,0.10,17.50
S164,1487068590,0.00,0.00,0.00,0.00,0.10,17.50
S164,1487068889,0.00,0.00,0.00,0.00,0.10,17.50
S164,1487069188,0.00,0.00,0.00,0.00,0.10,17.50
S164,1487069487,0.00,0.00,0.00,0.00,0.10,17.50
S164,1487069786,0.00,0.00,0.00,0.00,0.10,17.50
S164,1487070085,0.00,0.00,0.00,0.00,0.10,17.50
S164,1487070384,0.00,0.00,0.00,0.00,0.10,17.50
S164,1487070683,0.00,0.00,0.00,0.00,0.10,17.50
S164,1487070982,0.00,0.00,0.00,0.00,0.10,17.50
S164,1487071281,0.00,0.00,0.00,0.00,0.10,17.50
S164,1487071580,0.00,0.00,0.00,0.00,0.10,17.50
S164,1487071879,0.00,0.00,0.00,0.00,0.10,17.50
S164,1487072178,0.00,0.00,0.00,0.00,0.10,17.50
S164,1487072477,0.00,0.00,0.00,0.00,0.10,17.50
S164,1487072776,0.00,0.00,0.00,0.00,0.10,17.50
S164,1487073075,0.00,0.00,0.00,0.00,0.10,17.50
S164,1487073374,0.00,0.00,0.00,0.00,0.10,17.50
S164,1487073673,0.00,0.00,0.00,0.00,0.10,17.50
S164,1487073972,0.00,0.00,0.00,0.00,0.10,17.50
S164,1487074271,0.00,0.00,0.00,0.00,0.10,17.50
S164,1487074570,0.00,0.00,0.00,0.00,0.10,17.50
S164,1487074869,0.00,0.00,0.00,0.00,0.10,17.50
S164,1487075168,0.00,0.00,0.00,0.00,0.10,17.50
S164,1487075467,0.00,0.00,0.00,0.00,0.10,17.50
S164,1487075766,0.00,0.00,0.00,0.00,0.10,17.50
S164,1487076065,0.00,0.00,0.00,0.00,0.10,17.50
S164,1487076364,0.00,0.00,0.00,0.00,0.10,17.50
S164,1487076663,0.00,0.00,0.00,0.00,0.10,17.50
S164,1487076962,0.00,0.00,0.00,0.00,0.10,17.50
S164,1487077261,0.00,0.00,0.00,0.00,0.10,17.50
S164,1487077560,0.00,0.00,0.00,0.00,0.10,17.50
S164,1487077859,0.00,0.00,0.00,0.00,0.10,17.50
S164,1487078158,0.00,0.00,0.00,0.00,0.10,17.50
S164,1487078457,0.00,0.00,0.00,0.00,0.10,17.50
S164,1487078756,0.00,0.00,0.00,0.00,0.10,17.50
S164,1487079055,0.00,0.00,0.00,0.00,0.10,17.50
S164,1487079354,0.00,0.00,0.00,0.00,0.10,17.50
S164,1487079653,0.00,0.00,0.00,0.00,0.10,17.50
S164,1487079952,0.00,0.00,0.00,0.00,0.10,17.50
S164,1487080251,0.00,0.00,0.00,0.00,0.10,17.50
S164,1487080550,0.00,0.00,0.00,0.00,0.10,17.50
S164,1487080849,0.00,0.00,0.00,0.00,0.10,17.50
S164,1487081148,0.00,0.00,0.00,0.00,0.10,17.50
S164,1487081447,0.00,0.00,0.00,0.00,0.10,17.50
S164,1487081746,0.00,0.00,0.00,0.00,0.10,17.50
S164,1487082045,0.00,0.00,0.00,0.00,0.10,17.50
S164,1487082344,0.00,0.00,0.00,0.00,0.10,17.50
S164,1487082643,0.00,0.00,0.00,0.00,0.10,17.50
S164,1487082942,0.00,0.00,0.00,0.00,0.10,17.50
S164,1487083241,0.00,0.00,0.00,0.00,0.10,17.50
S164,1487083540,0.00,0.00,0.00,0.00,0.10,17.50
S164,1487083839,0.00,0.00,0.00,0.00,0.10,17.50
S164,1487084138,0.00,0.00,0.00,0.00,0.10,17.50
S164,1487084437,0.00,0.00,0.00,0.00,0.10,17.50
S164,1487084736,0.00,0.00,0.00,0.00,0.10,17.50
S164,1487085035,0.00,0.00,0.00,0.00,0.10,17.50
S164,1487085334,0.00,0.00,0.00,0.00,0.10,17.50
S164,1487085633,0.00,0.00,0.00,0.00,0.10,17.50
S164,1487085932,0.00,0.00,0.00,0.00,0.10,17.50
S164,1487086231,0.00,0.00,0.00,0.00,0.10,17.50
S164,1487086530,0.00,0.00,0.00,0.00,0.10,17.50
S164,1487086829,0.00,0.00,0.00,0.00,0.10,17.50
S164,1487087128,0.00,0.00,0.00,0.00,0.10,17.50
S164,1487087427,0.00,0.00,0.00,0.00,0.10,17.50
S164,1487087726,0.00,0.00,0.00,0.00,0.10,17.50
S164,1487088025,0.00,0.00,0.00,0.00,0.10,17.50
S164,1487088324,0.00,0.00,0.00,0.00,0.10,17.50
S164,1487088623,0.00,0.00,0.00,0.00,0.10,17.50
S164,1487088922,0.00,0.00,0.00,0.00,0.10,17.50
S164,1487089221,0.00,0.00,0.00,0.00,0.10,17.50
S164,1487089520,0.00,0.00,0.00,0.00,0.10,17.50
S164,1487089819,0.00,0.00,0.00,0.00,0.10,17.50
S164,1487090118,0.00,0.00,0.00,0.00,0.10,17.50
S164,1487090417,0.00,0.00,0.00,0.00,0.10,17.50
S164,1487090716,0.00,0.00,0.00,0.00,0.10,17.50
S164,1487091015,0.00,0.00,0.00,0.00,0.10,17.50
S164,1487091314,0.00,0.00,0.00,0.00,0.10,17.50
S164,1487091613,0.00,0.00,0.00,0.00,0.10,17.50
S164,1487091912,0.00,0.00,0.00,0.00,0.10,17.50
S164,1487092211,0.00,0.00,0.00,0.00,0.10,17.50
S164,1487092510,0.00,0.00,0.00,0.00,0.10,17.50
S164,1487092809,0.00,0.00,0.00,0.00,0.10,17.50
S164,1487093108,0.00,0.00,0.00,0.00,0.10,17.50
S164,1487093407,0.00,0.00,0.00,0.00,0.10,17.50
S164,1487093706,0.00,0.00,0.00,0.00,0.10,17.50
S164,1487094005,0.00,0.00,0.00,0.00,0.10,17.50
S164,1487094304,0.00,0.00,0.00,0.00,0.10,17.50
S164,1487094603,0.00,0.00,0.00,0.00,0.10,17.50
S164,1487094902,0.00,0.00,0.00,0.00,0.10,17.50
S164,1487095201,0.00,0.00,0.00,0.00,0.10,17.50
S164,1487095500,0.00,0.00,0.00,0.00,0.10,17.50
S164,1487095799,0.00,0.00,0.00,0.00,0.10,17.50
S164,1487096098,0.00,0.00,0.00,0.00,0.10,17.50
S164,1487096397,0.00,0.00,0.00,0.00,0.10,17.50
S164,1487096696,0.00,0.00,0.00,0.00,0.10,17.50
S164,1487096995,0.00,0.00,0.00,0.00,0.10,17.50
S164,1487097294,0.00,0.00,0.00,0.00,0.10,17.50
S164,1487097593,0.00,0.00,0.00,0.00,0.10,17.50
S164,1487097892,0.00,0.00,0.00,0.00,0.10,17.50
S164,1487098191,0.00,0.00,0.00,0.00,0.10,17.50
S164,1487098490,0.00,0.00,0.00,0.00,0.10,17.50
S164,1487098789,0.00,0.00,0.00,0.00,0.10,17.50
S164,1487099088,0.00,0.00,0.00,0.00,0.10,17.50
S164,1487099387,0.00,0.00,0.00,0.00,0.10,17.50
S164,1487099686,0.00,0.00,0.00,0.00,0.10,17.50
S164,1487099985,0.00,0.00,0.00,0.00,0.10,17.50
S164,1487100284,0.00,0.00,0.00,0.00,0.10,17.50
S164,1487100583,0.00,0.00,0.00,0.00,0.10,17.50
S164,1487100882,0.00,0.00,0.00,0.00,0.10,17.50
S164,1487101181,0.00,0.00,0.00,0.00,0.10,17.50
S164,1487101480,0.00,0.00,0.00,0.00,0.10,17.50
S164,1487101779,0.00,0.00,0.00,0.00,0.10,17.50
S164,1487102078,0.00,0.00,0.00,0.00,0.10,17.50
S164,1487102377,0.00,0.00,0.00,0.00,0.10,17.50
S164,1487102676,0.00,0.00,0.00,0.00,0.10,17.50
S164,1487102975,0.00,0.00,0.00,0.00,0.10,17.50
S164,1487103275,0.00,0.00,0.00,0.00,0.10,17.50
S164,1487103574,0.00,0.00,0.00,0.00,0.10,17.50
S164,1487103873,0.00,0.00,0.00,0.00,0.10,17.50
S164,1487104172,0.00,0.00,0.00,0.00,0.10,17.50
S164,1487104471,0.00,0.00,0.00,0.00,0.10,17.50
S164,1487104770,0.00,0.00,0.00,0.00,0.10,17.50
S164,1487105069,0.00,0.00,0.00,0.00,0.10,17.50
S164,1487105368,0.00,0.00,0.00,0.00,0.10,17.50
S164,1487105667,0.00,0.00,0.00,0.00,0.10,17.50
S164,1487105966,0.00,0.00,0.00,0.00,0.10,17.50
S164,1487106265,0.00,0.00,0.00,0.00,0.10,17.50
S164,1487106564,0.00,0.00,0.00,0.00,0.10,17.50
S164,1487106863,0.00,0.00,0.00,0.00,0.10,17.50
S164,1487107162,0.00,0.00,0.00,0.00,0.10,17.50
S164,1487107461,0.00,0.00,0.00,0.00,0.10,17.50
S164,1487107760,0.00,0.00,0.00,0.00,0.10,17.50
S164,1487108059,0.00,0.00,0.00,0.00,0.10,17.50
S164,1487108358,0.00,0.00,0.00,0.00,0.10,17.50
S164,1487108657,0.00,0.00,0.00,0.00,0.10,17.50
S164,1487108956,0.00,0.00,0.00,0.00,0.10,17.50
S164,1487109255,0.00,0.00,0.00,0.00,0.10,17.50
S164,1487109554,0.00,0.00,0.00,0.00,0.10,17.50
S164,1487109853,0.00,0.00,0.00,0.00,0.10,17.50
S164,1487110152,0.00,0.00,0.00,0.00,0.10,17.50
S164,1487110451,0.00,0.00,0.00,0.00,0.10,17.50
S164,1487110750,0.00,0.00,0.00,0.00,0.10,17.50
S164,1487111049,0.00,0.00,0.00,0.00,0.10,17.50
S164,1487111348,0.00,0.00,0.00,0.00,0.10,17.50
S164,1487111647,0.00,0.00,0.00,0.00,0.10,17.50
S164,1487111946,0.00,0.00,0.00,0.00,0.10,17.50
S164,1487112245,0.00,0.00,0.00,0.00,0.10,17.50
S164,1487112544,0.00,0.00,0.00,0.00,0.10,17.50
S164,1487112843,0.00,0.00,0.00,0.00,0.10,17.50
S164,1487113142,0.00,0.00,0.00,0.00,0.10,17.50
S164,1487113441,0.00,0.00,0.00,0.00,0.10,17.50
S164,1487113740,0.00,0.00,0.00,0.00,0.10,17.50
S164,1487114039,0.00,0.00,0.00,0.00,0.10,17.50
S164,1487114338,0.00,0.00,0.00,0.00,0.10,17.50
S164,1487114637,0.00,0.00,0.00,0.00,0.10,17.50
S164,1487114936,0.00,0.00,0.00,0.00,0.10,17.50
S164,1487115235,0.00,0.00,0.00,0.00,0.10,17.50
S164,1487115534,0.00,0.00,0.00,0.00,0.10,17.50
S164,1487115833,0.00,0.00,0.00,0.00,0.10,17.50
S164,1487116132,0.00,0.00,0.00,0.00,0.10,17.50
S164,1487116431,0.00,0.00,0.00,0.00,0.10,17.50
S164,1487116730,0.00,0.00,0.00,0.00,0.10,17.50
S164,1487117029,0.00,0.00,0.00,0.00,0.10,17.50
S164,1487117328,0.00,0.00,0.00,0.00,0.10,17.50
S164,1487117627,0.00,0.00,0.00,0.00,0.10,17.50
S164,1487117926,0.00,0.00,0.00,0.00,0.10,17.50
S164,1487118225,0.00,0.00,0.00,0.00,0.10,17.50
S164,1487118524,0.00,0.00,0.00,0.00,0.10,17.50
S164,1487118823,0.00,0.00,0.00,0.00,0.10,17.50
S164,1487119122,0.00,0.00,0.00,0.00,0.10,17.50
S164,1487119421,0.00,0.00,0.00,0.00,0.10,17.50
S164,1487119720,0.00,0.00,0.00,0.00,0.10,17.50
S164,1487120019,0.00,0.00,0.00,0.00,0.10,17.50
S164,1487120318,0.00,0.00,0.00,0.00,0.10,17.50
S164,1487120617,0.00,0.00,0.00,0.00,0.10,17.50
S164,1487120916,0.00,0.00,0.00,0.00,0.10,17.50
S164,1487121215,0.00,0.00,0.00,0.00,0.10,17.50
S164,1487121514,0.00,0.00,0.00,0.00,0.10,17.50
S164,1487121813,0.00,0.00,0.00,0.00,0.10,17.50
S164,1487122112,0.00,0.00,0.00,0.00,0.10,17.50
S164,1487122411,0.00,0.00,0.00,0.00,0.10,17.50
S164,1487122710,0.00,0.00,0.00,0.00,0.10,17.50
S164,1487123009,0.00,0.00,0.00,0.00,0.10,17.50
S164,1487123308,0.00,0.00,0.00,0.00,0.10,17.50
S164,1487123607,0.00,0.00,0.00,0.00,0.10,17.50
S164,1487123906,0.00,0.00,0.00,0.00,0.10,17.50
S164,1487124205,0.00,0.00,0.00,0.00,0.10,17.50
S164,1487124504,0.00,0.00,0.00,0.00,0.10,17.50
S164,1487124803,0.00,0.00,0.00,0.00,0.10,17.50
S164,1487125102,0.00,0.00,0.00,0.00,0.10,17.50
S164,1487125401,0.00,0.00,0.00,0.00,0.10,17.50
S164,1487125700,0.00,0.00,0.00,0.00,0.10,17.50
S164,1487125999,0.00,0.00,0.00,0.00,0.10,17.50
S164,1487126298,0.00,0.00,0.00,0.00,0.10,17.50
S164,1487126597,0.00,0.00,0.00,0.00,0.10,17.50
S164,1487126896,0.00,0.00,0.00,0.00,0.10,17.50
S164,1487127195,0.00,0.00,0.00,0.00,0.10,17.50
S164,1487127494,0.00,0.00,0.00,0.00,0.10,17.50
S164,1487127793,0.00,0.00,0.00,0.00,0.10,17.50
S164,1487128092,0.00,0.00,0.00,0.00,0.10,17.50
S164,1487128391,0.00,0.00,0.00,0.00,0.10,17.50
S164,1487128690,0.00,0.00,0.00,0.00,0.10,17.50
S164,1487128989,0.00,0.00,0.00,0.00,0.10,17.50
S164,1487129288,0.00,0.00,0.00,0.00,0.10,17.50
S164,1487129587,0.00,0.00,0.00,0.00,0.10,17.50
S164,1487129886,0.00,0.00,0.00,0.00,0.10,17.50
S164,1487130185,0.00,0.00,0.00,0.00,0.10,17.50
S164,1487130484,0.00,0.00,0.00,0.00,0.10,17.50
S164,1487130783,0.00,0.00,0.00,0.00,0.10,17.50
S164,1487131082,0.00,0.00,0.00,0.00,0.10,17.50
S164,1487131381,0.00,0.00,0.00,0.00,0.10,17.50
S164,1487131680,0.00,0.00,0.00,0.00,0.10,17.50
S164,1487131979,0.00,0.00,0.00,0.00,0.10,17.50
S164,1487132278,0.00,0.00,0.00,0.00,0.10,17.50
S164,1487132577,0.00,0.00,0.00,0.00,0.10,17.50
S164,1487132876,0.00,0.00,0.00,0.00,0.10,17.50
S164,1487133175,0.00,0.00,0.00,0.00,0.10,17.50
S164,1487133474,0.00,0.00,0.00,0.00,0.10,17.50
S164,1487133773,0.00,0.00,0.00,0.00,0.10,17.50
S164,1487134072,0.00,0.00,0.00,0.00,0.10,17.50
S164,1487134371,0.00,0.00,0.00,0.00,0.10,17.50
S164,1487134670,0.00,0.00,0.00,0.00,0.10,17.50
S164,1487134969,0.00,0.00,0.00,0.00,0.10,17.50
S164,1487135268,0.00,0.00,0.00,0.00,0.10,17.50
S164,1487135567,0.00,0.00,0.00,0.00,0.10,17.50
S164,1487135866,0.00,0.00,0.00,0.00,0.10,17.50
S164,1487136165,0.00,0.00,0.00,0.00,0.10,17.50
S164,1487136464,0.00,0.00,0.00,0.00,0.10,17.50
S164,1487136763,0.00,0.00,0.00,0.00,0.10,17.50
S164,1487137062,0.00,0.00,0.00,0.00,0.10,17.50
S164,1487137361,0.00,0.00,0.00,0.00,0.10,17.50
S164,1487137660,0.00,0.00,0.00,0.00,0.10,17.50
S164,1487137959,0.00,0.00,0.00,0.00,0.10,17.50
S164,1487138258,0.00,0.00,0.00,0.00,0.10,17.50
S164,1487138557,0.00,0.00,0.00,0.00,0.10,17.50
S164,1487138856,0.00,0.00,0.00,0.00,0.10,17.50
S164,1487139155,0.00,0.00,0.00,0.00,0.10,17.50
S164,1487139454,0.00,0.00,0.00,0.00,0.10,17.50
S164,1487139753,0.00,0.00,0.00,0.00,0.10,17.50
S164,1487140052,0.00,0.00,0.00,0.00,0.10,17.50
S164,1487140351,0.00,0.00,0.00,0.00,0.10,17.50
S164,1487140650,0.00,0.00,0.00,0.00,0.10,17.50
S164,1487140949,0.00,0.00,0.00,0.00,0.10,17.50
S164,1487141248,0.00,0.00,0.00,0.00,0.10,17.50
S164,1487141548,0.00,0.00,0.00,0.00,0.10,17.50
S164,1487141847,0.00,0.00,0.00,0.00,0.10,17.50
S164,1487142146,0.00,0.00,0.00,0.00,0.10,17.50
S164,1487142445,0.00,0.00,0.00,0.00,0.10,17.50
S164,1487142744,0.00,0.00,0.00,0.00,0.10,17.50
S164,1487143043,0.00,0.00,0.00,0.00,0.10,17.50
S164,1487143342,0.00,0.00,0.00,0.00,0.10,17.50
S164,1487143641,0.00,0.00,0.00,0.00,0.10,17.50
S164,1487143940,0.00,0.00,0.00,0.00,0.10,17.50
S164,1487144239,0.00,0.00,0.00,0.00,0.10,17.50
S164,1487144538,0.00,0.00,0.00,0.00,0.10,17.50
S164,1487144837,0.00,0.00,0.00,0.00,0.10,17.50
S164,1487145136,0.00,0.00,0.00,0.00,0.10,17.50
S164,1487145435,0.00,0.00,0.00,0.00,0.10,17.50
S164,1487145734,0.00,0.00,0.00,0.00,0.10,17.50
S164,1487146033,0.00,0.00,0.00,0.00,0.10,17.50
S164,1487146332,0.00,0.00,0.00,0.00,0.10,17.50
S164,1487146631,0.00,0.00,0.00,0.00,0.10,17.50
S164,1487146930,0.00,0.00,0.00,0.00,0.10,17.50
S164,1487147229,0.00,0.00,0.00,0.00,0.10,17.50
S164,1487147528,0.00,0.00,0.00,0.00,0.10,17.50
S164,1487147827,0.00,0.00,0.00,0.00,0.10,17.50
S164,1487148126,0.00,0.00,0.00,0.00,0.10,17.50
S164,1487148425,0.00,0.00,0.00,0.00,0.10,17.50
S164,1487148724,0.00,0.00,0.00,0.00,0.10,17.50
S164,1487149023,0.00,0.00,0.00,0.00,0.10,17.50
S164,1487149322,0.00,0.00,0.00,0.00,0.10,17.50
S164,1487149621,0.00,0.00,0.00,0.00,0.10,17.50
S164,1487149920,0.00,0.00,0.00,0.00,0.10,17.50
S164,1487150219,0.00,0.00,0.00,0.00,0.10,17.50
S164,1487150518,0.00,0.00,0.00,0.00,0.10,17.50
S164,1487150817,0.00,0.00,0.00,0.00,0.10,17.50
S164,1487151116,0.00,0.00,0.00,0.00,0.10,17.50
S164,1487151415,0.00,0.00,0.00,0.00,0.10,17.50
S164,1487151714,0.00,0.00,0.00,0.00,0.10,17.50
S164,1487152013,0.00,0.00,0.00,0.00,0.10,17.50
S164,1487152312,0.00,0.00,0.00,0.00,0.10,17.50
S164,1487152611,0.00,0.00,0.00,0.00,0.10,17.50
S164,1487152910,0.00,0.00,0.00,0.00,0.10,17.50
S164,1487153209,0.00,0.00,0.00,0.00,0.10,17.50
S164,1487153508,0.00,0.00,0.00,0.00,0.10,17.50
S164,1487153807,0.00,0.00,0.00,0.00,0.10,17.50
S164,1487154106,0.00,0.00,0.00,0.00,0.10,17.50
S164,1487154405,0.00,0.00,0.00,0.00,0.10,17.50
S164,1487154704,0.00,0.00,0.00,0.00,0.10,17.50
S164,1487155003,0.00,0.00,0.00,0.00,0.10,17.50
S164,1487155302,0.00,0.00,0.00,0.00,0.10,17.50
S164,1487155601,0.00,0.00,0.00,0.00,0.10,17.50
S164,1487155900,0.00,0.00,0.00,0.00,0.10,17.50
S164,1487156199,0.00,0.00,0.00,0.00,0.10,17.50
S164,1487156498,0.00,0.00,0.00,0.00,0.10,17.50
S164,1487156797,0.00,0.00,0.00,0.00,0.10,17.50
