Device,Time,DHT1-OUT Temp,DHT1-OUT Hum,DHT2-IN Temp,DHT2-IN Hum,Soil,Infrared
S157,1486911899,21.50,11.50,21.50,10.50,0.10,17.40
S157,1486912198,21.40,11.50,21.50,10.20,0.10,17.40
S157,1486912497,21.40,11.40,21.40,10.20,0.10,17.40
S157,1486912796,21.40,17.30,21.40,10.30,0.10,17.40
S157,1486913095,21.40,11.30,21.30,10.40,0.10,17.40
S157,1486913394,21.40,11.20,21.30,10.20,0.10,17.40
S157,1486913693,21.40,11.40,21.30,10.60,0.10,17.40
S157,1486913992,21.40,11.90,21.30,10.60,0.10,17.40
S157,1486914291,21.40,12.10,21.40,10.30,0.10,17.40
S157,1486914590,21.30,11.50,21.50,10.50,0.10,17.40
S157,1486914889,21.30,11.30,21.50,10.30,0.10,17.40
S157,1486915188,21.40,12.10,21.50,10.30,0.10,17.40
S157,1486915487,21.30,11.70,21.40,10.60,0.10,17.40
S157,1486915786,21.30,11.80,21.30,10.10,0.10,17.40
S157,1486916085,21.30,11.80,21.30,10.40,0.10,17.40
S157,1486916384,21.30,11.60,21.30,10.10,0.10,17.40
S157,1486916683,21.30,11.10,21.20,10.30,0.10,17.40
S157,1486916982,21.30,11.60,21.20,10.00,0.10,17.40
S157,1486917281,21.20,11.40,21.20,10.10,0.10,17.40
S157,1486917580,21.20,11.70,21.20,10.30,0.10,17.40
S157,1486917879,21.20,11.30,21.20,10.20,0.10,17.40
S157,1486918178,21.20,11.50,21.20,10.00,0.10,17.40
S157,1486918477,21.20,11.10,21.10,9.80,0.10,17.40
S157,1486918776,21.20,11.30,21.10,9.80,0.10,17.40
S157,1486919076,21.20,11.50,21.10,9.70,0.10,17.40
S157,1486919375,21.20,11.20,21.20,9.80,0.10,17.40
S157,1486919674,21.20,11.20,21.20,9.50,0.10,17.40
S157,1486919974,21.20,11.30,21.20,9.40,0.10,17.40
S157,1486920273,21.20,11.00,21.20,9.70,0.10,17.40
S157,1486920572,21.10,11.00,21.20,9.80,0.10,17.40
S157,1486920871,21.20,11.20,21.20,9.90,0.10,17.40
S157,1486921171,21.10,11.10,21.10,9.60,0.10,17.40
S157,1486921470,21.10,11.20,21.20,9.80,0.10,17.40
S157,1486921769,21.20,11.30,21.30,9.80,0.10,17.40
S157,1486922068,21.10,11.20,21.30,9.70,0.10,17.40
S157,1486922368,21.10,11.10,21.20,9.60,0.10,17.40
S157,1486922667,21.20,10.90,21.20,9.40,0.10,17.40
S157,1486922967,21.10,10.80,21.10,9.70,0.10,17.40
S157,1486923266,21.10,11.10,21.10,9.50,0.10,17.40
S157,1486923565,21.10,11.00,21.20,9.60,0.10,17.40
S157,1486923864,21.10,11.00,21.20,9.50,0.10,17.40
S157,1486924163,21.10,11.20,21.20,9.50,0.10,17.40
S157,1486924462,21.10,11.00,21.20,10.00,0.10,17.40
S157,1486924762,21.10,10.90,21.10,9.60,0.10,17.40
S157,1486925061,21.10,10.70,21.10,9.70,0.10,17.40
S157,1486925360,21.10,11.10,21.10,9.50,0.10,17.40
S157,1486925659,21.10,10.90,21.20,9.50,0.10,17.40
S157,1486925959,21.10,11.00,21.20,9.60,0.10,17.40
S157,1486926258,21.10,11.10,21.20,9.60,0.10,17.40
S157,1486926557,21.10,10.80,21.20,9.70,0.10,17.40
S157,1486926856,21.10,10.80,21.10,9.30,0.10,17.40
S157,1486927155,21.10,10.70,21.10,9.50,0.10,17.40
S157,1486927454,21.10,10.90,21.10,9.30,0.10,17.40
S157,1486927753,21.10,10.80,21.20,9.70,0.10,17.40
S157,1486928052,21.10,10.90,21.20,9.40,0.10,17.40
S157,1486928351,21.10,10.90,21.20,9.80,0.10,17.40
S157,1486928650,21.10,10.60,21.20,9.70,0.10,17.40
S157,1486928949,21.10,10.40,21.20,9.60,0.10,17.40
S157,1486929248,21.10,10.90,21.10,9.30,0.10,17.40
S157,1486929547,21.10,11.00,21.20,9.40,0.10,17.40
S157,1486929846,21.00,11.00,21.20,9.70,0.10,17.40
S157,1486930145,21.10,10.90,21.30,9.60,0.10,17.40
S157,1486930444,21.10,10.90,21.20,9.30,0.10,17.40
S157,1486930744,21.10,10.60,21.20,9.60,0.10,17.40
S157,1486931043,21.10,10.50,21.10,9.30,0.10,17.40
S157,1486931342,21.10,10.70,21.10,9.30,0.10,17.40
S157,1486931641,21.10,10.70,21.10,9.30,0.10,17.40
S157,1486931940,21.10,10.90,21.20,9.50,0.10,17.40
S157,1486932239,21.00,10.90,21.20,9.60,0.10,17.40
S157,1486932538,21.10,11.10,21.20,9.40,0.10,17.40
S157,1486932837,21.10,11.00,21.20,9.60,0.10,17.40
S157,1486933136,21.10,10.50,21.20,9.50,0.10,17.40
S157,1486933435,21.10,10.70,21.10,9.30,0.10,17.40
S157,1486933734,21.00,10.90,21.00,9.40,0.10,17.40
S157,1486934033,21.00,11.10,21.00,9.60,0.10,17.40
S157,1486934332,21.00,11.30,21.00,9.60,0.10,17.40
S157,1486934631,21.00,10.70,20.80,9.40,0.10,17.40
S157,1486934930,21.00,10.70,20.60,9.60,0.10,17.40
S157,1486935229,20.90,10.50,20.40,9.70,0.10,17.40
S157,1486935528,20.80,10.40,20.30,9.80,0.10,17.40
S157,1486935827,20.80,10.70,20.20,9.80,0.10,17.40
S157,1486936126,20.70,10.50,20.10,9.90,0.10,17.40
S157,1486936425,20.60,10.50,20.00,10.00,0.10,17.40
S157,1486936724,20.60,10.90,20.00,10.10,0.10,17.40
S157,1486937023,20.50,11.00,19.90,10.20,0.10,17.40
S157,1486937322,20.50,10.80,19.80,10.40,0.10,17.40
S157,1486937621,20.40,11.10,19.80,10.50,0.10,17.40
S157,1486937920,20.40,11.20,19.80,10.70,0.10,17.40
S157,1486938219,20.30,11.10,19.80,10.90,0.10,17.40
S157,1486938518,20.30,11.10,19.80,10.90,0.10,17.40
S157,1486938817,20.20,11.30,19.70,11.00,0.10,17.40
S157,1486939116,20.20,11.40,19.70,11.00,0.10,17.40
S157,1486939415,20.10,11.30,19.60,11.10,0.10,17.40
S157,1486939714,20.10,11.40,19.60,11.20,0.10,17.40
S157,1486940013,20.10,11.60,19.60,11.20,0.10,17.40
S157,1486940312,20.10,11.80,19.60,11.30,0.10,17.40
S157,1486940611,20.00,11.60,19.50,11.20,0.10,17.40
S157,1486940910,20.00,11.70,19.50,11.40,0.10,17.40
S157,1486941209,20.00,11.80,19.50,11.50,0.10,17.40
S157,1486941508,19.90,11.80,19.50,11.60,0.10,17.40
S157,1486941807,19.90,11.80,19.40,11.60,0.10,17.40
S157,1486942106,19.90,11.80,19.50,11.80,0.10,17.40
S157,1486942405,19.80,11.90,19.40,11.70,0.10,17.40
S157,1486942704,19.80,11.90,19.40,11.80,0.10,17.40
S157,1486943003,19.80,11.80,19.40,11.80,0.10,17.40
S157,1486943302,19.80,12.00,19.30,11.80,0.10,17.40
S157,1486943601,19.80,12.10,19.30,11.90,0.10,17.40
S157,1486943900,19.70,12.20,19.30,11.90,0.10,17.40
S157,1486944199,19.60,12.00,19.30,11.90,0.10,17.40
S157,1486944498,19.60,12.00,19.20,12.00,0.10,17.40
S157,1486944797,19.60,12.20,19.10,12.00,0.10,17.40
S157,1486945096,19.60,12.20,19.10,12.10,0.10,17.40
S157,1486945395,19.50,12.20,19.00,12.10,0.10,17.40
S157,1486945694,19.40,12.20,19.00,12.10,0.10,17.40
S157,1486945993,19.40,12.30,18.90,12.10,0.10,17.40
S157,1486946292,19.40,12.40,18.90,12.30,0.10,17.40
S157,1486946591,19.30,12.40,18.90,12.30,0.10,17.40
S157,1486946890,19.30,12.60,18.90,12.40,0.10,17.40
S157,1486947189,19.30,12.60,18.80,12.40,0.10,17.40
S157,1486947488,19.20,12.60,18.80,12.40,0.10,17.40
S157,1486947787,19.20,12.50,18.80,12.30,0.10,17.40
S157,1486948086,19.10,12.40,18.70,12.30,0.10,17.40
S157,1486948385,19.10,12.60,18.70,12.40,0.10,17.40
S157,1486948684,19.00,12.60,18.70,12.40,0.10,17.40
S157,1486948983,19.00,12.60,18.70,12.40,0.10,17.40
S157,1486949282,19.00,12.70,18.70,12.60,0.10,17.40
S157,1486949581,18.90,12.60,18.60,12.40,0.10,17.40
S157,1486949880,18.90,12.60,18.60,12.40,0.10,17.40
S157,1486950180,18.90,12.70,18.60,12.50,0.10,17.40
S157,1486950479,18.80,12.70,18.60,12.50,0.10,17.40
S157,1486950778,18.80,12.70,18.60,12.50,0.10,17.40
S157,1486951077,18.80,12.80,18.50,12.60,0.10,17.40
S157,1486951376,18.70,12.90,18.50,12.80,0.10,17.40
S157,1486951675,18.70,13.10,18.50,13.40,0.10,17.40
S157,1486951974,18.70,13.10,18.50,13.10,0.10,17.40
S157,1486952273,18.70,13.20,18.40,13.00,0.10,17.40
S157,1486952572,18.70,13.20,18.40,12.90,0.10,17.40
S157,1486952871,18.60,13.20,18.40,13.00,0.10,17.40
S157,1486953170,18.60,13.10,18.40,12.90,0.10,17.40
S157,1486953469,18.60,13.10,18.40,12.80,0.10,17.40
S157,1486956758,18.30,13.20,18.10,12.90,0.10,17.40
S157,1486957057,18.30,13.20,18.10,12.80,0.10,17.40
S157,1486957356,18.30,13.20,18.10,12.80,0.10,17.40
S157,1486957655,18.30,13.20,18.10,12.90,0.10,17.40
S157,1486957954,18.20,13.10,18.10,12.80,0.10,17.40
S157,1486958253,18.20,13.00,18.10,12.70,0.10,17.40
S157,1486958552,18.20,13.10,18.00,12.80,0.10,17.40
S157,1486958851,18.20,13.30,18.00,12.80,0.10,17.40
S157,1486959150,18.20,13.30,18.10,13.00,0.10,17.40
S157,1486959449,18.20,13.40,18.10,12.90,0.10,17.40
S157,1486959748,18.20,13.30,18.20,12.80,0.10,17.40
S157,1486960047,18.20,13.20,18.20,12.60,0.10,17.40
S157,1486960346,18.20,13.40,18.20,12.60,0.10,17.40
S157,1486960645,18.20,13.20,18.20,12.50,0.10,17.40
S157,1486960944,18.20,13.30,18.20,12.40,0.10,17.40
S157,1486961243,18.20,12.80,18.20,12.30,0.10,17.40
S157,1486961542,18.20,13.00,18.20,12.40,0.10,17.40
S157,1486961841,18.20,12.80,18.10,12.30,0.10,17.40
S157,1486962140,18.20,12.90,18.00,12.20,0.10,17.40
S157,1486962439,18.20,12.70,18.00,12.30,0.10,17.40
S157,1486962738,18.20,12.80,18.00,12.30,0.10,17.40
S157,1486963037,18.10,12.70,18.00,12.30,0.10,17.40
S157,1486963336,18.10,13.00,18.00,12.30,0.10,17.40
S157,1486963635,18.10,13.30,18.20,12.50,0.10,17.40
S157,1486963934,18.20,13.50,18.30,12.50,0.10,17.40
S157,1486964233,18.20,13.70,18.40,12.60,0.10,17.40
S157,1486964532,18.20,13.70,18.50,12.60,0.10,17.40
S157,1486964831,18.20,13.80,18.60,12.50,0.10,17.40
S157,1486965130,18.30,13.80,18.70,12.60,0.10,17.40
S157,1486965429,18.30,13.80,18.70,12.50,0.10,17.40
S157,1486965728,18.40,13.80,18.80,12.40,0.10,17.40
S157,1486966027,18.40,13.90,18.90,12.50,0.10,17.40
S157,1486966326,18.40,13.90,18.90,12.40,0.10,17.40
S157,1486966625,18.50,13.90,19.00,12.40,0.10,17.40
S157,1486966924,18.50,13.90,19.00,12.40,0.10,17.40
S157,1486967223,18.60,13.90,19.10,12.50,0.10,17.40
S157,1486967522,18.60,13.80,19.10,12.50,0.10,17.40
S157,1486967821,18.70,13.80,19.10,12.30,0.10,17.40
S157,1486968120,18.70,13.80,19.20,12.30,0.10,17.40
S157,1486968419,18.80,13.80,19.20,12.30,0.10,17.40
S157,1486968718,18.80,13.80,19.30,12.30,0.10,17.40
S157,1486969017,18.80,13.70,19.30,12.30,0.10,17.40
S157,1486969316,18.90,13.80,19.30,12.10,0.10,17.40
S157,1486969615,18.90,13.80,19.30,12.10,0.10,17.40
S157,1486969914,19.00,13.80,19.40,12.10,0.10,17.40
S157,1486970213,19.00,13.70,19.40,12.20,0.10,17.40
S157,1486970512,19.00,13.60,19.50,12.20,0.10,17.40
S157,1486970811,19.10,13.70,19.50,12.10,0.10,17.40
S157,1486971110,19.10,13.70,19.50,12.10,0.10,17.40
S157,1486971409,19.10,13.70,19.50,12.10,0.10,17.40
S157,1486971708,19.10,13.60,19.60,12.00,0.10,17.40
S157,1486972007,19.20,13.60,19.60,12.00,0.10,17.40
S157,1486972306,19.20,13.60,19.60,12.00,0.10,17.40
S157,1486972605,19.20,13.50,19.60,11.80,0.10,17.40
S157,1486972904,19.20,13.50,19.60,11.70,0.10,17.40
S157,1486973203,19.30,13.50,19.70,11.90,0.10,17.40
S157,1486973502,19.30,13.40,19.70,11.80,0.10,17.40
S157,1486973801,19.30,13.50,19.70,11.90,0.10,17.40
S157,1486974100,19.40,13.50,19.80,11.80,0.10,17.40
S157,1486974399,19.40,13.50,19.80,11.90,0.10,17.40
S157,1486974698,19.40,13.40,19.80,11.70,0.10,17.40
S157,1486974997,19.40,13.40,19.80,11.70,0.10,17.40
S157,1486975296,19.50,13.50,19.80,11.80,0.10,17.40
S157,1486975595,19.50,13.50,19.90,11.80,0.10,17.40
S157,1486975894,19.50,13.20,19.90,11.80,0.10,17.40
S157,1486976193,19.60,13.40,20.00,11.80,0.10,17.40
S157,1486976492,19.60,13.50,20.10,11.90,0.10,17.40
S157,1486976791,19.60,16.10,20.20,11.90,0.10,17.40
S157,1486977090,19.70,14.60,20.30,12.90,0.10,17.40
S157,1486977389,19.80,13.60,20.30,11.80,0.10,17.40
S157,1486977688,19.80,13.60,20.40,11.80,0.10,17.40
S157,1486977987,19.80,13.20,20.40,11.70,0.10,17.40
S157,1486978286,19.90,13.10,20.40,11.60,0.10,17.40
S157,1486978585,19.90,13.10,20.50,11.60,0.10,17.40
S157,1486978884,20.00,12.90,20.50,11.60,0.10,17.40
S157,1486979183,20.00,12.70,20.50,11.50,0.10,17.40
S157,1486979482,20.00,12.80,20.50,11.50,0.10,17.40
S157,1486979781,20.00,12.80,20.60,11.60,0.10,17.40
S157,1486980080,20.10,12.90,20.60,11.50,0.10,17.40
S157,1486980379,20.10,12.80,20.60,11.50,0.10,17.40
S157,1486980678,20.10,12.70,20.60,11.50,0.10,17.40
S157,1486980977,20.20,12.80,20.70,11.50,0.10,17.40
S157,1486981276,20.20,12.60,20.70,11.40,0.10,17.40
S157,1486981575,20.20,12.90,20.70,11.40,0.10,17.40
S157,1486981874,20.30,13.10,20.80,11.40,0.10,17.40
S157,1486982173,20.30,12.20,20.80,11.30,0.10,17.40
S157,1486982472,20.30,13.30,20.80,11.30,0.10,17.40
S157,1486982771,20.50,13.30,20.90,11.30,0.10,17.40
S157,1486983070,20.50,13.10,21.00,11.30,0.10,17.40
S157,1486983369,20.50,12.50,21.00,11.10,0.10,17.40
S157,1486983668,20.60,12.70,21.00,11.30,0.10,17.40
S157,1486983967,20.60,12.30,21.00,12.20,0.10,17.40
S157,1486984266,20.70,12.40,21.00,11.30,0.10,17.40
S157,1486984565,20.70,12.30,21.00,10.90,0.10,17.40
S157,1486984864,20.70,12.30,21.00,11.10,0.10,17.40
S157,1486985163,20.70,12.30,21.00,11.10,0.10,17.40
S157,1486985462,20.70,11.90,21.00,10.60,0.10,17.40
S157,1486985761,20.80,12.30,21.00,10.60,0.10,17.40
S157,1486986060,20.80,12.10,21.00,10.70,0.10,17.40
S157,1486986359,20.70,12.10,21.00,10.50,0.10,17.40
S157,1486986658,20.80,12.00,21.00,10.60,0.10,17.40
S157,1486986957,20.80,12.00,21.00,10.60,0.10,17.40
S157,1486987256,20.80,12.20,21.00,10.70,0.10,17.40
S157,1486987555,20.80,11.90,21.00,10.40,0.10,17.40
S157,1486987854,20.80,12.00,21.10,10.70,0.10,17.40
S157,1486988153,20.80,11.80,21.10,10.80,0.10,17.40
S157,1486988453,20.80,12.10,21.10,10.30,0.10,17.40
S157,1486988752,20.90,12.00,21.10,10.60,0.10,17.40
S157,1486989051,20.80,11.90,21.10,10.70,0.10,17.40
S157,1486989350,20.80,12.00,21.10,10.50,0.10,17.40
S157,1486989649,20.90,12.20,21.10,10.70,0.10,17.40
S157,1486989948,20.90,12.00,21.10,11.00,0.10,17.40
S157,1486990247,20.90,12.00,21.20,10.70,0.10,17.40
S157,1486990546,20.90,11.90,21.10,10.90,0.10,17.40
S157,1486990845,20.90,12.00,21.10,10.90,0.10,17.40
S157,1486991144,20.90,11.20,21.10,9.90,0.10,17.40
S157,1486991443,21.00,11.30,21.00,10.00,0.10,17.40
S157,1486991742,20.90,11.20,21.00,9.90,0.10,17.40
S157,1486992041,21.00,10.90,21.00,10.00,0.10,17.40
S157,1486992340,20.90,10.90,21.00,10.00,0.10,17.40
S157,1486992639,21.00,11.50,21.00,10.10,0.10,17.40
S157,1486992938,20.90,11.40,21.10,10.10,0.10,17.40
S157,1486993237,21.00,11.40,21.20,10.10,0.10,17.40
S157,1486993536,21.00,10.90,21.10,9.90,0.10,17.40
S157,1486993835,21.00,10.60,21.10,9.70,0.10,17.40
S157,1486994134,21.00,10.90,21.10,9.70,0.10,17.40
S157,1486994433,21.00,11.00,21.00,10.00,0.10,17.40
S157,1486994732,21.00,11.00,21.00,9.90,0.10,17.40
S157,1486995031,21.00,10.90,21.00,10.00,0.10,17.40
S157,1486995330,21.00,10.90,21.00,9.90,0.10,17.40
S157,1486995629,21.00,11.30,21.00,10.00,0.10,17.40
S157,1486995928,21.00,11.20,21.00,10.00,0.10,17.40
S157,1486996227,21.00,11.30,21.10,10.00,0.10,17.40
S157,1486996526,21.00,11.30,21.10,10.10,0.10,17.40
S157,1486996825,21.00,11.20,21.10,10.00,0.10,17.40
S157,1486997124,21.00,10.70,21.10,9.80,0.10,17.40
S157,1486997423,21.00,10.90,21.10,9.70,0.10,17.40
S157,1486997722,21.00,10.90,21.10,9.60,0.10,17.40
S157,1486998021,21.00,10.90,21.10,9.30,0.10,17.40
S157,1486998320,21.00,10.70,21.10,9.60,0.10,17.40
S157,1486998619,21.00,10.40,21.10,9.30,0.10,17.40
S157,1486998918,21.00,10.60,21.10,9.30,0.10,17.40
S157,1486999217,21.00,10.50,21.10,9.70,0.10,17.40
S157,1486999516,21.00,10.60,21.10,9.30,0.10,17.40
S157,1486999815,21.00,10.70,21.10,9.30,0.10,17.40
S157,1487000114,21.10,10.30,21.10,9.50,0.10,17.40
S157,1487000413,21.00,10.40,21.10,9.20,0.10,17.40
S157,1487000712,21.10,10.30,21.10,9.30,0.10,17.40
S157,1487001011,21.10,10.50,21.10,9.40,0.10,17.40
S157,1487001310,21.10,10.40,21.10,9.20,0.10,17.40
S157,1487001609,21.10,10.30,21.10,9.30,0.10,17.40
S157,1487001908,21.00,10.50,21.10,9.30,0.10,17.40
S157,1487002207,21.00,10.60,21.10,9.60,0.10,17.40
S157,1487002506,21.10,10.40,21.10,9.10,0.10,17.40
S157,1487002805,21.10,10.10,21.10,9.10,0.10,17.40
S157,1487003104,21.00,10.20,21.00,9.20,0.10,17.40
S157,1487003403,21.00,10.10,21.00,9.40,0.10,17.40
S157,1487003702,21.00,10.00,20.90,9.40,0.10,17.40
S157,1487004001,21.00,10.20,21.00,9.40,0.10,17.40
S157,1487004300,21.00,10.40,21.10,9.50,0.10,17.40
S157,1487004599,21.00,10.30,21.10,9.50,0.10,17.40
S157,1487004898,21.00,10.40,21.20,9.60,0.10,17.40
S157,1487005197,21.00,10.40,21.20,9.30,0.10,17.40
S157,1487005496,21.10,10.10,21.10,9.20,0.10,17.40
S157,1487005795,21.10,10.30,21.10,9.40,0.10,17.40
S157,1487006094,21.10,10.30,21.10,9.20,0.10,17.40
S157,1487006393,21.10,10.30,21.10,9.50,0.10,17.40
S157,1487006692,21.10,10.50,21.10,9.30,0.10,17.40
S157,1487006991,21.10,10.50,21.20,9.30,0.10,17.40
S157,1487007290,21.10,10.30,21.10,9.30,0.10,17.40
S157,1487007589,21.10,10.20,21.10,9.30,0.10,17.40
S157,1487007888,21.10,10.30,21.10,9.50,0.10,17.40
S157,1487008187,21.10,10.40,21.10,9.60,0.10,17.40
S157,1487008486,21.10,10.60,21.10,9.60,0.10,17.40
S157,1487008785,21.10,10.70,21.10,9.60,0.10,17.40
S157,1487009084,21.10,10.60,21.10,9.50,0.10,17.40
S157,1487009383,21.10,10.40,21.10,9.60,0.10,17.40
S157,1487009682,21.10,10.50,21.00,9.70,0.10,17.40
S157,1487009981,21.10,10.70,21.00,9.60,0.10,17.40
S157,1487010280,21.00,10.60,21.10,9.70,0.10,17.40
S157,1487010579,21.10,10.90,21.10,9.70,0.10,17.40
S157,1487010878,21.10,10.70,21.10,9.60,0.10,17.40
S157,1487011177,21.10,10.40,21.00,9.60,0.10,17.40
S157,1487011476,21.00,10.30,21.00,9.60,0.10,17.40
S157,1487011775,21.00,10.50,21.00,9.60,0.10,17.40
S157,1487012074,21.00,10.70,21.00,9.50,0.10,17.40
S157,1487012373,21.00,10.60,21.10,9.50,0.10,17.40
S157,1487012672,21.00,10.40,21.10,9.70,0.10,17.40
S157,1487012971,21.00,10.30,20.90,9.50,0.10,17.40
S157,1487013270,21.00,10.20,20.90,9.60,0.10,17.40
S157,1487013569,21.00,10.40,21.00,9.50,0.10,17.40
S157,1487013868,21.00,10.40,21.10,9.90,0.10,17.40
S157,1487014167,21.00,10.40,21.30,9.60,0.10,17.40
S157,1487014466,21.00,10.50,21.30,9.60,0.10,17.40
S157,1487014765,21.10,10.40,21.40,9.10,0.10,17.40
S157,1487015064,21.10,10.30,21.40,9.30,0.10,17.40
S157,1487015363,21.10,10.10,21.30,9.20,0.10,17.40
S157,1487015662,21.10,10.20,21.30,9.30,0.10,17.40
S157,1487015961,21.10,10.30,21.20,9.30,0.10,17.40
S157,1487016260,21.10,10.40,21.20,9.40,0.10,17.40
S157,1487016559,21.10,10.60,21.40,9.60,0.10,17.40
S157,1487016858,21.10,10.10,21.30,9.00,0.10,17.40
S157,1487017157,21.10,10.00,21.40,9.40,0.10,17.40
S157,1487017456,21.20,10.10,21.50,9.30,0.10,17.40
S157,1487017755,21.20,10.00,21.50,9.40,0.10,17.40
S157,1487018054,21.20,10.20,21.30,9.20,0.10,17.40
S157,1487018353,21.10,10.30,21.30,9.30,0.10,17.40
S157,1487018652,21.20,10.50,21.30,9.30,0.10,17.40
S157,1487018951,21.20,10.30,21.20,9.20,0.10,17.40
S157,1487019250,21.20,10.00,21.10,9.20,0.10,17.40
S157,1487022539,20.80,9.80,19.90,9.10,0.10,17.40
S157,1487022838,20.70,9.80,19.70,9.20,0.10,17.40
S157,1487023137,20.70,9.80,19.60,9.20,0.10,17.40
S157,1487023436,20.60,9.80,19.50,9.30,0.10,17.40
S157,1487023735,20.50,9.80,19.50,9.40,0.10,17.40
S157,1487024034,20.40,9.70,19.40,9.40,0.10,17.40
S157,1487024333,20.30,9.70,19.30,9.40,0.10,17.40
S157,1487024632,20.30,9.80,19.20,9.50,0.10,17.40
S157,1487024931,20.20,9.70,19.20,9.60,0.10,17.40
S157,1487025230,20.10,9.90,19.10,9.70,0.10,17.40
S157,1487025529,20.10,10.10,19.00,9.90,0.10,17.40
S157,1487025828,20.00,10.20,19.00,10.10,0.10,17.40
S157,1487026127,19.90,10.10,18.90,10.10,0.10,17.40
S157,1487026426,19.80,10.30,18.90,10.20,0.10,17.40
S157,1487026726,19.80,10.40,18.80,10.30,0.10,17.40
S157,1487027025,19.70,10.50,18.80,10.40,0.10,17.40
S157,1487027324,19.70,10.60,18.80,10.50,0.10,17.40
S157,1487027623,19.60,11.00,18.70,10.50,0.10,17.40
S157,1487027922,19.60,10.80,18.70,10.50,0.10,17.40
S157,1487028221,19.50,10.80,18.70,10.60,0.10,17.40
S157,1487028520,19.50,10.80,18.70,10.70,0.10,17.40
S157,1487028819,19.40,10.90,18.60,10.70,0.10,17.40
S157,1487029118,19.40,11.00,18.60,10.80,0.10,17.40
S157,1487029417,19.40,11.10,18.60,10.80,0.10,17.40
S157,1487029716,19.30,11.00,18.50,10.80,0.10,17.40
S157,1487030015,19.30,11.10,18.50,10.90,0.10,17.40
S157,1487030314,19.20,11.10,18.50,11.00,0.10,17.40
S157,1487030613,19.20,11.40,18.50,11.00,0.10,17.40
S157,1487030912,19.10,11.30,18.50,11.00,0.10,17.40
S157,1487031211,19.10,11.30,18.60,11.00,0.10,17.40
S157,1487031510,19.10,11.30,18.50,11.00,0.10,17.40
S157,1487031809,19.10,11.30,18.50,11.00,0.10,17.40
S157,1487032108,19.10,11.30,18.50,11.00,0.10,17.40
S157,1487032407,19.00,11.30,18.50,11.00,0.10,17.40
S157,1487032706,19.00,11.30,18.40,11.00,0.10,17.40
S157,1487033005,19.00,11.30,18.40,11.00,0.10,17.40
S157,1487033304,18.90,11.20,18.40,11.10,0.10,17.40
S157,1487033603,18.90,11.20,18.30,11.00,0.10,17.40
S157,1487033902,18.90,11.20,18.30,11.10,0.10,17.40
S157,1487034201,18.80,11.10,18.20,11.20,0.10,17.40
S157,1487034500,18.80,11.10,18.20,11.20,0.10,17.40
S157,1487034799,18.80,11.20,18.10,11.20,0.10,17.40
S157,1487035098,18.70,11.30,18.10,11.20,0.10,17.40
S157,1487035397,18.70,11.30,18.10,11.20,0.10,17.40
S157,1487035696,18.70,11.30,18.10,11.30,0.10,17.40
S157,1487035995,18.60,11.40,18.00,11.30,0.10,17.40
S157,1487036294,18.60,11.40,18.00,11.30,0.10,17.40
S157,1487036593,18.60,11.50,18.00,11.30,0.10,17.40
S157,1487036892,18.50,11.50,18.00,11.40,0.10,17.40
S157,1487037191,18.50,11.60,18.00,11.40,0.10,17.40
S157,1487037490,18.50,11.60,18.00,11.40,0.10,17.40
S157,1487037789,18.50,11.60,18.00,11.40,0.10,17.40
S157,1487038088,18.40,11.60,17.90,11.40,0.10,17.40
S157,1487038387,18.40,11.80,17.90,11.40,0.10,17.40
S157,1487038686,18.40,11.70,17.90,11.40,0.10,17.40
S157,1487038985,18.30,11.70,17.90,11.50,0.10,17.40
S157,1487039284,18.30,11.80,17.90,11.50,0.10,17.40
S157,1487039583,18.30,11.80,17.90,11.50,0.10,17.40
S157,1487039882,18.30,11.90,17.80,11.50,0.10,17.40
S157,1487040181,18.30,11.80,17.80,11.60,0.10,17.40
S157,1487040480,18.20,11.70,17.80,11.60,0.10,17.40
S157,1487040779,18.20,11.90,17.80,11.70,0.10,17.40
S157,1487041078,18.20,12.00,17.80,11.70,0.10,17.40
S157,1487041377,18.20,12.10,17.80,11.70,0.10,17.40
S157,1487041676,18.20,12.10,17.70,11.70,0.10,17.40
S157,1487041975,18.20,12.10,17.70,11.70,0.10,17.40
S157,1487042274,18.10,12.10,17.70,11.80,0.10,17.40
S157,1487042573,18.10,12.10,17.70,11.80,0.10,17.40
S157,1487042872,18.10,12.20,17.70,11.80,0.10,17.40
S157,1487043171,18.10,12.20,17.70,11.90,0.10,17.40
S157,1487043470,18.10,12.20,17.70,11.90,0.10,17.40
S157,1487043769,18.00,12.30,17.60,11.90,0.10,17.40
S157,1487044068,18.00,12.30,17.60,11.90,0.10,17.40
S157,1487044367,18.00,12.30,17.60,12.00,0.10,17.40
S157,1487044666,18.00,12.30,17.60,12.00,0.10,17.40
S157,1487044965,18.00,12.40,17.60,12.00,0.10,17.40
S157,1487045264,17.90,12.30,17.60,12.10,0.10,17.40
S157,1487045563,18.00,12.50,17.60,12.10,0.10,17.40
S157,1487045862,17.90,12.50,17.60,12.20,0.10,17.40
S157,1487046161,17.90,12.50,17.50,12.10,0.10,17.40
S157,1487046460,17.90,12.60,17.50,12.10,0.10,17.40
S157,1487046759,17.90,12.50,17.50,12.20,0.10,17.40
S157,1487047058,17.80,12.60,17.50,12.20,0.10,17.40
S157,1487047357,17.90,12.60,17.50,12.20,0.10,17.40
S157,1487047656,17.80,12.50,17.50,12.20,0.10,17.40
S157,1487047955,17.80,12.50,17.50,12.20,0.10,17.40
S157,1487048254,17.80,12.60,17.50,12.20,0.10,17.40
S157,1487048553,17.80,12.60,17.40,12.20,0.10,17.40
S157,1487048852,17.80,12.70,17.40,12.20,0.10,17.40
S157,1487049151,17.80,12.60,17.40,12.20,0.10,17.40
S157,1487049450,17.70,12.80,17.50,12.20,0.10,17.40
S157,1487049749,17.80,13.00,17.70,12.30,0.10,17.40
S157,1487050048,17.80,13.10,17.80,12.20,0.10,17.40
S157,1487050347,17.80,13.10,18.00,12.20,0.10,17.40
S157,1487050646,17.80,13.10,18.10,12.30,0.10,17.40
S157,1487050945,17.90,13.20,18.20,12.20,0.10,17.40
S157,1487051244,17.90,13.20,18.30,12.20,0.10,17.40
S157,1487051543,18.00,13.30,18.40,12.20,0.10,17.40
S157,1487051842,18.00,13.30,18.40,12.20,0.10,17.40
S157,1487052141,18.10,13.30,18.50,12.20,0.10,17.40
S157,1487052440,18.10,13.30,18.50,12.20,0.10,17.40
S157,1487052739,18.20,13.30,18.60,12.20,0.10,17.40
S157,1487053038,18.20,13.40,18.60,12.20,0.10,17.40
S157,1487053337,18.30,13.40,18.70,12.20,0.10,17.40
S157,1487053636,18.30,13.40,18.70,12.20,0.10,17.40
S157,1487053935,18.30,13.40,18.80,12.20,0.10,17.40
S157,1487054234,18.40,13.40,18.80,12.20,0.10,17.40
S157,1487054533,18.40,13.40,18.90,12.30,0.10,17.40
S157,1487054832,18.40,13.40,18.90,12.20,0.10,17.40
S157,1487055131,18.50,13.40,18.90,12.10,0.10,17.40
S157,1487055430,18.50,13.40,19.00,12.10,0.10,17.40
S157,1487055729,18.50,13.40,19.00,12.20,0.10,17.40
S157,1487056028,18.60,13.40,19.00,12.20,0.10,17.40
S157,1487056327,18.70,13.50,19.10,12.20,0.10,17.40
S157,1487056626,18.70,13.50,19.10,12.30,0.10,17.40
S157,1487056925,18.70,13.40,19.20,12.30,0.10,17.40
S157,1487057224,18.70,13.90,19.20,12.30,0.10,17.40
S157,1487057523,18.80,13.50,19.30,12.10,0.10,17.40
S157,1487057822,18.80,13.40,19.30,12.30,0.10,17.40
S157,1487058121,18.80,13.40,19.30,12.30,0.10,17.40
S157,1487058420,18.90,13.50,19.30,12.20,0.10,17.40
S157,1487058719,18.90,13.50,19.40,12.30,0.10,17.40
S157,1487059018,18.90,13.40,19.40,12.30,0.10,17.40
S157,1487059317,19.00,13.50,19.40,12.20,0.10,17.40
S157,1487059616,19.00,13.40,19.50,12.20,0.10,17.40
S157,1487059915,19.10,13.50,19.50,12.20,0.10,17.40
S157,1487060214,19.10,13.50,19.50,12.20,0.10,17.40
S157,1487060513,19.10,13.40,19.60,12.30,0.10,17.40
S157,1487060812,19.20,13.50,19.60,12.10,0.10,17.40
S157,1487061111,19.20,13.40,19.60,12.10,0.10,17.40
S157,1487061410,19.20,13.40,19.70,12.20,0.10,17.40
S157,1487061709,19.20,13.40,19.70,12.30,0.10,17.40
S157,1487062008,19.30,13.30,19.80,12.30,0.10,17.40
S157,1487062307,19.30,13.30,19.80,12.30,0.10,17.40
S157,1487062606,19.40,13.40,19.90,12.10,0.10,17.40
S157,1487062905,19.40,13.40,20.00,12.20,0.10,17.40
S157,1487063204,19.50,13.40,20.10,12.00,0.10,17.40
S157,1487063503,19.50,13.30,20.10,12.00,0.10,17.40
S157,1487063802,19.60,13.30,20.20,11.80,0.10,17.40
S157,1487064101,19.60,13.20,20.30,12.00,0.10,17.40
S157,1487064400,19.60,13.20,20.30,11.90,0.10,17.40
S157,1487064699,19.70,13.10,20.40,11.80,0.10,17.40
S157,1487064999,19.80,13.20,20.40,11.70,0.10,17.40
S157,1487065298,19.80,13.10,20.50,11.80,0.10,17.40
S157,1487065597,19.90,13.00,20.40,11.60,0.10,17.40
S157,1487065896,19.90,13.00,20.40,11.60,0.10,17.40
S157,1487066195,19.90,12.90,20.40,11.50,0.10,17.40
S157,1487066494,19.90,12.80,20.40,11.50,0.10,17.40
S157,1487066793,20.00,12.80,20.40,11.00,0.10,17.40
S157,1487067092,20.00,12.70,20.50,11.10,0.10,17.40
S157,1487067391,20.00,12.60,20.50,10.90,0.10,17.40
S157,1487067690,20.00,12.40,20.60,11.10,0.10,17.40
S157,1487067989,20.10,12.40,20.60,11.00,0.10,17.40
S157,1487068288,20.10,12.10,20.70,10.80,0.10,17.40
S157,1487068587,20.20,12.00,20.70,11.00,0.10,17.40
S157,1487068886,20.20,12.00,20.70,10.60,0.10,17.40
S157,1487069185,20.20,12.00,20.70,10.60,0.10,17.40
S157,1487069484,20.30,12.10,20.70,10.60,0.10,17.40
S157,1487069783,20.30,12.10,20.60,10.70,0.10,17.40
S157,1487070082,20.30,12.10,20.60,10.60,0.10,17.40
S157,1487070381,20.30,12.10,20.60,10.70,0.10,17.40
S157,1487070680,20.30,12.20,20.50,11.00,0.10,17.40
S157,1487070979,20.30,12.20,20.60,11.00,0.10,17.40
S157,1487071278,20.30,12.20,20.50,10.90,0.10,17.40
S157,1487071577,20.30,12.10,20.50,10.80,0.10,17.40
S157,1487071876,20.30,12.10,20.50,10.70,0.10,17.40
S157,1487072175,20.30,12.10,20.50,10.70,0.10,17.40
S157,1487072474,20.30,12.10,20.50,10.60,0.10,17.40
S157,1487072773,20.30,12.10,20.50,10.70,0.10,17.40
S157,1487073072,20.30,12.10,20.50,10.50,0.10,17.40
S157,1487073371,20.30,12.10,20.60,10.70,0.10,17.40
S157,1487073670,20.30,12.10,20.50,10.50,0.10,17.40
S157,1487073969,20.30,12.10,20.50,10.40,0.10,17.40
S157,1487074268,20.40,12.10,20.60,10.50,0.10,17.40
S157,1487074567,20.40,12.10,20.60,10.50,0.10,17.40
S157,1487074866,20.30,12.10,20.50,10.10,0.10,17.40
S157,1487075165,20.40,12.10,20.60,10.40,0.10,17.40
S157,1487075464,20.40,12.10,20.60,10.20,0.10,17.40
S157,1487075763,20.40,12.10,20.50,10.40,0.10,17.40
S157,1487076062,20.40,11.90,20.50,10.00,0.10,17.40
S157,1487079351,20.60,12.00,21.00,10.30,0.10,17.40
S157,1487079650,20.60,11.90,21.00,10.10,0.10,17.40
S157,1487079949,20.60,11.60,21.10,10.10,0.10,17.40
S157,1487080248,20.70,11.50,21.10,9.60,0.10,17.40
S157,1487080547,20.70,11.30,21.00,9.50,0.10,17.40
S157,1487080846,20.70,11.00,21.00,9.70,0.10,17.40
S157,1487081145,20.70,11.00,20.90,9.70,0.10,17.40
S157,1487081444,20.70,11.00,20.90,9.60,0.10,17.40
S157,1487081743,20.70,11.00,20.90,9.60,0.10,17.40
S157,1487082042,20.70,10.90,20.90,9.60,0.10,17.40
S157,1487082341,20.70,10.70,21.00,9.30,0.10,17.40
S157,1487082640,20.70,11.00,21.00,9.70,0.10,17.40
S157,1487082939,20.70,10.90,21.10,9.50,0.10,17.40
S157,1487083238,20.80,10.80,21.10,9.90,0.10,17.40
S157,1487083537,20.80,11.10,21.10,9.30,0.10,17.40
S157,1487083836,20.80,11.00,21.10,9.30,0.10,17.40
S157,1487084135,20.80,10.90,21.00,9.40,0.10,17.40
S157,1487084434,20.80,10.80,21.00,9.20,0.10,17.40
S157,1487084733,20.80,10.80,21.00,9.30,0.10,17.40
S157,1487085032,20.80,10.80,21.00,9.30,0.10,17.40
S157,1487085331,20.80,10.60,21.00,9.30,0.10,17.40
S157,1487085630,20.80,10.80,21.10,9.30,0.10,17.40
S157,1487085929,20.80,10.70,21.10,9.20,0.10,17.40
S157,1487086228,20.80,10.80,21.10,9.30,0.10,17.40
S157,1487086527,20.80,10.80,21.10,9.20,0.10,17.40
S157,1487086826,20.80,10.60,21.00,9.30,0.10,17.40
S157,1487087125,20.80,10.50,21.00,9.30,0.10,17.40
S157,1487087424,20.80,10.40,20.90,9.20,0.10,17.40
S157,1487087723,20.80,10.50,20.90,9.30,0.10,17.40
S157,1487088022,20.80,10.60,21.00,9.30,0.10,17.40
S157,1487088321,20.80,10.70,21.00,9.20,0.10,17.40
S157,1487088620,20.80,10.30,21.00,9.20,0.10,17.40
S157,1487088919,20.80,10.50,21.00,9.30,0.10,17.40
S157,1487089218,20.80,10.40,21.00,9.50,0.10,17.40
S157,1487089517,20.80,10.40,21.00,9.50,0.10,17.40
S157,1487089816,20.80,10.30,21.00,9.20,0.10,17.40
S157,1487090115,20.80,10.50,21.00,9.60,0.10,17.40
S157,1487090414,20.80,10.70,21.10,9.30,0.10,17.40
S157,1487090713,20.80,10.30,21.10,9.40,0.10,17.40
S157,1487091012,20.80,10.30,21.10,9.30,0.10,17.40
S157,1487091311,20.80,10.40,20.90,9.00,0.10,17.40
S157,1487091610,20.80,10.30,20.90,9.20,0.10,17.40
S157,1487091909,20.80,10.40,21.00,8.70,0.10,17.40
S157,1487092208,20.80,10.90,21.00,8.90,0.10,17.40
S157,1487092507,20.80,10.20,21.00,8.70,0.10,17.40
S157,1487092806,20.80,10.00,21.00,8.70,0.10,17.40
S157,1487093105,20.80,10.00,20.90,8.90,0.10,17.40
S157,1487093404,20.80,10.40,20.80,8.90,0.10,17.40
S157,1487093703,20.80,9.90,20.80,9.00,0.10,17.40
S157,1487094002,20.80,10.20,20.80,8.80,0.10,17.40
S157,1487094301,20.80,10.20,20.90,9.10,0.10,17.40
S157,1487094600,20.80,10.30,20.90,8.90,0.10,17.40
S157,1487094899,20.80,10.30,20.90,8.80,0.10,17.40
S157,1487095198,20.70,10.20,20.90,8.70,0.10,17.40
S157,1487095497,20.70,10.00,20.90,8.70,0.10,17.40
S157,1487095796,20.70,10.10,20.90,8.70,0.10,17.40
S157,1487096095,20.70,10.00,21.00,8.70,0.10,17.40
S157,1487096394,20.70,10.10,21.00,8.70,0.10,17.40
S157,1487096693,20.70,10.20,21.00,8.80,0.10,17.40
S157,1487096992,20.80,10.30,21.00,8.70,0.10,17.40
S157,1487097291,20.80,10.10,21.00,8.60,0.10,17.40
S157,1487097590,20.80,10.10,21.00,8.10,0.10,17.40
S157,1487097889,20.70,9.90,21.00,8.10,0.10,17.40
S157,1487098188,20.70,9.50,20.90,8.10,0.10,17.40
S157,1487098487,20.80,9.70,21.00,8.10,0.10,17.40
S157,1487098786,20.80,9.80,21.00,8.10,0.10,17.40
S157,1487099085,20.80,9.50,21.00,8.60,0.10,17.40
S157,1487099384,20.80,9.80,21.00,8.80,0.10,17.40
S157,1487099683,20.80,9.80,21.00,8.60,0.10,17.40
S157,1487099982,20.80,9.90,21.00,8.10,0.10,17.40
S157,1487100281,20.70,9.70,20.90,8.10,0.10,17.40
S157,1487100580,20.80,9.70,20.90,8.10,0.10,17.40
S157,1487100879,20.70,9.60,20.90,8.10,0.10,17.40
S157,1487101178,20.70,9.70,20.90,8.10,0.10,17.40
S157,1487101477,20.70,9.70,20.90,8.10,0.10,17.40
S157,1487101776,20.80,9.80,20.90,8.10,0.10,17.40
S157,1487102075,20.70,9.80,20.90,8.10,0.10,17.40
S157,1487102374,20.70,9.70,20.80,8.40,0.10,17.40
S157,1487102673,20.70,9.70,20.80,8.60,0.10,17.40
S157,1487102972,20.70,9.60,20.70,8.40,0.10,17.40
S157,1487103272,20.60,9.60,20.70,8.50,0.10,17.40
S157,1487103571,20.60,9.70,20.60,8.40,0.10,17.40
S157,1487103870,20.60,9.80,20.60,8.40,0.10,17.40
S157,1487104169,20.60,9.80,20.60,8.60,0.10,17.40
S157,1487104468,20.50,9.80,20.60,8.70,0.10,17.40
S157,1487104767,20.50,9.70,20.50,8.40,0.10,17.40
S157,1487105066,20.50,9.80,20.50,8.40,0.10,17.40
S157,1487105365,20.40,9.70,20.50,8.50,0.10,17.40
S157,1487105664,20.40,9.80,20.40,8.40,0.10,17.40
S157,1487105963,20.40,9.80,20.40,8.50,0.10,17.40
S157,1487106262,20.40,9.80,20.40,8.40,0.10,17.40
S157,1487106561,20.30,9.70,20.40,8.60,0.10,17.40
S157,1487106860,20.30,9.70,20.30,8.20,0.10,17.40
S157,1487107159,20.30,9.60,20.00,8.10,0.10,17.40
S157,1487107458,20.20,9.40,19.80,8.30,0.10,17.40
S157,1487107757,20.20,9.10,19.70,8.40,0.10,17.40
S157,1487108056,20.10,8.90,19.60,8.30,0.10,17.40
S157,1487108355,20.00,8.90,19.50,8.40,0.10,17.40
S157,1487108654,20.00,8.90,19.40,8.40,0.10,17.40
S157,1487108953,19.90,8.70,19.30,8.40,0.10,17.40
S157,1487109252,19.80,8.80,19.30,8.40,0.10,17.40
S157,1487109551,19.80,8.90,19.20,8.40,0.10,17.40
S157,1487109850,19.70,9.00,19.10,8.50,0.10,17.40
S157,1487110149,19.70,8.90,19.00,8.50,0.10,17.40
S157,1487110448,19.60,9.10,19.00,8.60,0.10,17.40
S157,1487110747,19.50,9.10,18.90,8.60,0.10,17.40
S157,1487111046,19.50,9.10,18.90,8.60,0.10,17.40
S157,1487111345,19.40,9.20,18.80,8.60,0.10,17.40
S157,1487111644,19.40,9.00,18.70,8.70,0.10,17.40
S157,1487111943,19.30,9.10,18.60,8.70,0.10,17.40
S157,1487112242,19.20,9.10,18.50,8.70,0.10,17.40
S157,1487112541,19.20,9.40,18.50,9.00,0.10,17.40
S157,1487112840,19.20,9.40,18.60,9.00,0.10,17.40
S157,1487113139,19.10,9.50,18.60,8.90,0.10,17.40
S157,1487113438,19.10,9.50,18.70,9.00,0.10,17.40
S157,1487113737,19.10,9.40,18.70,8.90,0.10,17.40
S157,1487114036,19.00,9.40,18.60,8.90,0.10,17.40
S157,1487114335,19.00,9.30,18.60,8.80,0.10,17.40
S157,1487114634,19.00,9.30,18.60,8.80,0.10,17.40
S157,1487114933,18.90,9.50,18.60,9.00,0.10,17.40
S157,1487115232,18.90,10.10,18.60,10.10,0.10,17.40
S157,1487115531,18.90,10.20,18.60,9.80,0.10,17.40
S157,1487115830,18.90,10.10,18.60,9.50,0.10,17.40
S157,1487116129,18.90,9.90,18.60,9.20,0.10,17.40
S157,1487116428,18.90,9.70,18.50,8.90,0.10,17.40
S157,1487116727,18.90,9.50,18.50,8.80,0.10,17.40
S157,1487117026,18.80,9.40,18.50,8.60,0.10,17.40
S157,1487117325,18.80,9.30,18.50,8.40,0.10,17.40
S157,1487117624,18.80,9.10,18.50,8.30,0.10,17.40
S157,1487117923,18.80,9.20,18.40,8.20,0.10,17.40
S157,1487118222,18.70,9.10,18.30,8.10,0.10,17.40
S157,1487118521,18.70,9.10,18.30,8.10,0.10,17.40
S157,1487118820,18.70,9.10,18.30,8.10,0.10,17.40
S157,1487119119,18.60,9.00,18.20,8.10,0.10,17.40
S157,1487119418,18.60,9.00,18.20,8.10,0.10,17.40
S157,1487119717,18.60,9.00,18.10,7.90,0.10,17.40
S157,1487120016,18.50,8.90,18.10,8.00,0.10,17.40
S157,1487120315,18.50,8.80,18.00,8.00,0.10,17.40
S157,1487120614,18.40,8.80,18.00,8.10,0.10,17.40
S157,1487120913,18.40,8.80,18.00,8.00,0.10,17.40
S157,1487121212,18.40,8.90,18.00,8.10,0.10,17.40
S157,1487121511,18.30,8.90,18.00,8.00,0.10,17.40
S157,1487121810,18.30,8.80,17.90,8.00,0.10,17.40
S157,1487122109,18.30,8.90,17.90,8.50,0.10,17.40
S157,1487122408,18.30,9.10,17.80,8.10,0.10,17.40
S157,1487122707,18.20,8.90,17.80,8.10,0.10,17.40
S157,1487123006,18.20,9.00,17.80,8.20,0.10,17.40
S157,1487123305,18.20,8.90,17.70,8.20,0.10,17.40
S157,1487123604,18.10,8.90,17.70,8.30,0.10,17.40
S157,1487123903,18.10,9.20,17.70,8.30,0.10,17.40
S157,1487124202,18.10,9.10,17.70,8.40,0.10,17.40
S157,1487124501,18.00,9.20,17.70,8.50,0.10,17.40
S157,1487124800,18.00,9.20,17.70,8.40,0.10,17.40
S157,1487125099,18.00,9.20,17.60,8.40,0.10,17.40
S157,1487125398,17.90,9.20,17.60,8.40,0.10,17.40
S157,1487125697,17.90,9.20,17.60,8.40,0.10,17.40
S157,1487125996,17.90,9.30,17.60,8.40,0.10,17.40
S157,1487126295,17.90,9.30,17.60,8.40,0.10,17.40
S157,1487126594,17.90,9.40,17.50,8.40,0.10,17.40
S157,1487126893,17.80,9.10,17.50,8.30,0.10,17.40
S157,1487127192,17.80,9.10,17.50,8.30,0.10,17.40
S157,1487127491,17.80,9.20,17.50,8.20,0.10,17.40
S157,1487127790,17.80,9.10,17.50,8.20,0.10,17.40
S157,1487128089,17.70,9.10,17.40,8.20,0.10,17.40
S157,1487128388,17.70,9.10,17.40,8.20,0.10,17.40
S157,1487128687,17.70,9.20,17.40,8.30,0.10,17.40
S157,1487128986,17.70,9.30,17.40,8.30,0.10,17.40
S157,1487129285,17.70,9.30,17.40,8.30,0.10,17.40
S157,1487129584,17.60,9.10,17.40,8.30,0.10,17.40
S157,1487129883,17.60,9.20,17.30,8.20,0.10,17.40
S157,1487130182,17.60,9.10,17.30,8.30,0.10,17.40
S157,1487130481,17.60,9.20,17.30,8.30,0.10,17.40
S157,1487130780,17.50,9.20,17.30,8.40,0.10,17.40
S157,1487131079,17.50,9.30,17.30,8.50,0.10,17.40
S157,1487131378,17.50,9.40,17.30,8.60,0.10,17.40
S157,1487131677,17.50,9.50,17.20,8.60,0.10,17.40
S157,1487131976,17.50,9.60,17.20,8.60,0.10,17.40
S157,1487132275,17.40,9.60,17.20,8.70,0.10,17.40
S157,1487132574,17.40,9.60,17.20,8.80,0.10,17.40
S157,1487132873,17.40,9.60,17.10,8.80,0.10,17.40
S157,1487133172,17.40,9.90,17.20,8.90,0.10,17.40
S157,1487133471,17.40,9.90,17.20,8.90,0.10,17.40
S157,1487133770,17.40,9.90,17.20,8.90,0.10,17.40
S157,1487134069,17.40,9.90,17.30,8.90,0.10,17.40
S157,1487134368,17.40,10.00,17.30,8.80,0.10,17.40
S157,1487134667,17.40,9.90,17.30,8.80,0.10,17.40
S157,1487134966,17.40,9.90,17.30,8.80,0.10,17.40
S157,1487135265,17.40,9.90,17.30,8.90,0.10,17.40
S157,1487135564,17.40,9.90,17.50,8.80,0.10,17.40
S157,1487135863,17.40,10.20,17.60,9.00,0.10,17.40
S157,1487136162,17.50,10.30,17.80,9.10,0.10,17.40
S157,1487136461,17.50,10.30,17.90,9.10,0.10,17.40
S157,1487136760,17.60,10.30,18.00,9.10,0.10,17.40
S157,1487137059,17.60,10.30,18.00,9.10,0.10,17.40
S157,1487137358,17.60,10.30,18.10,9.20,0.10,17.40
S157,1487137657,17.70,10.40,18.10,9.20,0.10,17.40
S157,1487137956,17.70,10.40,18.20,9.20,0.10,17.40
S157,1487138255,17.80,10.50,18.20,9.10,0.10,17.40
S157,1487138554,17.80,10.50,18.30,9.00,0.10,17.40
S157,1487138853,17.80,10.50,18.40,9.20,0.10,17.40
S157,1487139152,17.90,10.50,18.40,9.00,0.10,17.40
S157,1487139451,18.00,10.60,18.40,9.00,0.10,17.40
S157,1487139750,18.00,10.60,18.40,8.90,0.10,17.40
S157,1487140049,18.00,10.60,18.50,8.90,0.10,17.40
S157,1487140348,18.00,10.60,18.50,8.80,0.10,17.40
S157,1487140647,18.10,10.70,18.60,8.90,0.10,17.40
S157,1487140946,18.10,10.70,18.60,8.80,0.10,17.40
S157,1487141245,18.10,10.50,18.60,8.70,0.10,17.40
S157,1487141545,18.20,10.50,18.70,8.70,0.10,17.40
S157,1487141844,18.20,10.50,18.70,8.70,0.10,17.40
S157,1487142143,18.20,10.50,18.70,8.70,0.10,17.40
S157,1487142442,18.30,10.50,18.80,8.70,0.10,17.40
S157,1487142741,18.30,10.50,18.80,8.70,0.10,17.40
S157,1487143040,18.30,10.40,18.80,8.60,0.10,17.40
S157,1487143339,18.40,10.40,18.90,8.60,0.10,17.40
S157,1487143638,18.40,10.40,18.90,8.60,0.10,17.40
S157,1487143937,18.40,10.40,18.90,8.50,0.10,17.40
S157,1487144236,18.50,10.30,18.90,8.50,0.10,17.40
S157,1487144535,18.50,10.20,19.00,8.50,0.10,17.40
S157,1487144834,18.50,10.20,19.00,8.40,0.10,17.40
S157,1487145133,18.60,10.10,19.00,8.40,0.10,17.40
S157,1487145432,18.60,10.10,19.10,8.40,0.10,17.40
S157,1487145731,18.60,10.00,19.10,8.50,0.10,17.40
S157,1487146030,18.70,10.00,19.20,8.30,0.10,17.40
S157,1487146329,18.70,9.80,19.10,8.00,0.10,17.40
S157,1487146628,18.80,9.70,19.10,7.90,0.10,17.40
S157,1487146927,18.70,9.70,19.10,7.90,0.10,17.40
S157,1487147226,18.80,9.70,19.00,7.80,0.10,17.40
S157,1487147525,18.80,9.50,19.00,8.20,0.10,17.40
S157,1487147824,18.80,9.60,18.90,8.00,0.10,17.40
S157,1487148123,18.90,9.60,18.90,8.10,0.10,17.40
S157,1487148422,18.90,9.60,18.90,8.00,0.10,17.40
S157,1487148721,18.90,9.30,18.80,8.10,0.10,17.40
S157,1487149020,18.90,9.50,18.80,8.30,0.10,17.40
S157,1487149319,18.90,9.50,18.80,8.60,0.10,17.40
S157,1487149618,18.80,9.60,18.70,8.70,0.10,17.40
S157,1487149917,18.90,9.70,18.70,8.60,0.10,17.40
S157,1487150216,18.90,9.60,18.60,8.60,0.10,17.40
S157,1487150515,18.80,9.30,18.60,8.50,0.10,17.40
S157,1487150814,18.80,9.40,18.60,8.80,0.10,17.40
S157,1487151113,18.80,9.60,18.60,9.20,0.10,17.40
S157,1487151412,18.80,9.90,18.70,8.90,0.10,17.40
S157,1487151711,18.90,9.90,18.80,8.80,0.10,17.40
S157,1487152010,18.90,10.10,18.90,8.80,0.10,17.40
S157,1487152309,18.90,10.00,19.10,8.70,0.10,17.40
S157,1487152608,18.90,10.00,19.20,8.60,0.10,17.40
S157,1487152907,18.90,10.00,19.40,8.60,0.10,17.40
S157,1487153206,19.00,10.20,19.50,9.30,0.10,17.40
S157,1487153505,19.10,10.20,19.50,8.80,0.10,17.40
S157,1487153804,19.10,10.10,19.60,8.70,0.10,17.40
S157,1487154103,19.10,9.80,19.60,8.20,0.10,17.40
S157,1487154402,19.20,9.80,19.60,8.20,0.10,17.40
S157,1487154701,19.20,9.60,19.70,8.40,0.10,17.40
S157,1487155000,19.30,9.50,19.70,7.90,0.10,17.40
S157,1487155299,19.30,9.70,19.70,7.90,0.10,17.40
S157,1487155598,19.40,9.80,19.80,8.20,0.10,17.40
S157,1487155897,19.40,9.70,19.80,7.50,0.10,17.40
S157,1487156196,19.40,9.60,19.80,7.90,0.10,17.40
S157,1487156495,19.50,9.50,19.90,7.60,0.10,17.40
S157,1487156794,19.50,9.40,19.90,7.50,0.10,17.40
S157,1487157093,19.50,9.20,19.90,7.40,0.10,17.40
S157,1487157392,19.60,9.30,19.90,7.40,0.10,17.40
S157,1487157691,19.60,9.20,20.00,7.50,0.10,17.40
S157,1487157990,19.60,8.80,20.00,7.90,0.10,17.40
S157,1487158289,19.70,9.40,20.00,7.50,0.10,17.40
S157,1487158588,19.70,9.10,20.00,7.20,0.10,17.40
S157,1487158887,19.70,8.80,20.10,7.30,0.10,17.40
S157,1487159186,19.80,8.40,20.10,7.30,0.10,17.40
S157,1487159485,19.80,8.50,20.10,7.30,0.10,17.40
S157,1487159784,19.80,8.60,20.20,7.20,0.10,17.40
