Device,Time,DHT1-OUT Temp,DHT1-OUT Hum,DHT2-IN Temp,DHT2-IN Hum,Soil,Infrared
S131,1486911899,21.60,19.40,21.30,22.20,0.10,17.30
S131,1486912198,21.50,19.30,21.30,22.20,0.10,17.30
S131,1486912497,21.60,19.20,21.30,21.90,0.10,17.30
S131,1486912796,21.70,19.30,21.20,22.20,0.10,17.30
S131,1486913095,21.70,19.20,21.20,22.50,0.10,17.30
S131,1486913394,21.70,19.30,21.10,22.20,0.10,17.30
S131,1486913693,22.20,19.40,21.20,22.00,0.10,17.30
S131,1486913992,22.30,19.20,21.00,22.30,0.10,17.30
S131,1486914291,22.20,19.00,21.00,22.30,0.10,17.30
S131,1486914590,22.20,19.10,20.90,22.30,0.10,17.30
Device,Time,DHT1-OUT Temp,DHT1-OUT Hum,DHT2-IN Temp,DHT2-IN Hum,Soil,Infrared
S131,1486911899,21.90,19.10,21.20,22.10,0.10,17.30
S131,1486912198,21.90,19.10,21.00,22.30,0.10,17.30
S131,1486912497,21.80,19.20,20.90,22.30,0.10,17.30
S131,1486912796,21.80,19.20,20.90,22.30,0.10,17.30
S131,1486913095,21.70,19.30,20.90,22.30,0.10,17.30
S131,1486913394,21.70,19.40,20.90,22.30,0.10,17.30
S131,1486913693,21.60,19.50,20.80,22.20,0.10,17.30
S131,1486913992,21.50,19.30,20.90,22.30,0.10,17.30
S131,1486914291,21.50,19.50,20.80,22.20,0.10,17.30
S131,1486914590,21.50,19.50,20.80,22.20,0.10,17.30
S131,1486914889,21.40,19.50,20.80,22.20,0.10,17.30
S131,1486915188,21.40,19.60,20.80,22.20,0.10,17.30
S131,1486915487,21.40,19.60,20.70,22.30,0.10,17.30
S131,1486915786,21.30,19.60,20.60,22.50,0.10,17.30
S131,1486916085,21.30,19.70,20.50,22.50,0.10,17.30
S131,1486916385,21.20,19.70,20.40,22.70,0.10,17.30
S131,1486916684,21.20,19.90,20.30,22.80,0.10,17.30
S131,1486916983,21.10,19.80,20.30,22.90,0.10,17.30
S131,1486917282,21.00,19.80,20.20,22.90,0.10,17.30
S131,1486917581,21.00,19.80,20.20,23.00,0.10,17.30
S131,1486917880,21.00,19.80,20.10,23.10,0.10,17.30
S131,1486918180,20.90,19.80,20.00,23.00,0.10,17.30
S131,1486918479,20.80,19.70,20.00,23.20,0.10,17.30
S131,1486918778,20.80,19.70,19.90,23.10,0.10,17.30
S131,1486919078,20.70,19.60,19.80,23.20,0.10,17.30
S131,1486919377,20.60,19.80,19.70,23.30,0.10,17.30
S131,1486919676,20.50,19.90,19.70,23.50,0.10,17.30
S131,1486919976,20.50,20.00,19.60,23.50,0.10,17.30
S131,1486920275,20.40,20.20,19.60,23.80,0.10,17.30
S131,1486920574,20.40,20.40,19.60,23.80,0.10,17.30
S131,1486920873,20.30,20.40,19.60,23.80,0.10,17.30
S131,1486921173,20.20,20.50,19.60,23.80,0.10,17.30
S131,1486921472,20.20,20.50,19.60,23.80,0.10,17.30
S131,1486921771,20.20,20.60,19.60,23.80,0.10,17.30
S131,1486922070,20.20,20.70,19.60,23.90,0.10,17.30
S131,1486922370,20.10,20.70,19.60,24.00,0.10,17.30
S131,1486922669,20.10,20.80,19.60,24.00,0.10,17.30
S131,1486922969,20.10,20.90,19.60,24.10,0.10,17.30
S131,1486923268,20.10,21.00,19.60,24.20,0.10,17.30
S131,1486923567,20.10,21.20,19.60,24.40,0.10,17.30
S131,1486923867,20.10,21.20,19.60,24.30,0.10,17.30
S131,1486924166,20.00,21.20,19.60,24.40,0.10,17.30
S131,1486924465,20.00,21.20,19.60,24.50,0.10,17.30
S131,1486924764,20.00,21.30,19.60,24.50,0.10,17.30
S131,1486925063,20.00,21.30,19.60,24.50,0.10,17.30
S131,1486925362,20.00,21.40,19.60,24.60,0.10,17.30
S131,1486925661,20.00,21.50,19.60,24.60,0.10,17.30
S131,1486925961,19.90,21.40,19.50,24.60,0.10,17.30
S131,1486926260,19.90,21.40,19.50,24.70,0.10,17.30
S131,1486926559,19.90,21.50,19.40,24.70,0.10,17.30
S131,1486926858,19.80,21.50,19.30,24.80,0.10,17.30
S131,1486927157,19.80,21.50,19.30,24.90,0.10,17.30
S131,1486927456,19.80,21.60,19.20,24.90,0.10,17.30
S131,1486927755,19.70,21.60,19.20,24.90,0.10,17.30
S131,1486928054,19.70,21.60,19.20,24.90,0.10,17.30
S131,1486928353,19.70,21.70,19.20,24.90,0.10,17.30
S131,1486928652,19.70,21.80,19.10,24.90,0.10,17.30
S131,1486928951,19.60,21.70,19.10,24.90,0.10,17.30
S131,1486929250,19.60,22.60,19.30,25.80,0.10,17.30
S131,1486929549,19.60,22.70,19.30,25.80,0.10,17.30
S131,1486929848,19.60,22.40,19.30,25.40,0.10,17.30
S131,1486930147,19.50,22.30,19.20,25.20,0.10,17.30
S131,1486930446,19.60,22.20,19.30,25.20,0.10,17.30
S131,1486930745,19.60,22.00,19.20,24.90,0.10,17.30
S131,1486931044,19.50,21.80,19.20,24.90,0.10,17.30
S131,1486931343,19.60,21.80,19.30,24.80,0.10,17.30
S131,1486931642,19.60,21.70,19.20,24.60,0.10,17.30
S131,1486931941,19.50,21.60,19.20,24.60,0.10,17.30
S131,1486932240,19.50,21.50,19.20,24.50,0.10,17.30
S131,1486932539,19.60,21.50,19.20,24.50,0.10,17.30
S131,1486932838,19.50,21.40,19.10,24.50,0.10,17.30
S131,1486933137,19.50,21.30,19.00,24.40,0.10,17.30
S131,1486933436,19.40,21.20,19.00,24.40,0.10,17.30
S131,1486933735,19.40,21.30,19.00,24.40,0.10,17.30
S131,1486934034,19.40,21.30,18.90,24.40,0.10,17.30
S131,1486934333,19.40,21.30,18.90,24.30,0.10,17.30
S131,1486934632,19.30,21.20,18.90,24.30,0.10,17.30
S131,1486934931,19.30,21.20,18.90,24.30,0.10,17.30
S131,1486935230,19.30,21.20,18.90,24.30,0.10,17.30
S131,1486935529,19.20,21.10,18.80,24.20,0.10,17.30
S131,1486935828,19.20,21.10,18.80,24.10,0.10,17.30
S131,1486936127,19.20,21.10,18.80,24.10,0.10,17.30
S131,1486936426,19.20,21.10,18.80,24.10,0.10,17.30
S131,1486936725,19.20,21.10,18.80,24.10,0.10,17.30
S131,1486937024,19.10,21.00,18.80,24.10,0.10,17.30
S131,1486937323,19.10,21.00,18.70,24.10,0.10,17.30
S131,1486937622,19.10,21.00,18.70,24.10,0.10,17.30
S131,1486937921,19.10,21.00,18.70,24.00,0.10,17.30
S131,1486938220,19.00,20.80,18.70,23.90,0.10,17.30
S131,1486938519,19.00,20.70,18.70,23.80,0.10,17.30
S131,1486938818,19.00,20.70,18.70,23.70,0.10,17.30
S131,1486939117,19.00,20.60,18.60,23.60,0.10,17.30
S131,1486939416,19.00,20.50,18.60,23.50,0.10,17.30
S131,1486939715,18.90,20.50,18.60,23.50,0.10,17.30
S131,1486940014,18.90,20.40,18.50,23.40,0.10,17.30
S131,1486940313,18.90,20.40,18.50,23.40,0.10,17.30
S131,1486940612,18.90,20.50,18.60,23.60,0.10,17.30
S131,1486940911,18.90,20.50,18.50,23.50,0.10,17.30
S131,1486941210,18.90,20.50,18.50,23.60,0.10,17.30
S131,1486941509,18.80,20.50,18.50,23.50,0.10,17.30
S131,1486941808,18.80,20.40,18.50,23.40,0.10,17.30
S131,1486942107,18.80,20.30,18.40,23.30,0.10,17.30
S131,1486942406,18.80,20.30,18.50,23.30,0.10,17.30
S131,1486942705,18.80,20.20,18.50,23.10,0.10,17.30
S131,1486943004,18.80,20.10,18.50,22.90,0.10,17.30
S131,1486943303,18.80,19.90,18.50,22.70,0.10,17.30
S131,1486943602,18.70,19.70,18.40,22.50,0.10,17.30
S131,1486943901,18.70,19.50,18.40,22.30,0.10,17.30
S131,1486944200,18.70,19.70,18.60,22.40,0.10,17.30
S131,1486944499,18.80,19.70,18.80,22.20,0.10,17.30
S131,1486944798,18.80,19.70,18.90,22.00,0.10,17.30
S131,1486945097,18.80,19.60,19.00,21.70,0.10,17.30
S131,1486945396,18.90,19.60,19.10,21.50,0.10,17.30
S131,1486945695,18.90,19.40,19.20,21.10,0.10,17.30
S131,1486945994,19.00,19.40,19.30,21.20,0.10,17.30
S131,1486946293,19.00,19.20,19.30,21.20,0.10,17.30
S131,1486946592,19.00,19.10,19.40,21.20,0.10,17.30
S131,1486946891,19.10,19.00,19.50,20.90,0.10,17.30
S131,1486947190,19.10,18.80,19.50,20.80,0.10,17.30
S131,1486947489,19.20,18.60,19.60,20.50,0.10,17.30
S131,1486947788,19.30,18.70,19.60,20.40,0.10,17.30
S131,1486948087,19.30,18.70,19.80,20.30,0.10,17.30
S131,1486948386,19.40,18.70,19.80,20.10,0.10,17.30
S131,1486948685,19.50,18.70,19.90,20.00,0.10,17.30
S131,1486948984,19.50,18.40,20.00,19.70,0.10,17.30
S131,1486949283,19.60,18.10,19.90,19.40,0.10,17.30
S131,1486949582,19.70,18.10,20.00,19.50,0.10,17.30
S131,1486949881,19.70,18.00,20.00,19.50,0.10,17.30
S131,1486950181,19.80,18.00,20.10,19.20,0.10,17.30
S131,1486950480,19.80,17.80,20.10,19.00,0.10,17.30
S131,1486950779,19.90,17.70,20.10,19.00,0.10,17.30
S131,1486951078,19.90,17.60,20.20,19.10,0.10,17.30
S131,1486951377,20.00,17.60,20.20,18.90,0.10,17.30
S131,1486951676,20.10,17.50,20.20,18.90,0.10,17.30
S131,1486951975,20.10,17.40,20.20,18.50,0.10,17.30
S131,1486952274,20.10,17.30,20.30,18.70,0.10,17.30
S131,1486952573,20.20,17.30,20.30,18.70,0.10,17.30
S131,1486952872,20.20,17.30,20.40,18.80,0.10,17.30
S131,1486953171,20.20,17.20,20.40,18.70,0.10,17.30
S131,1486953470,20.30,17.10,20.40,18.60,0.10,17.30
S131,1486953769,20.30,17.00,20.50,18.50,0.10,17.30
S131,1486954068,20.30,16.90,20.50,18.30,0.10,17.30
S131,1486954367,20.40,16.90,20.50,18.20,0.10,17.30
S131,1486954667,20.40,16.70,20.50,18.10,0.10,17.30
S131,1486954966,20.50,16.80,20.50,18.20,0.10,17.30
S131,1486955265,20.50,16.50,20.50,18.40,0.10,17.30
S131,1486955564,20.50,16.70,20.60,18.50,0.10,17.30
S131,1486955863,20.50,16.70,20.70,18.50,0.10,17.30
S131,1486956162,20.60,17.00,20.70,18.70,0.10,17.30
S131,1486956461,20.60,17.00,20.80,18.40,0.10,17.30
S131,1486956760,20.70,16.90,20.80,18.40,0.10,17.30
S131,1486957059,20.70,16.70,20.80,18.30,0.10,17.30
S131,1486957358,20.70,16.40,20.90,18.40,0.10,17.30
S131,1486957657,20.70,16.60,20.90,18.00,0.10,17.30
S131,1486957956,20.80,16.40,20.90,17.80,0.10,17.30
S131,1486958255,20.80,16.20,20.80,17.80,0.10,17.30
S131,1486958554,20.90,16.30,20.90,18.10,0.10,17.30
S131,1486958853,20.90,16.00,21.10,18.00,0.10,17.30
S131,1486959152,20.90,16.00,21.20,17.80,0.10,17.30
S131,1486959451,21.00,16.20,21.30,18.00,0.10,17.30
S131,1486959750,21.10,16.30,21.30,18.30,0.10,17.30
S131,1486960049,21.10,16.00,21.20,19.60,0.10,17.30
S131,1486960348,21.10,16.20,21.20,18.40,0.10,17.30
S131,1486960647,21.20,16.10,21.20,18.00,0.10,17.30
S131,1486960946,21.20,16.10,21.10,18.20,0.10,17.30
S131,1486961245,21.20,16.20,21.20,18.20,0.10,17.30
S131,1486961544,21.20,15.80,21.10,18.00,0.10,17.30
S131,1486961843,21.20,15.80,21.10,17.90,0.10,17.30
S131,1486962142,21.20,15.80,21.10,17.90,0.10,17.30
S131,1486962441,21.20,15.80,21.10,18.10,0.10,17.30
S131,1486962740,21.20,15.80,21.00,18.00,0.10,17.30
S131,1486963039,21.20,15.80,21.00,17.80,0.10,17.30
S131,1486963338,21.20,15.80,21.00,17.70,0.10,17.30
S131,1486963637,21.30,15.90,21.00,17.70,0.10,17.30
S131,1486963936,21.20,15.80,21.10,17.70,0.10,17.30
S131,1486964235,21.30,15.90,21.10,17.50,0.10,17.30
S131,1486964534,21.30,15.90,21.20,17.70,0.10,17.30
S131,1486964833,21.30,15.90,21.20,17.60,0.10,17.30
S131,1486965132,21.30,15.90,21.20,17.40,0.10,17.30
S131,1486965431,21.30,15.90,21.30,17.60,0.10,17.30
S131,1486965730,21.30,15.90,21.20,17.30,0.10,17.30
S131,1486966029,21.30,15.90,21.20,17.40,0.10,17.30
S131,1486966328,21.30,15.60,21.10,17.40,0.10,17.30
S131,1486966627,21.30,15.80,21.10,17.30,0.10,17.30
S131,1486966926,21.40,15.90,21.10,17.30,0.10,17.30
S131,1486967225,21.40,16.00,21.20,17.30,0.10,17.30
S131,1486967524,21.40,16.00,21.20,17.10,0.10,17.30
S131,1486967823,21.40,15.40,21.30,17.00,0.10,17.30
S131,1486968122,21.40,15.70,21.30,16.80,0.10,17.30
S131,1486968421,21.50,15.40,21.40,17.10,0.10,17.30
S131,1486968720,21.50,15.10,21.40,16.70,0.10,17.30
S131,1486969019,21.50,15.00,21.30,16.80,0.10,17.30
S131,1486969318,21.50,15.40,21.50,17.50,0.10,17.30
S131,1486969617,21.50,15.20,22.00,16.60,0.10,17.30
S131,1486969916,21.60,15.20,21.80,16.60,0.10,17.30
S131,1486970215,21.60,15.30,21.70,17.20,0.10,17.30
S131,1486970514,21.60,15.10,21.50,16.80,0.10,17.30
S131,1486970813,21.60,14.90,21.40,17.00,0.10,17.30
S131,1486971112,21.60,14.80,21.40,16.90,0.10,17.30
S131,1486971411,21.60,14.80,21.30,17.00,0.10,17.30
S131,1486971710,21.60,14.80,21.40,17.10,0.10,17.30
S131,1486972009,21.60,15.00,21.50,16.90,0.10,17.30
S131,1486972308,21.60,15.00,21.50,17.00,0.10,17.30
S131,1486972607,21.70,15.20,21.50,17.00,0.10,17.30
S131,1486972906,21.70,15.00,21.50,16.90,0.10,17.30
S131,1486973205,21.70,15.00,21.50,16.80,0.10,17.30
S131,1486973504,21.70,15.00,21.60,17.00,0.10,17.30
S131,1486973803,21.70,15.20,21.60,17.10,0.10,17.30
S131,1486974102,21.70,15.20,21.50,17.20,0.10,17.30
S131,1486974401,21.70,15.10,21.40,17.10,0.10,17.30
S131,1486974700,21.70,15.20,21.50,17.30,0.10,17.30
S131,1486974999,21.70,15.30,21.50,17.30,0.10,17.30
S131,1486975298,21.70,15.80,21.50,17.80,0.10,17.30
S131,1486975597,21.70,15.70,21.50,17.60,0.10,17.30
S131,1486975896,21.70,15.80,21.50,17.80,0.10,17.30
S131,1486976195,21.70,16.20,22.00,17.60,0.10,17.30
S131,1486976494,21.70,16.20,21.80,17.70,0.10,17.30
S131,1486976793,21.70,16.20,21.60,17.80,0.10,17.30
S131,1486977092,21.70,16.10,21.40,17.80,0.10,17.30
S131,1486977391,21.60,16.10,21.40,17.90,0.10,17.30
S131,1486977690,21.60,16.10,21.30,18.20,0.10,17.30
S131,1486977989,21.60,16.10,21.30,18.30,0.10,17.30
S131,1486978288,21.60,16.10,21.50,18.00,0.10,17.30
S131,1486978587,21.60,16.10,21.50,18.10,0.10,17.30
S131,1486978886,21.60,16.10,21.40,17.90,0.10,17.30
S131,1486979185,21.60,16.10,21.60,17.80,0.10,17.30
S131,1486979484,21.60,16.10,21.60,17.80,0.10,17.30
S131,1486979783,21.50,16.00,21.50,17.80,0.10,17.30
S131,1486980082,21.50,16.00,21.40,17.90,0.10,17.30
S131,1486980381,21.50,16.00,21.40,17.80,0.10,17.30
S131,1486980680,21.50,16.00,21.40,17.80,0.10,17.30
S131,1486980979,21.40,16.00,21.30,17.80,0.10,17.30
S131,1486981278,21.50,16.00,21.40,17.90,0.10,17.30
S131,1486981577,21.50,16.00,21.40,17.70,0.10,17.30
S131,1486981876,21.50,16.00,21.40,17.80,0.10,17.30
S131,1486982175,21.50,16.00,21.30,17.90,0.10,17.30
S131,1486982474,21.50,16.00,21.30,18.00,0.10,17.30
S131,1486982773,21.50,16.00,21.30,18.50,0.10,17.30
S131,1486983072,21.50,16.00,21.30,18.30,0.10,17.30
S131,1486983371,21.50,16.00,21.30,18.30,0.10,17.30
S131,1486983670,21.50,16.00,21.30,18.20,0.10,17.30
S131,1486983969,21.50,16.00,21.30,18.50,0.10,17.30
S131,1486984268,21.50,16.00,21.30,18.40,0.10,17.30
S131,1486984567,21.40,16.00,21.20,18.30,0.10,17.30
S131,1486984866,21.40,16.00,21.20,18.40,0.10,17.30
S131,1486985165,21.40,16.00,21.20,18.50,0.10,17.30
S131,1486985464,21.40,16.00,21.10,18.30,0.10,17.30
S131,1486985763,21.40,16.00,21.20,18.50,0.10,17.30
S131,1486986062,21.40,16.00,21.20,18.30,0.10,17.30
S131,1486986361,21.40,16.00,21.20,18.30,0.10,17.30
S131,1486986660,21.40,16.00,21.20,18.40,0.10,17.30
S131,1486986959,21.40,16.00,21.30,18.50,0.10,17.30
S131,1486987258,21.40,16.00,21.50,18.40,0.10,17.30
S131,1486987557,21.40,16.00,21.40,18.50,0.10,17.30
S131,1486987856,21.40,16.00,21.40,18.30,0.10,17.30
S131,1486988155,21.40,16.00,21.40,18.30,0.10,17.30
S131,1486988455,21.40,16.00,21.40,18.50,0.10,17.30
S131,1486988754,21.40,16.00,21.30,18.30,0.10,17.30
S131,1486989053,21.40,16.00,21.30,18.30,0.10,17.30
S131,1486989352,21.40,16.00,21.30,18.20,0.10,17.30
S131,1486989651,21.40,16.00,21.30,18.30,0.10,17.30
S131,1486989950,21.40,16.00,21.30,18.30,0.10,17.30
S131,1486990249,21.40,16.00,21.30,18.30,0.10,17.30
S131,1486990548,21.40,16.00,21.30,18.30,0.10,17.30
S131,1486990847,21.40,16.00,21.30,18.50,0.10,17.30
S131,1486991146,21.40,16.00,21.30,18.50,0.10,17.30
S131,1486991445,21.40,16.00,21.30,18.70,0.10,17.30
S131,1486991744,21.40,16.00,21.30,18.60,0.10,17.30
S131,1486992043,21.40,16.00,21.30,18.60,0.10,17.30
S131,1486992342,21.40,16.00,21.30,18.70,0.10,17.30
S131,1486992641,21.40,16.00,21.20,19.10,0.10,17.30
S131,1486992940,21.40,16.00,21.30,18.60,0.10,17.30
S131,1486993239,21.40,16.00,21.30,18.70,0.10,17.30
S131,1486993538,21.40,16.00,21.30,18.70,0.10,17.30
S131,1486993837,21.30,15.90,21.20,18.60,0.10,17.30
S131,1486994136,21.30,15.90,21.20,18.60,0.10,17.30
S131,1486994435,21.40,16.00,21.20,18.60,0.10,17.30
S131,1486994734,21.30,15.90,21.20,18.60,0.10,17.30
S131,1486995033,21.30,15.90,21.30,18.70,0.10,17.30
S131,1486995332,21.30,15.90,21.30,18.70,0.10,17.30
S131,1486995631,21.30,15.90,21.30,18.70,0.10,17.30
S131,1486995930,21.30,16.80,21.40,18.50,0.10,17.30
S131,1486996229,21.40,16.10,21.40,18.60,0.10,17.30
S131,1486996528,21.40,16.00,21.40,18.70,0.10,17.30
S131,1486996827,21.40,16.00,21.40,18.70,0.10,17.30
S131,1486997126,21.40,16.00,21.40,18.50,0.10,17.30
S131,1486997425,21.40,16.00,21.40,18.70,0.10,17.30
S131,1486997724,21.70,16.20,21.50,18.80,0.10,17.30
S131,1486998023,21.60,16.10,21.50,18.70,0.10,17.30
S131,1486998322,21.60,16.10,21.50,18.70,0.10,17.30
S131,1486998621,21.60,16.10,21.40,18.60,0.10,17.30
S131,1486998920,21.50,16.00,21.50,18.60,0.10,17.30
S131,1486999219,21.50,16.10,21.50,18.70,0.10,17.30
S131,1486999518,21.50,16.00,21.40,18.70,0.10,17.30
S131,1486999817,21.50,16.00,21.30,18.50,0.10,17.30
S131,1487000116,21.50,16.00,21.30,18.60,0.10,17.30
S131,1487000415,21.50,16.00,21.40,18.50,0.10,17.30
S131,1487000714,21.40,16.00,21.40,18.70,0.10,17.30
S131,1487001013,21.40,16.00,21.40,18.50,0.10,17.30
S131,1487001312,21.40,16.00,21.30,18.50,0.10,17.30
S131,1487001611,21.40,16.00,21.20,18.60,0.10,17.30
S131,1487001910,21.40,16.00,21.20,18.60,0.10,17.30
S131,1487002209,21.40,16.00,21.10,18.50,0.10,17.30
S131,1487002508,21.30,15.90,21.00,18.50,0.10,17.30
S131,1487002807,21.30,15.90,21.00,18.50,0.10,17.30
S131,1487003106,21.30,15.90,20.90,18.40,0.10,17.30
S131,1487003405,21.20,15.80,20.90,18.40,0.10,17.30
S131,1487003704,21.20,15.80,20.90,18.50,0.10,17.30
S131,1487004003,21.10,15.70,20.80,18.50,0.10,17.30
S131,1487004302,21.10,15.70,20.80,18.50,0.10,17.30
S131,1487004601,21.10,15.70,20.70,18.50,0.10,17.30
S131,1487004900,21.00,15.70,20.70,18.60,0.10,17.30
S131,1487005199,21.00,15.70,20.60,18.60,0.10,17.30
S131,1487005498,20.90,15.60,20.60,18.70,0.10,17.30
S131,1487005797,20.90,15.60,20.60,18.80,0.10,17.30
S131,1487006096,20.90,15.60,20.50,18.80,0.10,17.30
S131,1487006395,20.80,15.50,20.50,18.80,0.10,17.30
S131,1487006694,20.80,15.70,20.50,18.80,0.10,17.30
S131,1487006993,20.80,16.20,20.50,18.90,0.10,17.30
S131,1487007292,20.80,15.90,20.50,19.00,0.10,17.30
S131,1487007591,20.80,16.00,20.50,19.10,0.10,17.30
S131,1487007890,20.70,16.00,20.40,19.00,0.10,17.30
S131,1487008189,20.70,16.10,20.40,19.10,0.10,17.30
S131,1487008488,20.70,16.30,20.40,19.20,0.10,17.30
S131,1487008787,20.70,16.40,20.40,19.30,0.10,17.30
S131,1487009086,20.60,16.40,20.40,19.40,0.10,17.30
S131,1487009385,20.60,16.70,20.40,19.60,0.10,17.30
S131,1487009684,20.60,17.00,20.40,20.00,0.10,17.30
S131,1487009983,20.60,17.10,20.40,20.00,0.10,17.30
S131,1487010282,20.60,17.20,20.40,20.10,0.10,17.30
S131,1487010581,20.50,17.20,20.30,20.20,0.10,17.30
S131,1487010880,20.60,17.40,20.40,20.40,0.10,17.30
S131,1487011179,20.50,17.90,20.30,21.00,0.10,17.30
S131,1487011478,20.60,18.90,20.40,21.90,0.10,17.30
S131,1487011777,20.50,18.50,20.40,21.80,0.10,17.30
S131,1487012076,20.50,18.40,20.30,21.50,0.10,17.30
S131,1487012375,20.50,18.40,20.40,21.50,0.10,17.30
S131,1487012674,20.50,18.50,20.30,21.50,0.10,17.30
S131,1487012973,20.40,18.50,20.30,21.70,0.10,17.30
S131,1487013272,20.50,18.60,20.30,21.60,0.10,17.30
S131,1487013571,20.50,18.60,20.40,21.90,0.10,17.30
S131,1487013870,20.40,18.70,20.30,21.90,0.10,17.30
S131,1487014169,20.40,18.70,20.20,21.80,0.10,17.30
S131,1487014468,20.40,18.80,20.20,21.80,0.10,17.30
S131,1487014767,20.40,18.90,20.20,21.80,0.10,17.30
S131,1487015066,20.40,18.90,20.20,21.80,0.10,17.30
S131,1487015365,20.40,18.90,20.20,21.80,0.10,17.30
S131,1487015664,20.40,18.90,20.20,21.80,0.10,17.30
S131,1487015963,20.40,19.00,20.20,21.80,0.10,17.30
S131,1487016262,20.40,19.10,20.20,21.80,0.10,17.30
S131,1487016561,20.40,19.20,20.20,21.80,0.10,17.30
S131,1487016860,20.40,19.50,20.20,22.80,0.10,17.30
S131,1487017159,20.40,21.50,20.20,24.90,0.10,17.30
S131,1487017458,20.40,21.80,20.20,25.30,0.10,17.30
S131,1487017757,20.30,21.20,20.20,24.40,0.10,17.30
S131,1487018056,20.30,20.60,20.10,23.50,0.10,17.30
S131,1487018355,20.30,20.10,20.10,22.90,0.10,17.30
S131,1487018654,20.30,19.80,20.10,22.70,0.10,17.30
S131,1487018953,20.30,19.50,20.10,22.50,0.10,17.30
S131,1487019252,20.30,19.40,20.10,22.30,0.10,17.30
S131,1487019551,20.30,19.40,20.00,22.30,0.10,17.30
S131,1487019850,20.20,19.30,19.90,22.20,0.10,17.30
S131,1487020149,20.20,19.30,19.80,22.30,0.10,17.30
S131,1487020448,20.20,19.30,19.80,22.20,0.10,17.30
S131,1487020747,20.10,19.20,19.70,22.20,0.10,17.30
S131,1487021046,20.10,19.20,19.70,22.30,0.10,17.30
S131,1487021345,20.00,19.20,19.60,22.20,0.10,17.30
S131,1487021644,20.00,19.20,19.60,22.30,0.10,17.30
S131,1487021943,19.90,19.10,19.60,22.30,0.10,17.30
S131,1487022242,19.90,19.10,19.50,22.30,0.10,17.30
S131,1487022541,19.90,19.10,19.50,22.30,0.10,17.30
S131,1487022840,19.80,19.00,19.50,22.30,0.10,17.30
S131,1487023139,19.80,19.00,19.50,22.30,0.10,17.30
S131,1487023438,19.80,19.10,19.50,22.30,0.10,17.30
S131,1487023737,19.80,19.20,19.50,22.40,0.10,17.30
S131,1487024036,19.80,19.20,19.40,22.30,0.10,17.30
S131,1487024335,19.70,19.20,19.40,22.30,0.10,17.30
S131,1487024634,19.70,19.20,19.40,22.30,0.10,17.30
S131,1487024933,19.70,19.30,19.40,22.40,0.10,17.30
S131,1487025232,19.70,19.30,19.40,22.30,0.10,17.30
S131,1487025531,19.60,19.30,19.40,22.40,0.10,17.30
S131,1487025830,19.60,19.30,19.30,22.50,0.10,17.30
S131,1487026129,19.60,19.40,19.30,22.40,0.10,17.30
S131,1487026428,19.60,19.40,19.30,22.40,0.10,17.30
S131,1487026728,19.60,19.40,19.40,22.50,0.10,17.30
S131,1487027027,19.50,19.40,19.30,22.50,0.10,17.30
S131,1487027326,19.50,19.40,19.30,22.50,0.10,17.30
S131,1487027625,19.50,19.50,19.30,22.50,0.10,17.30
S131,1487027924,19.50,19.60,19.30,22.60,0.10,17.30
S131,1487028223,19.50,19.60,19.30,22.70,0.10,17.30
S131,1487028522,19.50,19.70,19.30,22.70,0.10,17.30
S131,1487028821,19.50,19.80,19.30,22.80,0.10,17.30
S131,1487029120,19.50,19.80,19.30,22.80,0.10,17.30
S131,1487029419,19.50,19.80,19.30,22.80,0.10,17.30
S131,1487029718,19.50,19.80,19.30,22.80,0.10,17.30
S131,1487030017,19.50,19.80,19.30,22.90,0.10,17.30
S131,1487030316,19.50,19.80,19.40,22.80,0.10,17.30
S131,1487030615,19.50,19.90,19.50,22.70,0.10,17.30
S131,1487030914,19.50,19.90,19.60,22.60,0.10,17.30
S131,1487031213,19.50,19.90,19.70,22.70,0.10,17.30
S131,1487031512,19.50,19.90,19.70,22.70,0.10,17.30
S131,1487031811,19.60,20.00,19.90,22.70,0.10,17.30
S131,1487032110,19.60,20.10,20.00,22.70,0.10,17.30
S131,1487032409,19.70,20.10,20.10,22.70,0.10,17.30
S131,1487032708,19.70,20.10,20.10,22.60,0.10,17.30
S131,1487033007,19.80,20.20,20.20,22.50,0.10,17.30
S131,1487033306,19.90,20.20,20.30,22.50,0.10,17.30
S131,1487033605,19.90,20.10,20.40,22.50,0.10,17.30
S131,1487033904,20.00,20.20,20.40,22.40,0.10,17.30
S131,1487034203,20.00,20.10,20.50,22.40,0.10,17.30
S131,1487034502,20.10,20.10,20.50,22.30,0.10,17.30
S131,1487034801,20.10,20.10,20.50,22.20,0.10,17.30
S131,1487035100,20.20,20.10,20.60,22.10,0.10,17.30
S131,1487035399,20.20,20.10,20.70,22.10,0.10,17.30
S131,1487035698,20.30,20.00,20.70,22.10,0.10,17.30
S131,1487035997,20.40,20.20,20.70,22.20,0.10,17.30
S131,1487036296,20.40,20.20,20.80,22.50,0.10,17.30
S131,1487036595,20.50,20.30,20.90,22.30,0.10,17.30
S131,1487036894,20.50,20.40,21.20,22.50,0.10,17.30
S131,1487037193,20.60,20.40,21.30,22.50,0.10,17.30
S131,1487037492,20.70,20.30,21.30,22.50,0.10,17.30
S131,1487037791,20.70,20.30,21.30,22.50,0.10,17.30
S131,1487038090,20.80,20.30,21.30,22.50,0.10,17.30
S131,1487038389,20.90,20.20,21.30,22.50,0.10,17.30
S131,1487038688,20.90,20.20,21.30,22.50,0.10,17.30
S131,1487038987,20.90,20.20,21.10,22.40,0.10,17.30
S131,1487039286,20.90,20.20,21.10,22.40,0.10,17.30
S131,1487039585,21.00,20.20,21.10,22.40,0.10,17.30
S131,1487039884,21.00,20.20,21.10,22.40,0.10,17.30
S131,1487040183,21.00,20.30,21.20,22.50,0.10,17.30
S131,1487040482,21.00,20.90,21.20,23.10,0.10,17.30
S131,1487040781,21.10,20.80,21.30,23.00,0.10,17.30
S131,1487041080,21.10,20.80,21.30,23.00,0.10,17.30
S131,1487041379,21.10,20.80,21.40,23.10,0.10,17.30
S131,1487041678,21.10,20.80,21.30,23.20,0.10,17.30
S131,1487041977,21.10,20.90,21.30,23.10,0.10,17.30
S131,1487042276,21.20,20.90,21.40,22.90,0.10,17.30
S131,1487042575,21.20,21.00,21.40,22.90,0.10,17.30
S131,1487042874,21.20,21.00,21.50,23.30,0.10,17.30
S131,1487043173,21.30,21.00,21.50,23.20,0.10,17.30
S131,1487043472,21.30,21.10,21.50,23.20,0.10,17.30
S131,1487043771,21.30,20.90,21.50,23.00,0.10,17.30
S131,1487044070,21.30,20.90,21.50,23.20,0.10,17.30
S131,1487044369,21.40,21.00,21.50,23.10,0.10,17.30
S131,1487044668,21.40,20.90,21.60,23.00,0.10,17.30
S131,1487044967,21.40,20.80,21.70,22.80,0.10,17.30
S131,1487045266,21.50,20.80,21.70,22.80,0.10,17.30
S131,1487045565,21.50,20.90,21.80,22.90,0.10,17.30
S131,1487045864,21.50,20.90,22.00,23.00,0.10,17.30
S131,1487046163,21.60,21.00,21.80,23.00,0.10,17.30
S131,1487046462,21.60,20.90,21.80,22.90,0.10,17.30
S131,1487046761,21.60,20.80,21.70,22.90,0.10,17.30
S131,1487047060,21.60,20.90,21.80,23.20,0.10,17.30
S131,1487047359,21.60,21.00,21.80,23.20,0.10,17.30
S131,1487047658,21.70,21.30,21.80,23.50,0.10,17.30
S131,1487047957,21.60,21.20,21.80,23.50,0.10,17.30
S131,1487048256,21.70,21.30,21.70,23.50,0.10,17.30
S131,1487048555,21.70,21.60,21.80,24.00,0.10,17.30
S131,1487048854,21.70,21.80,21.70,24.30,0.10,17.30
S131,1487049153,21.70,22.20,21.80,24.60,0.10,17.30
S131,1487049452,21.70,22.40,21.90,24.90,0.10,17.30
S131,1487049751,21.70,22.70,21.90,25.30,0.10,17.30
S131,1487050050,21.80,22.90,21.80,25.40,0.10,17.30
S131,1487050349,21.70,23.00,21.80,25.50,0.10,17.30
S131,1487050648,21.70,23.10,21.80,25.70,0.10,17.30
S131,1487050947,21.70,23.20,21.90,25.80,0.10,17.30
S131,1487051246,21.80,23.40,21.80,25.80,0.10,17.30
S131,1487051545,21.80,23.40,21.90,25.80,0.10,17.30
S131,1487051844,21.80,23.40,21.90,25.80,0.10,17.30
S131,1487052143,21.80,23.50,22.00,25.90,0.10,17.30
S131,1487052442,21.90,23.50,22.00,25.80,0.10,17.30
S131,1487052741,21.90,23.50,22.00,25.90,0.10,17.30
S131,1487053040,21.90,23.50,22.00,25.90,0.10,17.30
S131,1487053339,21.90,23.50,21.90,25.90,0.10,17.30
S131,1487053638,22.00,23.60,22.00,26.10,0.10,17.30
S131,1487053937,22.00,23.80,22.10,26.10,0.10,17.30
S131,1487054236,22.00,23.80,22.10,26.10,0.10,17.30
S131,1487054535,22.00,23.90,22.10,26.20,0.10,17.30
S131,1487054834,22.00,23.90,22.10,26.20,0.10,17.30
S131,1487055133,22.00,24.00,22.00,26.20,0.10,17.30
S131,1487055432,22.10,24.10,22.10,26.40,0.10,17.30
S131,1487055731,22.20,24.80,22.20,26.50,0.10,17.30
S131,1487056030,22.90,24.70,22.50,26.30,0.10,17.30
S131,1487056329,23.20,23.90,22.60,26.10,0.10,17.30
S131,1487056628,23.40,23.80,22.70,26.00,0.10,17.30
S131,1487056927,23.40,23.20,22.80,26.40,0.10,17.30
S131,1487057226,23.40,23.00,22.70,26.20,0.10,17.30
S131,1487057525,23.40,23.20,22.80,26.30,0.10,17.30
S131,1487057824,23.40,23.00,22.70,25.90,0.10,17.30
S131,1487058123,23.30,22.90,22.50,26.10,0.10,17.30
S131,1487058422,23.30,23.00,22.50,26.30,0.10,17.30
S131,1487058721,23.30,22.90,22.50,25.90,0.10,17.30
S131,1487059020,23.20,23.00,22.50,26.40,0.10,17.30
S131,1487059319,23.20,23.00,22.40,26.20,0.10,17.30
S131,1487059618,23.20,23.10,22.40,26.40,0.10,17.30
S131,1487059917,23.10,23.10,22.40,26.40,0.10,17.30
S131,1487060216,23.10,23.00,22.30,26.40,0.10,17.30
S131,1487060515,23.10,23.00,22.30,26.50,0.10,17.30
S131,1487060814,23.00,23.20,22.20,26.60,0.10,17.30
S131,1487061113,23.00,23.40,22.20,26.70,0.10,17.30
S131,1487061412,22.90,23.60,22.10,27.00,0.10,17.30
S131,1487061711,22.90,23.50,22.10,27.00,0.10,17.30
S131,1487062010,22.80,23.50,22.20,26.70,0.10,17.30
S131,1487062309,22.80,23.40,22.20,26.50,0.10,17.30
S131,1487062608,22.80,23.40,22.20,26.50,0.10,17.30
S131,1487062907,22.80,23.40,22.20,26.60,0.10,17.30
S131,1487063206,22.80,23.80,22.20,26.40,0.10,17.30
S131,1487063505,22.70,23.60,22.20,26.70,0.10,17.30
S131,1487063804,22.70,23.60,22.20,26.70,0.10,17.30
S131,1487064103,22.70,23.90,22.20,27.10,0.10,17.30
S131,1487064402,22.70,23.80,22.20,26.90,0.10,17.30
S131,1487064701,22.60,23.70,22.20,27.10,0.10,17.30
S131,1487065001,22.60,23.70,22.10,27.00,0.10,17.30
S131,1487065300,22.60,23.90,22.10,27.10,0.10,17.30
S131,1487065599,22.60,23.90,22.10,27.00,0.10,17.30
S131,1487065898,22.60,24.00,22.10,27.00,0.10,17.30
S131,1487066197,22.50,23.80,22.20,27.10,0.10,17.30
S131,1487066496,22.60,25.10,22.40,26.80,0.10,17.30
S131,1487066795,22.60,23.80,22.20,26.80,0.10,17.30
S131,1487067094,22.60,24.00,22.10,26.80,0.10,17.30
S131,1487067393,22.60,23.80,22.30,26.80,0.10,17.30
S131,1487067692,22.60,23.80,22.20,26.50,0.10,17.30
S131,1487067991,22.50,23.50,22.00,26.40,0.10,17.30
S131,1487068290,22.50,23.10,22.00,25.90,0.10,17.30
S131,1487068589,22.50,22.60,21.90,25.20,0.10,17.30
S131,1487068888,22.50,21.90,22.00,24.30,0.10,17.30
S131,1487069187,22.50,21.00,22.20,23.20,0.10,17.30
S131,1487069486,22.40,20.60,22.00,22.70,0.10,17.30
S131,1487069785,22.40,20.10,21.90,22.30,0.10,17.30
S131,1487070084,22.40,19.70,21.90,21.60,0.10,17.30
S131,1487070383,22.40,19.40,21.90,21.20,0.10,17.30
S131,1487070682,22.30,18.80,21.90,20.70,0.10,17.30
S131,1487070981,22.30,18.60,21.90,20.20,0.10,17.30
S131,1487071280,22.30,18.10,21.80,20.20,0.10,17.30
S131,1487071579,22.50,27.40,21.90,20.70,0.10,17.30
S131,1487071878,22.50,18.40,21.70,19.50,0.10,17.30
S131,1487072177,22.40,17.20,21.60,19.50,0.10,17.30
S131,1487072476,22.40,16.90,21.70,19.20,0.10,17.30
S131,1487072775,22.30,16.60,21.60,18.90,0.10,17.30
S131,1487073074,22.30,16.60,21.70,19.20,0.10,17.30
S131,1487073373,22.20,16.50,21.70,18.80,0.10,17.30
S131,1487073672,22.20,16.50,21.70,18.80,0.10,17.30
S131,1487073971,22.10,16.40,21.50,18.80,0.10,17.30
S131,1487074270,22.10,16.40,21.50,18.50,0.10,17.30
S131,1487074569,22.00,16.40,21.50,18.20,0.10,17.30
S131,1487074868,22.00,16.40,21.60,18.20,0.10,17.30
S131,1487075167,22.00,16.40,21.60,18.30,0.10,17.30
S131,1487075466,22.00,16.40,21.70,18.50,0.10,17.30
S131,1487075765,22.00,16.40,21.60,18.70,0.10,17.30
S131,1487076064,22.00,16.40,21.60,18.80,0.10,17.30
S131,1487076363,22.00,16.40,21.60,18.90,0.10,17.30
S131,1487076662,21.90,16.30,21.60,19.00,0.10,17.30
S131,1487076961,21.90,16.30,21.50,18.90,0.10,17.30
S131,1487077260,21.90,16.30,21.50,19.00,0.10,17.30
S131,1487077559,21.90,16.30,21.50,19.10,0.10,17.30
S131,1487077858,21.80,16.20,21.50,19.10,0.10,17.30
S131,1487078157,21.80,16.20,21.50,19.10,0.10,17.30
S131,1487078456,21.80,16.20,21.50,19.10,0.10,17.30
S131,1487078755,21.80,16.20,21.50,19.10,0.10,17.30
S131,1487079054,21.80,16.20,21.50,19.10,0.10,17.30
S131,1487079353,21.80,16.20,21.40,19.20,0.10,17.30
S131,1487079652,21.70,16.20,21.40,19.10,0.10,17.30
S131,1487079951,21.70,16.20,21.50,19.10,0.10,17.30
S131,1487080250,21.70,16.20,21.50,19.10,0.10,17.30
S131,1487080549,21.70,16.20,21.50,19.20,0.10,17.30
S131,1487080848,21.70,16.20,21.60,19.00,0.10,17.30
S131,1487081147,21.70,16.20,21.50,19.00,0.10,17.30
S131,1487081446,21.70,16.20,21.50,18.80,0.10,17.30
S131,1487081745,21.70,16.20,21.60,18.80,0.10,17.30
S131,1487082044,21.70,16.20,21.50,18.70,0.10,17.30
S131,1487082343,21.70,16.20,21.50,18.70,0.10,17.30
S131,1487082642,21.70,16.20,21.50,18.50,0.10,17.30
S131,1487082941,21.70,16.20,21.50,18.40,0.10,17.30
S131,1487083240,21.70,16.20,21.50,18.50,0.10,17.30
S131,1487083539,21.70,16.20,21.50,18.50,0.10,17.30
S131,1487083838,21.70,16.20,21.50,18.40,0.10,17.30
S131,1487084137,21.70,16.20,21.50,18.30,0.10,17.30
S131,1487084436,21.70,16.20,21.50,18.30,0.10,17.30
S131,1487084735,21.70,16.20,21.40,18.30,0.10,17.30
S131,1487085034,21.70,16.20,21.40,18.40,0.10,17.30
S131,1487085333,21.70,16.20,21.40,18.30,0.10,17.30
S131,1487085632,21.60,16.10,21.40,18.20,0.10,17.30
S131,1487085931,21.60,16.10,21.40,18.30,0.10,17.30
S131,1487086230,21.60,16.10,21.30,18.30,0.10,17.30
S131,1487086529,21.60,16.10,21.30,18.20,0.10,17.30
S131,1487086828,21.60,16.10,21.40,18.10,0.10,17.30
S131,1487087127,21.60,16.10,21.50,18.10,0.10,17.30
S131,1487087426,21.60,16.10,21.30,18.20,0.10,17.30
S131,1487087725,21.60,16.00,21.20,18.00,0.10,17.30
S131,1487088024,21.50,16.00,21.10,18.20,0.10,17.30
S131,1487088323,21.50,15.80,21.00,18.10,0.10,17.30
S131,1487088622,21.40,15.80,20.90,18.10,0.10,17.30
S131,1487088921,21.40,15.70,20.90,18.10,0.10,17.30
S131,1487089220,21.40,15.80,20.80,18.20,0.10,17.30
S131,1487089519,21.30,15.90,20.80,18.30,0.10,17.30
S131,1487089818,21.30,15.90,20.70,18.40,0.10,17.30
S131,1487090117,21.20,15.80,20.60,18.30,0.10,17.30
S131,1487090416,21.20,15.80,20.50,18.40,0.10,17.30
S131,1487090715,21.10,15.70,20.50,18.40,0.10,17.30
S131,1487091014,21.00,15.70,20.40,18.40,0.10,17.30
S131,1487091313,21.00,15.70,20.30,18.30,0.10,17.30
S131,1487091612,20.90,15.60,20.20,18.20,0.10,17.30
S131,1487091911,20.90,15.60,20.20,18.30,0.10,17.30
S131,1487092210,20.80,15.50,20.10,18.10,0.10,17.30
S131,1487092509,20.80,15.50,20.00,18.10,0.10,17.30
S131,1487092808,20.70,15.50,19.90,18.20,0.10,17.30
S131,1487093107,20.60,15.40,19.90,18.20,0.10,17.30
S131,1487093406,20.60,15.40,19.90,18.20,0.10,17.30
S131,1487093705,20.60,15.40,19.90,18.20,0.10,17.30
S131,1487094004,20.50,15.30,19.80,18.20,0.10,17.30
S131,1487094303,20.50,15.30,19.80,18.30,0.10,17.30
S131,1487094602,20.40,15.20,19.80,18.30,0.10,17.30
S131,1487094901,20.40,15.20,19.80,18.50,0.10,17.30
S131,1487095200,20.30,15.20,19.80,18.40,0.10,17.30
S131,1487095499,20.30,15.20,19.90,18.40,0.10,17.30
S131,1487095798,20.30,15.20,19.90,18.40,0.10,17.30
S131,1487096097,20.30,15.40,19.90,18.70,0.10,17.30
S131,1487096396,20.30,16.20,19.90,18.90,0.10,17.30
S131,1487096695,20.30,16.30,20.00,19.50,0.10,17.30
S131,1487096994,20.30,16.00,19.90,19.10,0.10,17.30
S131,1487097293,20.30,15.70,19.90,18.90,0.10,17.30
S131,1487097592,20.30,15.50,19.90,18.80,0.10,17.30
S131,1487097891,20.20,15.40,19.90,18.60,0.10,17.30
S131,1487098190,20.20,15.20,19.90,18.50,0.10,17.30
S131,1487098489,20.20,15.10,19.90,18.40,0.10,17.30
S131,1487098788,20.20,15.10,20.00,18.40,0.10,17.30
S131,1487099087,20.30,15.20,19.90,18.30,0.10,17.30
S131,1487099386,20.20,15.10,19.80,18.20,0.10,17.30
S131,1487099685,20.20,15.10,19.90,18.20,0.10,17.30
S131,1487099984,20.20,15.10,19.80,18.20,0.10,17.30
S131,1487100283,20.20,15.10,19.80,18.10,0.10,17.30
S131,1487100582,20.20,15.10,19.80,18.00,0.10,17.30
S131,1487100881,20.20,15.10,19.80,18.00,0.10,17.30
S131,1487101180,20.20,15.10,19.80,18.00,0.10,17.30
S131,1487101479,20.10,15.00,19.80,18.00,0.10,17.30
S131,1487101778,20.10,15.00,19.70,18.10,0.10,17.30
S131,1487102077,20.20,15.10,19.60,18.10,0.10,17.30
S131,1487102376,20.10,15.00,19.60,18.10,0.10,17.30
S131,1487102675,20.00,15.00,19.60,18.20,0.10,17.30
S131,1487102974,20.00,15.00,19.50,18.10,0.10,17.30
S131,1487103274,20.00,15.00,19.50,18.10,0.10,17.30
S131,1487103573,20.00,15.00,19.50,18.10,0.10,17.30
S131,1487103872,19.90,14.90,19.50,18.10,0.10,17.30
S131,1487104171,19.90,14.90,19.40,18.10,0.10,17.30
S131,1487104470,19.90,14.90,19.40,18.50,0.10,17.30
S131,1487104769,19.90,14.90,19.40,18.10,0.10,17.30
S131,1487105068,19.80,14.80,19.40,18.10,0.10,17.30
S131,1487105367,19.80,14.80,19.40,18.10,0.10,17.30
S131,1487105666,19.80,14.80,19.40,18.10,0.10,17.30
S131,1487105965,19.80,14.80,19.30,18.00,0.10,17.30
S131,1487106264,19.70,14.80,19.30,18.00,0.10,17.30
S131,1487106563,19.80,14.80,19.30,18.00,0.10,17.30
S131,1487106862,19.70,14.80,19.30,17.90,0.10,17.30
S131,1487107161,19.70,14.80,19.30,17.90,0.10,17.30
S131,1487107460,19.70,14.80,19.30,18.00,0.10,17.30
S131,1487107759,19.60,14.70,19.20,17.90,0.10,17.30
S131,1487108058,19.60,14.70,19.20,18.00,0.10,17.30
S131,1487108357,19.60,14.70,19.20,18.00,0.10,17.30
S131,1487108656,19.60,14.70,19.20,18.00,0.10,17.30
S131,1487108955,19.60,14.70,19.20,18.10,0.10,17.30
S131,1487109254,19.60,14.70,19.20,18.20,0.10,17.30
S131,1487109553,19.50,14.60,19.20,18.20,0.10,17.30
S131,1487109852,19.60,14.70,19.20,18.10,0.10,17.30
S131,1487110151,19.60,14.70,19.30,18.20,0.10,17.30
S131,1487110450,19.60,14.70,19.30,18.00,0.10,17.30
S131,1487110749,19.60,14.70,19.30,18.00,0.10,17.30
S131,1487111048,19.60,14.70,19.30,18.00,0.10,17.30
S131,1487111347,19.60,14.70,19.40,17.80,0.10,17.30
S131,1487111646,19.60,14.70,19.30,17.80,0.10,17.30
S131,1487111945,19.60,14.70,19.30,17.90,0.10,17.30
S131,1487112244,19.60,14.70,19.30,17.90,0.10,17.30
S131,1487112543,19.60,14.70,19.20,17.80,0.10,17.30
S131,1487112842,19.60,14.70,19.10,17.80,0.10,17.30
S131,1487113141,19.50,14.60,19.10,17.80,0.10,17.30
S131,1487113440,19.50,14.60,19.10,17.80,0.10,17.30
S131,1487113739,19.50,14.60,19.10,17.80,0.10,17.30
S131,1487114038,19.50,14.60,19.10,17.80,0.10,17.30
S131,1487114337,19.50,14.60,19.10,17.90,0.10,17.30
S131,1487114636,19.50,14.60,19.00,17.80,0.10,17.30
S131,1487114935,19.40,14.60,19.00,17.80,0.10,17.30
S131,1487115234,19.40,14.60,19.00,17.90,0.10,17.30
S131,1487115533,19.40,14.60,19.00,18.00,0.10,17.30
S131,1487115832,19.40,14.60,19.00,18.00,0.10,17.30
S131,1487116131,19.40,14.60,19.00,18.10,0.10,17.30
S131,1487116430,19.40,14.60,19.10,18.20,0.10,17.30
S131,1487116729,19.40,14.90,19.20,18.30,0.10,17.30
S131,1487117028,19.40,15.10,19.30,18.30,0.10,17.30
S131,1487117327,19.40,15.20,19.40,18.30,0.10,17.30
S131,1487117626,19.50,15.40,19.50,18.30,0.10,17.30
S131,1487117925,19.50,15.40,19.70,18.30,0.10,17.30
S131,1487118224,19.60,15.40,19.70,18.30,0.10,17.30
S131,1487118523,19.70,15.50,19.80,18.20,0.10,17.30
S131,1487118822,19.70,15.40,19.90,18.20,0.10,17.30
S131,1487119121,19.70,15.40,20.00,18.20,0.10,17.30
S131,1487119420,19.80,15.40,20.10,18.20,0.10,17.30
S131,1487119719,19.90,15.50,20.10,18.10,0.10,17.30
S131,1487120018,19.90,15.40,20.20,18.10,0.10,17.30
S131,1487120317,20.00,15.40,20.20,17.90,0.10,17.30
S131,1487120616,20.00,15.20,20.30,18.00,0.10,17.30
S131,1487120915,20.10,15.10,20.30,18.00,0.10,17.30
S131,1487121214,20.10,15.00,20.30,18.00,0.10,17.30
S131,1487121513,20.20,15.10,20.40,17.90,0.10,17.30
S131,1487121812,20.20,15.10,20.50,17.80,0.10,17.30
S131,1487122111,20.30,15.20,20.50,17.70,0.10,17.30
S131,1487122410,20.30,15.20,20.60,17.60,0.10,17.30
S131,1487122709,20.40,15.20,20.60,17.60,0.10,17.30
S131,1487123008,20.40,15.20,20.70,17.60,0.10,17.30
S131,1487123307,20.50,15.30,20.70,17.50,0.10,17.30
S131,1487123606,20.50,15.30,20.70,17.10,0.10,17.30
S131,1487123905,20.60,14.70,20.70,16.90,0.10,17.30
S131,1487124204,20.60,14.50,20.70,16.80,0.10,17.30
S131,1487124503,20.60,14.20,20.80,16.60,0.10,17.30
S131,1487124802,20.60,14.30,20.80,16.50,0.10,17.30
S131,1487125101,20.70,14.00,20.80,15.90,0.10,17.30
S131,1487125400,20.70,13.50,20.80,15.40,0.10,17.30
S131,1487125699,20.70,13.10,20.80,15.40,0.10,17.30
S131,1487125998,20.70,12.80,20.70,15.30,0.10,17.30
S131,1487126297,20.70,13.00,20.70,15.20,0.10,17.30
S131,1487126596,20.70,12.80,20.70,15.20,0.10,17.30
S131,1487126895,20.80,14.00,20.80,15.60,0.10,17.30
S131,1487127194,20.80,14.10,21.00,16.30,0.10,17.30
S131,1487127493,20.90,13.80,21.10,16.00,0.10,17.30
S131,1487127792,20.90,13.50,21.10,15.80,0.10,17.30
S131,1487128091,20.90,13.20,21.00,15.10,0.10,17.30
S131,1487128390,21.00,12.70,20.90,14.50,0.10,17.30
S131,1487128689,21.00,12.50,20.90,14.50,0.10,17.30
S131,1487128988,21.00,12.60,20.90,14.60,0.10,17.30
S131,1487129287,21.00,12.10,21.00,14.60,0.10,17.30
S131,1487129586,21.00,12.20,21.00,14.60,0.10,17.30
S131,1487129885,21.10,12.70,21.20,14.70,0.10,17.30
S131,1487130184,21.10,12.90,21.30,15.60,0.10,17.30
S131,1487130483,21.20,12.90,21.40,14.80,0.10,17.30
S131,1487130782,21.20,12.60,21.20,14.70,0.10,17.30
S131,1487131081,21.20,12.30,21.20,14.70,0.10,17.30
S131,1487131380,21.20,12.50,21.20,14.80,0.10,17.30
S131,1487131679,21.20,12.50,21.20,14.70,0.10,17.30
S131,1487131978,21.20,12.50,21.30,14.80,0.10,17.30
S131,1487132277,21.30,12.20,21.30,14.80,0.10,17.30
S131,1487132576,21.30,12.20,21.20,14.70,0.10,17.30
S131,1487132875,21.30,12.10,21.10,14.60,0.10,17.30
S131,1487133174,21.30,12.00,21.10,14.60,0.10,17.30
S131,1487133473,21.30,11.80,21.30,14.80,0.10,17.30
S131,1487133772,21.30,12.20,21.30,14.80,0.10,17.30
S131,1487134071,21.30,11.70,21.40,14.50,0.10,17.30
S131,1487134370,21.30,11.70,21.70,14.30,0.10,17.30
S131,1487134669,21.40,11.70,21.70,14.30,0.10,17.30
S131,1487134968,21.30,11.70,21.70,15.00,0.10,17.30
S131,1487135267,21.30,11.40,21.60,14.10,0.10,17.30
S131,1487135566,21.30,11.30,21.60,14.10,0.10,17.30
S131,1487135865,21.30,11.30,21.60,14.10,0.10,17.30
S131,1487136164,21.30,11.70,21.70,14.30,0.10,17.30
S131,1487136463,21.40,11.70,21.70,14.30,0.10,17.30
S131,1487136762,21.40,11.40,21.80,14.10,0.10,17.30
S131,1487137061,21.40,11.20,21.80,14.10,0.10,17.30
S131,1487137360,21.50,11.20,21.80,13.90,0.10,17.30
S131,1487137659,21.50,11.30,21.60,13.60,0.10,17.30
S131,1487137958,21.50,11.10,21.60,13.80,0.10,17.30
S131,1487138257,21.50,11.10,21.60,13.60,0.10,17.30
S131,1487138556,21.50,11.20,21.70,14.60,0.10,17.30
S131,1487138855,21.50,11.20,21.80,14.00,0.10,17.30
Device,Time,DHT1-OUT Temp,DHT1-OUT Hum,DHT2-IN Temp,DHT2-IN Hum,Soil,Infrared
S131,1486911899,22.00,9.80,21.90,12.00,0.10,17.30
S131,1486912198,21.90,9.60,21.70,11.70,0.10,17.30
S131,1486912497,21.80,9.60,21.60,11.90,0.10,17.30
S131,1486912796,21.80,9.50,21.40,11.90,0.10,17.30
S131,1486913095,21.80,9.60,21.50,11.90,0.10,17.30
S131,1486913394,21.80,9.70,21.40,11.70,0.10,17.30
S131,1486913693,21.80,9.60,21.40,12.10,0.10,17.30
S131,1486913992,21.70,10.00,21.50,12.10,0.10,17.30
S131,1486914291,21.70,10.10,21.60,12.00,0.10,17.30
S131,1486914590,21.70,10.30,21.60,11.90,0.10,17.30
S131,1486914889,21.70,9.60,21.60,11.80,0.10,17.30
S131,1486915188,21.70,10.00,21.60,11.90,0.10,17.30
S131,1486915487,21.70,10.00,21.50,11.90,0.10,17.30
S131,1486915786,21.70,9.90,21.40,11.70,0.10,17.30
S131,1486916085,21.70,9.80,21.40,11.80,0.10,17.30
S131,1486916385,21.70,9.80,21.30,11.70,0.10,17.30
S131,1486916684,21.60,9.60,21.30,11.70,0.10,17.30
S131,1486916983,21.60,9.60,21.20,11.60,0.10,17.30
S131,1486917282,21.60,9.60,21.30,11.70,0.10,17.30
S131,1486917581,21.60,10.00,21.30,12.00,0.10,17.30
S131,1486917880,21.50,9.80,21.30,11.90,0.10,17.30
S131,1486918180,21.50,9.60,21.20,11.60,0.10,17.30
S131,1486918479,21.50,9.40,21.10,11.40,0.10,17.30
S131,1486918778,21.50,9.50,21.10,11.70,0.10,17.30
S131,1486919078,21.50,9.60,21.20,11.70,0.10,17.30
S131,1486919377,21.40,9.40,21.30,11.80,0.10,17.30
S131,1486919676,21.40,9.70,21.30,11.60,0.10,17.30
S131,1486919976,21.50,9.80,21.30,11.60,0.10,17.30
S131,1486920275,21.50,9.50,21.30,11.20,0.10,17.30
S131,1486920574,21.40,9.40,21.30,11.50,0.10,17.30
S131,1486920873,21.50,9.40,21.30,11.20,0.10,17.30
S131,1486921173,21.40,9.50,21.20,11.40,0.10,17.30
S131,1486921472,21.40,9.60,21.30,11.60,0.10,17.30
S131,1486921771,21.40,9.70,21.30,11.70,0.10,17.30
S131,1486922070,21.40,9.80,21.30,11.60,0.10,17.30
S131,1486922370,21.40,9.60,21.30,11.50,0.10,17.30
S131,1486922669,21.40,9.40,21.20,11.30,0.10,17.30
S131,1486922969,21.40,9.30,21.20,11.20,0.10,17.30
S131,1486923268,21.40,9.40,21.10,11.40,0.10,17.30
S131,1486923567,21.40,9.80,21.20,11.50,0.10,17.30
S131,1486923867,21.40,9.70,21.30,11.60,0.10,17.30
S131,1486924166,21.40,9.70,21.30,11.80,0.10,17.30
S131,1486924465,21.40,9.70,21.30,11.70,0.10,17.30
S131,1486924764,21.40,9.40,21.10,11.20,0.10,17.30
S131,1486925063,21.40,9.30,21.10,11.20,0.10,17.30
S131,1486925362,21.40,9.60,21.10,11.50,0.10,17.30
S131,1486925661,21.40,9.70,21.20,11.50,0.10,17.30
S131,1486925961,21.30,9.70,21.30,11.70,0.10,17.30
S131,1486926260,21.40,9.70,21.30,11.60,0.10,17.30
S131,1486926559,21.40,9.60,21.20,11.30,0.10,17.30
S131,1486926858,21.30,8.90,21.10,11.20,0.10,17.30
S131,1486927157,21.40,9.30,21.10,11.20,0.10,17.30
S131,1486927456,21.30,9.50,21.20,11.40,0.10,17.30
S131,1486927755,21.30,9.50,21.20,11.40,0.10,17.30
S131,1486928054,21.30,9.50,21.30,11.50,0.10,17.30
S131,1486928353,21.30,9.30,21.30,11.40,0.10,17.30
S131,1486928652,21.40,9.30,21.20,11.10,0.10,17.30
S131,1486928951,21.30,9.20,21.10,11.10,0.10,17.30
S131,1486929250,21.30,9.30,21.10,11.30,0.10,17.30
S131,1486929549,21.30,9.50,21.20,11.40,0.10,17.30
S131,1486929848,21.30,9.60,21.20,11.40,0.10,17.30
S131,1486930147,21.30,9.10,21.30,11.50,0.10,17.30
S131,1486930446,21.30,9.50,21.30,11.40,0.10,17.30
S131,1486930745,21.30,9.30,21.20,11.20,0.10,17.30
S131,1486931044,21.30,9.20,21.10,11.10,0.10,17.30
S131,1486931343,21.30,9.20,21.10,11.30,0.10,17.30
S131,1486931642,21.30,9.40,21.20,11.40,0.10,17.30
S131,1486931941,21.30,9.50,21.20,11.30,0.10,17.30
S131,1486932240,21.30,9.40,21.30,11.60,0.10,17.30
S131,1486932539,21.30,9.60,21.30,11.40,0.10,17.30
S131,1486932838,21.30,9.50,21.20,11.40,0.10,17.30
S131,1486933137,21.30,9.10,21.10,11.00,0.10,17.30
S131,1486933436,21.30,9.20,21.10,11.10,0.10,17.30
S131,1486933735,21.30,9.30,21.00,11.30,0.10,17.30
S131,1486934034,21.30,9.50,21.10,11.50,0.10,17.30
S131,1486934333,21.30,9.50,21.10,11.50,0.10,17.30
S131,1486934632,21.20,9.30,21.00,11.30,0.10,17.30
S131,1486934931,21.20,9.00,20.80,11.30,0.10,17.30
S131,1486935230,21.20,9.20,20.70,11.50,0.10,17.30
S131,1486935529,21.10,8.90,20.50,11.50,0.10,17.30
S131,1486935828,21.10,9.10,20.40,11.40,0.10,17.30
S131,1486936127,21.00,9.00,20.30,11.50,0.10,17.30
S131,1486936426,20.90,9.10,20.30,11.70,0.10,17.30
S131,1486936725,20.90,9.20,20.20,11.70,0.10,17.30
S131,1486937024,20.80,9.20,20.20,11.90,0.10,17.30
S131,1486937323,20.70,9.30,20.00,12.00,0.10,17.30
S131,1486937622,20.70,9.30,20.00,12.00,0.10,17.30
S131,1486937921,20.60,9.30,20.10,12.30,0.10,17.30
S131,1486938220,20.60,9.80,20.10,12.40,0.10,17.30
S131,1486938519,20.60,9.80,20.10,12.50,0.10,17.30
S131,1486938818,20.60,9.90,20.10,12.60,0.10,17.30
S131,1486939117,20.60,10.00,20.10,12.70,0.10,17.30
S131,1486939416,20.50,9.70,20.00,12.60,0.10,17.30
S131,1486939715,20.50,9.90,20.00,12.70,0.10,17.30
S131,1486940014,20.50,10.00,20.00,12.70,0.10,17.30
S131,1486940313,20.50,9.90,20.00,12.90,0.10,17.30
S131,1486940612,20.40,10.00,20.00,12.80,0.10,17.30
S131,1486940911,20.40,10.20,19.90,12.90,0.10,17.30
S131,1486941210,20.40,10.30,19.90,12.90,0.10,17.30
S131,1486941509,20.40,10.10,19.90,13.10,0.10,17.30
S131,1486941808,20.40,10.40,19.90,13.20,0.10,17.30
S131,1486942107,20.30,10.40,19.80,13.30,0.10,17.30
S131,1486942406,20.30,10.40,19.80,13.50,0.10,17.30
S131,1486942705,20.30,10.40,19.80,13.40,0.10,17.30
S131,1486943004,20.30,10.30,19.70,13.40,0.10,17.30
S131,1486943303,20.20,10.50,19.70,13.50,0.10,17.30
S131,1486943602,20.20,10.60,19.60,13.60,0.10,17.30
S131,1486943901,20.20,10.70,19.60,13.60,0.10,17.30
S131,1486944200,20.10,10.40,19.60,13.60,0.10,17.30
S131,1486944499,20.10,10.50,19.50,13.50,0.10,17.30
S131,1486944798,20.10,10.60,19.50,13.50,0.10,17.30
S131,1486945097,20.00,10.70,19.40,13.40,0.10,17.30
S131,1486945396,20.00,10.60,19.30,13.40,0.10,17.30
S131,1486945695,19.90,10.70,19.30,13.40,0.10,17.30
S131,1486945994,19.90,10.50,19.20,13.50,0.10,17.30
S131,1486946293,19.90,10.70,19.20,13.70,0.10,17.30
S131,1486946592,19.80,10.60,19.20,13.80,0.10,17.30
S131,1486946891,19.80,10.60,19.10,13.80,0.10,17.30
S131,1486947190,19.70,10.60,19.10,13.80,0.10,17.30
S131,1486947489,19.70,10.50,19.10,13.80,0.10,17.30
S131,1486947788,19.70,10.80,19.10,13.90,0.10,17.30
S131,1486948087,19.60,10.60,19.00,13.80,0.10,17.30
S131,1486948386,19.60,10.70,19.00,13.80,0.10,17.30
S131,1486948685,19.60,10.60,19.00,13.90,0.10,17.30
S131,1486948984,19.50,10.80,19.00,13.80,0.10,17.30
S131,1486949283,19.50,10.70,18.90,13.80,0.10,17.30
S131,1486949582,19.50,10.70,18.90,13.90,0.10,17.30
S131,1486949881,19.50,10.80,18.90,13.90,0.10,17.30
S131,1486950181,19.40,10.60,18.80,13.90,0.10,17.30
S131,1486950480,19.40,10.80,18.80,13.90,0.10,17.30
S131,1486950779,19.40,10.80,18.80,13.90,0.10,17.30
S131,1486951078,19.30,10.70,18.80,14.10,0.10,17.30
S131,1486951377,19.30,10.90,18.70,14.20,0.10,17.30
S131,1486951676,19.30,11.00,18.70,14.30,0.10,17.30
S131,1486951975,19.20,11.10,18.70,14.30,0.10,17.30
S131,1486952274,19.20,11.10,18.70,14.40,0.10,17.30
S131,1486952573,19.20,11.20,18.70,14.40,0.10,17.30
S131,1486952872,19.20,11.10,18.60,14.30,0.10,17.30
S131,1486953171,19.20,11.10,18.60,14.30,0.10,17.30
S131,1486953470,19.10,10.90,18.60,14.20,0.10,17.30
S131,1486953769,19.10,11.10,18.60,14.30,0.10,17.30
S131,1486954068,19.10,11.10,18.60,14.40,0.10,17.30
S131,1486954367,19.10,11.10,18.50,14.30,0.10,17.30
S131,1486954666,19.00,11.10,18.50,14.20,0.10,17.30
S131,1486954965,19.00,11.00,18.50,14.10,0.10,17.30
S131,1486955264,19.00,11.00,18.50,14.10,0.10,17.30
S131,1486955563,19.00,11.10,18.40,14.10,0.10,17.30
S131,1486955862,18.90,11.00,18.50,14.30,0.10,17.30
S131,1486956161,18.90,11.10,18.40,14.30,0.10,17.30
S131,1486956460,18.90,11.10,18.40,14.40,0.10,17.30
S131,1486956759,18.90,11.00,18.40,14.30,0.10,17.30
S131,1486957058,18.90,11.00,18.40,14.30,0.10,17.30
S131,1486957357,18.90,11.10,18.40,14.20,0.10,17.30
S131,1486957656,18.80,11.00,18.40,14.20,0.10,17.30
S131,1486957955,18.80,10.90,18.40,14.20,0.10,17.30
S131,1486958254,18.80,11.00,18.30,14.10,0.10,17.30
S131,1486958553,18.80,11.00,18.30,14.10,0.10,17.30
S131,1486958852,18.80,11.10,18.30,14.30,0.10,17.30
S131,1486959151,18.70,11.10,18.30,14.30,0.10,17.30
S131,1486959450,18.70,11.10,18.40,14.30,0.10,17.30
S131,1486959749,18.80,11.20,18.40,14.20,0.10,17.30
S131,1486960048,18.80,11.30,18.40,14.10,0.10,17.30
S131,1486960347,18.80,11.20,18.50,14.10,0.10,17.30
S131,1486960646,18.80,11.10,18.50,14.00,0.10,17.30
S131,1486960945,18.80,11.00,18.50,13.80,0.10,17.30
S131,1486961244,18.80,10.90,18.50,13.70,0.10,17.30
S131,1486961543,18.80,10.80,18.50,13.80,0.10,17.30
S131,1486961842,18.80,10.80,18.40,13.70,0.10,17.30
S131,1486962141,18.80,10.80,18.30,13.70,0.10,17.20
S131,1486962440,18.80,10.80,18.30,13.70,0.10,17.30
S131,1486962739,18.70,10.60,18.30,13.70,0.10,17.30
S131,1486963038,18.70,10.60,18.20,13.60,0.10,17.30
S131,1486963337,18.70,10.90,18.30,13.80,0.10,17.30
S131,1486963636,18.70,11.10,18.40,13.80,0.10,17.30
S131,1486963935,18.70,11.20,18.50,14.00,0.10,17.30
S131,1486964234,18.70,11.20,18.60,14.10,0.10,17.30
S131,1486964533,18.70,11.30,18.70,14.00,0.10,17.30
S131,1486964832,18.80,11.40,18.80,14.10,0.10,17.30
S131,1486965131,18.80,11.40,18.90,14.00,0.10,17.30
S131,1486965430,18.80,11.30,18.90,13.90,0.10,17.30
S131,1486965729,18.90,11.40,19.00,14.00,0.10,17.30
S131,1486966028,18.90,11.50,19.00,13.90,0.10,17.30
S131,1486966327,19.00,11.50,19.10,13.90,0.10,17.30
S131,1486966626,19.00,11.50,19.10,13.90,0.10,17.30
S131,1486966925,19.00,11.40,19.10,13.80,0.10,17.30
S131,1486967224,19.10,11.40,19.20,13.80,0.10,17.30
S131,1486967523,19.10,11.40,19.20,13.70,0.10,17.30
S131,1486967822,19.20,11.50,19.30,13.50,0.10,17.30
S131,1486968121,19.20,11.40,19.30,13.80,0.10,17.30
S131,1486968420,19.20,11.40,19.40,13.60,0.10,17.30
S131,1486968719,19.30,11.40,19.40,13.50,0.10,17.30
S131,1486969018,19.30,11.30,19.50,13.50,0.10,17.30
S131,1486969317,19.40,11.50,19.50,13.70,0.10,17.30
S131,1486969616,19.40,11.40,19.50,13.50,0.10,17.30
S131,1486969915,19.40,11.20,19.50,13.50,0.10,17.30
S131,1486970214,19.40,11.30,19.50,13.50,0.10,17.30
S131,1486970513,19.50,11.40,19.60,13.60,0.10,17.30
S131,1486970812,19.50,11.20,19.60,13.60,0.10,17.30
S131,1486971111,19.50,11.20,19.60,13.60,0.10,17.30
S131,1486971410,19.60,11.10,19.70,13.70,0.10,17.30
S131,1486971709,19.60,11.10,19.70,13.70,0.10,17.30
S131,1486972008,19.60,11.00,19.70,13.70,0.10,17.30
S131,1486972307,19.70,10.90,19.70,13.70,0.10,17.30
S131,1486972606,19.70,10.90,19.70,13.70,0.10,17.30
S131,1486972905,19.70,10.90,19.70,13.70,0.10,17.30
S131,1486973204,19.70,10.90,19.80,13.50,0.10,17.30
S131,1486973503,19.70,10.90,19.80,13.70,0.10,17.30
S131,1486973802,19.70,11.00,19.80,13.50,0.10,17.30
S131,1486974101,19.80,10.90,19.80,13.40,0.10,17.30
S131,1486974400,19.80,10.80,19.90,13.30,0.10,17.30
S131,1486974699,19.80,10.60,19.90,13.30,0.10,17.30
S131,1486974998,19.90,10.90,19.90,13.40,0.10,17.30
S131,1486975297,19.90,11.00,19.90,13.30,0.10,17.30
S131,1486975596,19.90,10.90,19.90,13.30,0.10,17.30
S131,1486975895,19.90,11.10,20.00,13.40,0.10,17.30
S131,1486976194,20.00,11.10,20.00,13.30,0.10,17.30
S131,1486976493,20.00,10.90,20.10,13.20,0.10,17.30
S131,1486976792,20.00,10.80,20.20,13.10,0.10,17.30
S131,1486977091,20.10,10.80,20.40,13.30,0.10,17.30
S131,1486977390,20.10,10.80,20.40,13.40,0.10,17.30
S131,1486977689,20.20,11.00,20.40,13.30,0.10,17.30
S131,1486977988,20.20,10.90,20.40,13.10,0.10,17.30
S131,1486978287,20.30,11.00,20.40,13.10,0.10,17.30
S131,1486978586,20.30,11.00,20.40,13.10,0.10,17.30
S131,1486978885,20.40,10.80,20.50,13.00,0.10,17.30
S131,1486979184,20.40,10.70,20.50,13.10,0.10,17.30
S131,1486979483,20.40,10.70,20.50,13.10,0.10,17.30
S131,1486979782,20.40,10.80,20.60,13.10,0.10,17.30
S131,1486980081,20.50,11.00,20.60,13.00,0.10,17.30
S131,1486980380,20.50,10.80,20.60,12.90,0.10,17.30
S131,1486980679,20.50,10.70,20.60,12.90,0.10,17.30
S131,1486980978,20.50,10.70,20.60,12.90,0.10,17.30
S131,1486981277,20.50,10.70,20.70,12.80,0.10,17.30
S131,1486981576,20.60,10.80,20.70,12.90,0.10,17.30
S131,1486981875,20.60,10.80,20.70,12.80,0.10,17.30
S131,1486982174,20.60,10.60,20.80,12.90,0.10,17.30
S131,1486982473,20.70,10.60,20.80,12.90,0.10,17.30
S131,1486982772,20.70,10.70,20.90,12.90,0.10,17.30
S131,1486983071,20.80,10.60,20.90,13.00,0.10,17.30
S131,1486983370,20.80,10.40,20.90,12.90,0.10,17.30
S131,1486983669,20.80,10.50,20.90,13.00,0.10,17.30
S131,1486983968,20.90,10.20,20.90,12.90,0.10,17.30
S131,1486984267,20.90,10.00,21.00,12.90,0.10,17.30
S131,1486984566,21.00,10.10,21.10,12.90,0.10,17.30
S131,1486984865,21.00,10.10,21.00,12.80,0.10,17.30
S131,1486985164,21.00,10.10,21.00,12.80,0.10,17.30
S131,1486985463,21.00,10.40,21.10,13.10,0.10,17.30
S131,1486985762,21.00,10.00,21.10,12.80,0.10,17.30
S131,1486986061,21.10,10.00,21.10,12.80,0.10,17.30
S131,1486986360,21.00,9.80,21.10,12.80,0.10,17.30
S131,1486986659,21.10,10.00,21.10,12.80,0.10,17.30
S131,1486986958,21.10,9.80,21.00,12.60,0.10,17.30
S131,1486987257,21.10,9.70,21.00,12.50,0.10,17.30
S131,1486987556,21.10,9.80,21.00,12.50,0.10,17.30
S131,1486987855,21.10,9.60,21.10,12.40,0.10,17.30
S131,1486988154,21.10,9.60,21.10,12.30,0.10,17.30
S131,1486988454,21.10,9.60,21.10,12.20,0.10,17.30
S131,1486988753,21.10,9.70,21.10,12.30,0.10,17.30
S131,1486989052,21.10,9.70,21.10,12.40,0.10,17.30
S131,1486989351,21.10,9.40,21.10,12.30,0.10,17.30
S131,1486989650,21.20,10.00,21.10,12.80,0.10,17.30
S131,1486989949,21.20,9.90,21.10,12.70,0.10,17.30
S131,1486990248,21.20,10.00,21.20,12.50,0.10,17.30
S131,1486990547,21.20,9.90,21.20,12.80,0.10,17.30
S131,1486990846,21.20,10.00,21.10,12.70,0.10,17.30
S131,1486991145,21.20,9.30,21.10,12.20,0.10,17.30
S131,1486991444,21.20,9.00,21.10,12.00,0.10,17.30
S131,1486991743,21.20,9.20,21.10,11.70,0.10,17.30
S131,1486992042,21.20,9.30,21.10,12.00,0.10,17.30
S131,1486992341,21.20,9.40,21.10,12.20,0.10,17.30
S131,1486992640,21.20,9.40,21.10,12.00,0.10,17.30
S131,1486992939,21.20,9.40,21.20,12.10,0.10,17.30
S131,1486993238,21.20,9.10,21.30,11.90,0.10,17.30
S131,1486993537,21.30,9.30,21.30,12.00,0.10,17.30
S131,1486993836,21.30,9.30,21.30,11.90,0.10,17.30
S131,1486994135,21.30,8.80,21.20,11.50,0.10,17.30
S131,1486994434,21.20,8.80,21.10,11.60,0.10,17.30
S131,1486994733,21.20,8.90,21.10,11.70,0.10,17.30
S131,1486995032,21.20,9.30,21.20,12.00,0.10,17.30
S131,1486995331,21.20,9.10,21.10,11.80,0.10,17.30
S131,1486995630,21.20,9.00,21.10,12.00,0.10,17.30
S131,1486995929,21.20,9.10,21.10,11.80,0.10,17.30
S131,1486996228,21.20,8.80,21.10,11.80,0.10,17.30
S131,1486996527,21.20,9.00,21.10,11.80,0.10,17.30
S131,1486996826,21.20,8.90,21.10,11.60,0.10,17.30
S131,1486997125,21.20,8.80,21.20,11.80,0.10,17.30
S131,1486997424,21.20,8.70,21.20,11.40,0.10,17.30
S131,1486997723,21.20,8.50,21.20,11.20,0.10,17.30
S131,1486998022,21.20,8.60,21.20,11.20,0.10,17.30
S131,1486998321,21.20,8.50,21.30,11.40,0.10,17.30
S131,1486998620,21.30,8.50,21.20,11.10,0.10,17.30
S131,1486998919,21.30,8.50,21.20,11.20,0.10,17.30
S131,1486999218,21.30,8.50,21.30,11.30,0.10,17.30
S131,1486999517,21.30,8.50,21.20,11.00,0.10,17.30
S131,1486999816,21.30,8.60,21.20,11.10,0.10,17.30
S131,1487000115,21.30,8.30,21.20,11.20,0.10,17.30
S131,1487000414,21.30,8.40,21.30,11.70,0.10,17.30
S131,1487000713,21.30,8.00,21.10,10.80,0.10,17.30
S131,1487001012,21.20,8.20,21.10,11.10,0.10,17.30
S131,1487001311,21.20,8.00,21.10,11.10,0.10,17.30
S131,1487001610,21.20,8.20,21.20,11.10,0.10,17.30
S131,1487001909,21.20,8.30,21.20,11.30,0.10,17.30
S131,1487002208,21.20,8.40,21.20,11.30,0.10,17.30
S131,1487002507,21.20,8.40,21.20,11.10,0.10,17.30
S131,1487002806,21.20,8.20,21.10,11.10,0.10,17.30
S131,1487003105,21.20,8.00,21.10,11.00,0.10,17.30
S131,1487003404,21.20,8.00,21.00,11.00,0.10,17.30
S131,1487003703,21.20,8.10,21.00,11.50,0.10,17.30
S131,1487004002,21.20,8.40,21.10,11.20,0.10,17.30
S131,1487004301,21.20,8.50,21.20,11.30,0.10,17.30
S131,1487004600,21.20,8.40,21.20,11.40,0.10,17.30
S131,1487004899,21.20,8.20,21.20,11.40,0.10,17.30
S131,1487005198,21.20,8.20,21.20,11.10,0.10,17.30
S131,1487005497,21.20,8.40,21.20,11.00,0.10,17.30
S131,1487005796,21.20,8.10,21.20,11.00,0.10,17.30
S131,1487006095,21.20,8.20,21.10,11.00,0.10,17.30
S131,1487006394,21.20,8.30,21.10,11.10,0.10,17.30
S131,1487006693,21.20,8.10,21.20,11.10,0.10,17.30
S131,1487006992,21.20,8.10,21.20,11.20,0.10,17.30
S131,1487007291,21.20,8.50,21.20,11.10,0.10,17.30
S131,1487007590,21.20,8.30,21.20,11.10,0.10,17.30
S131,1487007889,21.20,8.40,21.10,11.20,0.10,17.30
S131,1487008188,21.20,8.30,21.10,11.30,0.10,17.30
S131,1487008487,21.20,8.40,21.10,11.30,0.10,17.30
S131,1487008786,21.20,8.40,21.20,11.60,0.10,17.30
S131,1487009085,21.20,8.30,21.10,11.30,0.10,17.30
S131,1487009384,21.20,8.50,21.10,11.20,0.10,17.30
S131,1487009683,21.20,8.40,21.00,11.50,0.10,17.30
S131,1487009982,21.20,8.40,21.10,11.40,0.10,17.30
S131,1487010281,21.20,8.40,21.10,11.50,0.10,17.30
S131,1487010580,21.10,8.50,21.10,11.60,0.10,17.30
S131,1487010879,21.20,8.40,21.10,11.30,0.10,17.30
S131,1487011178,21.20,8.30,21.10,11.40,0.10,17.30
S131,1487011477,21.20,8.30,21.00,11.20,0.10,17.30
S131,1487011776,21.20,8.20,21.00,11.20,0.10,17.30
S131,1487012075,21.10,8.20,21.10,11.30,0.10,17.30
S131,1487012374,21.20,8.20,21.10,11.20,0.10,17.30
S131,1487012673,21.10,8.30,21.10,11.20,0.10,17.30
S131,1487012972,21.20,8.20,21.00,11.10,0.10,17.30
S131,1487013271,21.10,8.10,20.90,11.10,0.10,17.30
S131,1487013570,21.10,8.00,21.00,11.10,0.10,17.30
S131,1487013869,21.10,8.30,21.10,11.30,0.10,17.30
S131,1487014168,21.10,8.20,21.10,11.10,0.10,17.30
S131,1487014467,21.20,8.20,21.20,11.20,0.10,17.30
S131,1487014766,21.20,8.20,21.20,11.10,0.10,17.30
S131,1487015065,21.20,8.20,21.30,11.10,0.10,17.30
S131,1487015364,21.20,8.00,21.10,10.90,0.10,17.30
S131,1487015663,21.20,8.00,21.20,11.00,0.10,17.30
S131,1487015962,21.20,8.00,21.20,11.10,0.10,17.30
S131,1487016261,21.20,8.10,21.20,11.00,0.10,17.30
S131,1487016560,21.20,8.30,21.30,11.30,0.10,17.30
S131,1487016859,21.20,8.00,21.30,10.90,0.10,17.30
S131,1487017158,21.20,8.20,21.20,11.00,0.10,17.30
S131,1487017457,21.20,8.00,21.30,11.10,0.10,17.30
S131,1487017756,21.20,8.00,21.30,11.00,0.10,17.30
S131,1487018055,21.20,8.00,21.30,11.10,0.10,17.30
S131,1487018354,21.20,8.00,21.30,11.20,0.10,17.30
S131,1487018653,21.30,8.10,21.30,11.20,0.10,17.30
S131,1487018952,21.30,8.10,21.20,10.90,0.10,17.30
S131,1487019251,21.20,7.80,21.10,10.80,0.10,17.30
S131,1487019550,21.20,7.80,21.10,11.00,0.10,17.30
S131,1487019849,21.20,7.70,21.10,10.70,0.10,17.30
S131,1487020148,21.20,7.80,21.10,10.90,0.10,17.30
S131,1487020447,21.20,7.80,21.20,11.00,0.10,17.30
S131,1487020746,21.20,7.60,21.10,10.70,0.10,17.30
S131,1487021045,21.20,7.30,20.90,10.60,0.10,17.30
S131,1487021344,21.10,7.40,20.70,10.60,0.10,17.30
S131,1487021643,21.10,7.30,20.50,10.60,0.10,17.30
S131,1487021942,21.00,7.30,20.40,10.70,0.10,17.30
S131,1487022241,20.90,7.30,20.30,10.70,0.10,17.30
S131,1487022540,20.90,7.70,20.30,10.90,0.10,17.30
S131,1487022839,20.80,7.80,20.20,10.90,0.10,17.30
S131,1487023138,20.70,7.80,20.10,10.90,0.10,17.30
S131,1487023437,20.60,7.70,20.00,10.90,0.10,17.30
S131,1487023736,20.60,7.80,19.90,10.90,0.10,17.30
S131,1487024035,20.50,7.80,19.80,10.90,0.10,17.30
S131,1487024334,20.40,7.80,19.80,11.00,0.10,17.30
S131,1487024633,20.40,7.90,19.70,11.00,0.10,17.30
S131,1487024932,20.30,7.80,19.70,11.10,0.10,17.30
S131,1487025231,20.20,8.00,19.60,11.30,0.10,17.30
S131,1487025530,20.20,8.10,19.50,11.50,0.10,17.30
S131,1487025829,20.10,8.30,19.50,11.50,0.10,17.30
S131,1487026128,20.10,8.40,19.40,11.60,0.10,17.30
S131,1487026427,20.00,8.30,19.40,11.80,0.10,17.30
S131,1487026727,19.90,8.40,19.30,11.80,0.10,17.30
S131,1487027026,19.90,8.50,19.30,11.90,0.10,17.30
S131,1487027325,19.90,8.60,19.30,12.00,0.10,17.30
S131,1487027624,19.80,8.60,19.20,12.00,0.10,17.30
S131,1487027923,19.80,8.80,19.20,12.20,0.10,17.30
S131,1487028222,19.80,8.80,19.10,12.60,0.10,17.30
S131,1487028521,19.70,8.80,19.10,12.20,0.10,17.30
S131,1487028820,19.70,8.90,19.10,12.30,0.10,17.30
S131,1487029119,19.60,8.80,19.10,12.30,0.10,17.30
S131,1487029418,19.60,9.00,19.00,12.30,0.10,17.30
S131,1487029717,19.60,9.00,19.00,12.40,0.10,17.30
S131,1487030016,19.50,9.00,18.90,12.50,0.10,17.30
S131,1487030315,19.50,9.10,18.90,12.50,0.10,17.30
S131,1487030614,19.50,9.10,19.00,12.50,0.10,17.30
S131,1487030913,19.50,9.20,19.00,12.60,0.10,17.30
S131,1487031212,19.40,9.10,19.00,12.60,0.10,17.30
S131,1487031511,19.50,9.20,19.00,12.60,0.10,17.30
S131,1487031810,19.50,9.20,19.00,12.60,0.10,17.30
S131,1487032109,19.40,9.20,19.00,12.60,0.10,17.30
S131,1487032408,19.40,9.20,19.00,12.50,0.10,17.30
S131,1487032707,19.40,9.20,18.90,12.50,0.10,17.30
S131,1487033006,19.40,9.20,18.90,12.60,0.10,17.30
S131,1487033305,19.40,9.20,18.90,12.60,0.10,17.30
S131,1487033604,19.40,9.20,18.90,12.70,0.10,17.30
S131,1487033903,19.30,9.10,18.80,12.70,0.10,17.30
S131,1487034202,19.30,9.20,18.70,12.70,0.10,17.30
S131,1487034501,19.30,9.20,18.60,12.80,0.10,17.30
S131,1487034800,19.20,9.30,18.60,12.90,0.10,17.30
S131,1487035099,19.20,9.30,18.60,12.90,0.10,17.30
S131,1487035398,19.10,9.30,18.50,12.80,0.10,17.30
S131,1487035697,19.10,9.30,18.50,12.80,0.10,17.30
S131,1487035996,19.00,9.30,18.40,12.80,0.10,17.30
S131,1487036295,19.00,9.30,18.40,12.80,0.10,17.30
S131,1487036594,19.00,9.40,18.40,12.80,0.10,17.30
S131,1487036893,19.00,9.50,18.40,12.80,0.10,17.30
S131,1487037192,18.90,9.50,18.40,12.80,0.10,17.30
S131,1487037491,18.90,9.50,18.40,12.80,0.10,17.30
S131,1487037790,18.90,9.50,18.30,12.70,0.10,17.30
S131,1487038089,18.90,9.60,18.30,12.70,0.10,17.30
S131,1487038388,18.80,9.50,18.30,12.70,0.10,17.30
S131,1487038687,18.80,9.60,18.30,12.70,0.10,17.30
S131,1487038986,18.80,9.60,18.30,12.80,0.10,17.30
S131,1487039285,18.80,9.60,18.20,12.80,0.10,17.30
S131,1487039584,18.70,9.70,18.20,12.90,0.10,17.30
S131,1487039883,18.70,9.80,18.20,13.00,0.10,17.30
S131,1487040182,18.70,9.80,18.20,13.00,0.10,17.30
S131,1487040481,18.70,9.80,18.20,13.10,0.10,17.30
S131,1487040780,18.60,9.80,18.10,13.10,0.10,17.30
S131,1487041079,18.60,9.80,18.10,13.10,0.10,17.30
S131,1487041378,18.60,9.80,18.10,13.20,0.10,17.30
S131,1487041677,18.60,9.80,18.10,13.20,0.10,17.30
S131,1487041976,18.60,9.80,18.10,13.30,0.10,17.30
S131,1487042275,18.60,9.80,18.00,13.20,0.10,17.30
S131,1487042574,18.60,9.80,18.00,13.30,0.10,17.30
S131,1487042873,18.50,9.70,18.00,13.30,0.10,17.30
S131,1487043172,18.50,9.70,18.00,13.30,0.10,17.30
S131,1487043471,18.50,9.70,18.00,13.30,0.10,17.30
S131,1487043770,18.50,9.70,18.00,13.30,0.10,17.30
S131,1487044069,18.50,9.80,18.00,13.40,0.10,17.30
S131,1487044368,18.40,9.80,18.00,13.40,0.10,17.30
S131,1487044667,18.50,9.90,18.00,13.50,0.10,17.30
S131,1487044966,18.40,9.90,17.90,13.50,0.10,17.20
S131,1487045265,18.40,10.00,17.90,13.50,0.10,17.30
S131,1487045564,18.40,10.00,17.90,13.60,0.10,17.20
S131,1487045863,18.40,10.00,17.90,13.60,0.10,17.30
S131,1487046162,18.40,10.10,17.90,13.70,0.10,17.30
S131,1487046461,18.40,10.20,17.90,13.70,0.10,17.30
S131,1487046760,18.40,10.20,17.90,13.70,0.10,17.30
S131,1487047059,18.30,10.20,17.90,13.70,0.10,17.30
S131,1487047358,18.30,10.10,17.90,13.70,0.10,17.30
S131,1487047657,18.30,10.20,17.90,13.80,0.10,17.30
S131,1487047956,18.30,10.20,17.80,13.70,0.10,17.30
S131,1487048255,18.30,10.20,17.80,13.70,0.10,17.30
S131,1487048554,18.30,10.20,17.80,13.70,0.10,17.30
S131,1487048853,18.30,10.20,17.80,13.70,0.10,17.30
S131,1487049152,18.20,10.10,17.80,13.70,0.10,17.20
S131,1487049451,18.30,10.30,17.80,13.70,0.10,17.30
S131,1487049750,18.30,10.40,17.90,13.80,0.10,17.30
S131,1487050049,18.30,10.40,18.10,13.80,0.10,17.30
S131,1487050348,18.30,10.50,18.20,13.80,0.10,17.30
S131,1487050647,18.40,10.60,18.30,13.80,0.10,17.30
S131,1487050946,18.40,10.60,18.30,13.80,0.10,17.30
S131,1487051245,18.50,10.60,18.40,13.80,0.10,17.30
S131,1487051544,18.60,10.70,18.50,13.80,0.10,17.30
S131,1487051843,18.60,10.70,18.50,13.80,0.10,17.30
S131,1487052142,18.60,10.60,18.60,13.70,0.10,17.30
S131,1487052441,18.70,10.80,18.60,13.80,0.10,17.30
S131,1487052740,18.70,10.80,18.70,13.80,0.10,17.30
S131,1487053039,18.80,10.60,18.80,13.90,0.10,17.30
S131,1487053338,18.80,10.80,18.80,13.90,0.10,17.30
S131,1487053637,18.90,10.80,18.80,13.90,0.10,17.30
S131,1487053936,18.90,10.80,18.90,13.80,0.10,17.30
S131,1487054235,19.00,10.70,18.90,13.70,0.10,17.30
S131,1487054534,19.00,10.70,19.00,13.90,0.10,17.30
S131,1487054833,19.00,10.70,19.00,13.60,0.10,17.30
S131,1487055132,19.10,10.80,19.00,13.70,0.10,17.30
S131,1487055431,19.10,10.80,19.10,13.80,0.10,17.30
S131,1487055730,19.20,10.90,19.10,13.80,0.10,17.30
S131,1487056029,19.20,10.90,19.20,13.80,0.10,17.30
S131,1487056328,19.20,10.80,19.20,13.80,0.10,17.30
S131,1487056627,19.30,10.80,19.20,13.80,0.10,17.30
S131,1487056926,19.30,10.80,19.20,13.80,0.10,17.30
S131,1487057225,19.30,10.80,19.30,13.90,0.10,17.30
S131,1487057524,19.40,10.70,19.30,13.80,0.10,17.30
S131,1487057823,19.40,10.80,19.40,13.90,0.10,17.30
S131,1487058122,19.50,10.90,19.40,13.60,0.10,17.30
S131,1487058421,19.50,11.00,19.40,13.70,0.10,17.30
S131,1487058720,19.50,10.90,19.40,13.40,0.10,17.30
S131,1487059019,19.50,10.80,19.50,13.70,0.10,17.30
S131,1487059318,19.50,10.70,19.50,13.70,0.10,17.30
S131,1487059617,19.60,10.80,19.60,13.60,0.10,17.30
S131,1487059916,19.60,10.90,19.60,13.70,0.10,17.30
S131,1487060215,19.70,10.90,19.60,13.80,0.10,17.30
S131,1487060514,19.70,10.80,19.60,13.60,0.10,17.30
S131,1487060813,19.70,10.80,19.70,13.70,0.10,17.30
S131,1487061112,19.70,10.80,19.70,13.70,0.10,17.30
S131,1487061411,19.80,11.00,19.70,13.70,0.10,17.30
S131,1487061710,19.80,10.90,19.80,13.70,0.10,17.30
S131,1487062009,19.80,11.00,19.80,13.70,0.10,17.30
S131,1487062308,19.80,10.90,19.90,13.80,0.10,17.30
S131,1487062607,19.90,11.00,19.90,13.80,0.10,17.30
S131,1487062906,19.90,10.90,20.00,13.90,0.10,17.30
S131,1487063205,20.00,10.80,20.10,13.90,0.10,17.30
S131,1487063504,20.00,10.90,20.20,14.00,0.10,17.30
S131,1487063803,20.10,10.80,20.20,14.00,0.10,17.30
S131,1487064102,20.20,10.90,20.30,13.90,0.10,17.30
S131,1487064401,20.20,10.90,20.30,13.80,0.10,17.30
S131,1487064700,20.20,10.90,20.40,13.70,0.10,17.30
S131,1487065000,20.30,10.80,20.40,13.60,0.10,17.30
S131,1487065299,20.30,10.70,20.50,13.50,0.10,17.30
S131,1487065598,20.30,10.60,20.40,13.50,0.10,17.30
S131,1487065897,20.40,10.50,20.40,13.40,0.10,17.30
S131,1487066196,20.40,10.20,20.40,13.20,0.10,17.30
S131,1487066495,20.40,10.40,20.40,13.30,0.10,17.30
S131,1487066794,20.40,10.20,20.40,13.10,0.10,17.30
S131,1487067093,20.40,10.10,20.40,13.00,0.10,17.30
S131,1487067392,20.40,10.10,20.60,12.90,0.10,17.30
S131,1487067691,20.50,10.10,20.60,12.90,0.10,17.30
S131,1487067990,20.60,10.10,20.60,12.80,0.10,17.30
S131,1487068289,20.60,10.00,20.70,12.70,0.10,17.30
S131,1487068588,20.60,10.00,20.70,12.80,0.10,17.30
S131,1487068887,20.60,9.90,20.70,12.70,0.10,17.30
S131,1487069186,20.70,9.90,20.70,12.70,0.10,17.30
S131,1487069485,20.70,9.90,20.70,12.70,0.10,17.30
S131,1487069784,20.70,9.90,20.70,12.80,0.10,17.30
S131,1487070083,20.70,9.80,20.70,12.60,0.10,17.30
S131,1487070382,20.70,9.80,20.60,12.50,0.10,17.30
S131,1487070681,20.70,9.80,20.60,12.50,0.10,17.30
S131,1487070980,20.70,9.70,20.60,12.50,0.10,17.30
S131,1487071279,20.70,9.70,20.60,12.40,0.10,17.30
S131,1487071578,20.70,9.60,20.60,12.50,0.10,17.30
S131,1487071877,20.70,9.60,20.60,12.20,0.10,17.30
S131,1487072176,20.70,9.50,20.60,12.30,0.10,17.30
S131,1487072475,20.70,9.50,20.60,12.30,0.10,17.30
S131,1487072774,20.70,9.40,20.60,12.30,0.10,17.30
S131,1487073073,20.70,9.60,20.60,12.40,0.10,17.30
S131,1487073372,20.70,9.20,20.60,12.00,0.10,17.30
S131,1487073671,20.70,9.20,20.60,12.10,0.10,17.30
S131,1487073970,20.70,9.30,20.60,11.90,0.10,17.30
S131,1487074269,20.70,9.20,20.60,12.20,0.10,17.30
S131,1487074568,20.70,9.40,20.60,12.10,0.10,17.30
S131,1487074867,20.70,9.00,20.60,12.00,0.10,17.30
S131,1487075166,20.70,9.00,20.60,12.00,0.10,17.30
S131,1487075465,20.70,8.90,20.60,11.70,0.10,17.30
S131,1487075764,20.70,8.90,20.60,11.70,0.10,17.30
S131,1487076063,20.70,8.60,20.60,11.80,0.10,17.30
S131,1487076362,20.70,9.10,20.60,11.70,0.10,17.30
S131,1487076661,20.70,8.90,20.60,11.80,0.10,17.30
S131,1487076960,20.70,9.10,20.70,12.00,0.10,17.30
S131,1487077259,20.70,9.00,20.70,12.00,0.10,17.30
S131,1487077558,20.70,9.10,20.80,11.90,0.10,17.30
S131,1487077857,20.80,9.20,20.90,11.90,0.10,17.30
S131,1487078156,20.80,9.10,20.90,11.90,0.10,17.30
S131,1487078455,20.80,9.10,20.90,11.80,0.10,17.30
S131,1487078754,20.80,9.40,21.00,12.00,0.10,17.30
S131,1487079053,20.90,9.40,21.00,12.00,0.10,17.30
S131,1487079352,20.90,9.20,21.00,12.10,0.10,17.30
S131,1487079651,21.00,9.30,21.10,12.00,0.10,17.30
S131,1487079950,21.00,9.10,21.10,11.90,0.10,17.30
S131,1487080249,21.00,8.90,21.10,11.90,0.10,17.30
S131,1487080548,21.00,8.70,21.10,11.30,0.10,17.30
S131,1487080847,21.10,8.60,21.10,11.60,0.10,17.30
S131,1487081146,21.00,8.50,21.10,11.70,0.10,17.30
S131,1487081445,21.10,8.50,21.00,11.30,0.10,17.30
S131,1487081744,21.00,8.40,21.00,11.40,0.10,17.30
S131,1487082043,21.10,8.60,21.00,11.40,0.10,17.30
S131,1487082342,21.10,8.80,21.10,11.40,0.10,17.30
S131,1487082641,21.10,8.70,21.10,11.40,0.10,17.30
S131,1487082940,21.10,8.80,21.20,11.70,0.10,17.30
S131,1487083239,21.20,8.90,21.20,11.70,0.10,17.30
S131,1487083538,21.10,8.80,21.20,11.80,0.10,17.30
S131,1487083837,21.20,8.40,21.20,11.30,0.10,17.30
S131,1487084136,21.10,8.50,21.10,11.20,0.10,17.30
S131,1487084435,21.10,8.20,21.10,11.30,0.10,17.30
S131,1487084734,21.10,8.40,21.10,11.30,0.10,17.30
S131,1487085033,21.10,8.50,21.20,11.60,0.10,17.30
S131,1487085332,21.20,8.50,21.30,11.30,0.10,17.30
S131,1487085631,21.20,9.00,21.30,11.60,0.10,17.30
S131,1487085930,21.20,8.90,21.30,12.00,0.10,17.30
S131,1487086229,21.30,9.20,21.40,11.50,0.10,17.30
S131,1487086528,21.30,8.80,21.30,10.80,0.10,17.30
S131,1487086827,21.30,8.30,21.20,11.30,0.10,17.30
S131,1487087126,21.30,8.20,21.10,11.00,0.10,17.30
S131,1487087425,21.30,8.20,21.00,10.80,0.10,17.30
S131,1487087724,21.20,8.50,21.00,11.20,0.10,17.30
S131,1487088023,21.20,8.20,21.10,11.00,0.10,17.30
S131,1487088322,21.20,8.40,21.00,11.00,0.10,17.30
S131,1487088621,21.20,8.40,21.10,11.10,0.10,17.30
S131,1487088920,21.20,8.10,21.10,11.10,0.10,17.30
S131,1487089219,21.20,8.40,21.10,11.10,0.10,17.30
S131,1487089518,21.20,8.40,21.10,11.30,0.10,17.30
S131,1487089817,21.20,8.50,21.10,11.20,0.10,17.30
S131,1487090116,21.20,8.60,21.10,11.40,0.10,17.30
S131,1487090415,21.20,8.70,21.20,11.40,0.10,17.30
S131,1487090714,21.20,8.70,21.20,11.20,0.10,17.30
S131,1487091013,21.20,8.50,21.10,11.10,0.10,17.30
S131,1487091312,21.20,8.20,21.10,10.80,0.10,17.30
S131,1487091611,21.30,8.20,21.00,10.90,0.10,17.30
S131,1487091910,21.20,8.20,21.10,10.70,0.10,17.30
S131,1487092209,21.20,8.20,21.10,10.70,0.10,17.30
S131,1487092508,21.20,8.10,21.10,10.90,0.10,17.30
S131,1487092807,21.20,8.00,21.10,10.70,0.10,17.30
S131,1487093106,21.20,8.00,21.00,10.60,0.10,17.30
S131,1487093405,21.20,8.00,20.90,10.70,0.10,17.30
S131,1487093704,21.20,8.00,20.90,10.60,0.10,17.30
S131,1487094003,21.20,7.80,20.90,10.80,0.10,17.30
S131,1487094302,21.20,8.10,21.00,10.80,0.10,17.30
S131,1487094601,21.20,8.20,21.00,10.90,0.10,17.30
S131,1487094900,21.10,7.90,21.00,10.70,0.10,17.30
S131,1487095199,21.10,8.10,21.00,10.80,0.10,17.30
S131,1487095498,21.10,8.00,21.10,10.90,0.10,17.30
S131,1487095797,21.10,8.10,21.00,10.80,0.10,17.30
S131,1487096096,21.10,8.20,21.10,10.90,0.10,17.30
S131,1487096395,21.10,8.10,21.10,11.00,0.10,17.30
S131,1487096694,21.10,8.10,21.10,10.80,0.10,17.30
S131,1487096993,21.20,8.00,21.10,11.00,0.10,17.30
S131,1487097292,21.10,8.00,21.10,10.80,0.10,17.30
S131,1487097591,21.20,7.70,21.10,10.50,0.10,17.30
S131,1487097890,21.20,7.30,21.00,10.00,0.10,17.30
S131,1487098189,21.20,7.80,21.00,10.50,0.10,17.30
S131,1487098488,21.20,7.80,21.10,10.50,0.10,17.30
S131,1487098787,21.20,8.10,21.10,10.60,0.10,17.30
S131,1487099086,21.20,7.80,21.10,10.50,0.10,17.30
S131,1487099385,21.20,8.00,21.10,10.70,0.10,17.30
S131,1487099684,21.20,8.00,21.10,10.30,0.10,17.30
S131,1487099983,21.20,7.40,21.00,10.50,0.10,17.30
S131,1487100282,21.20,7.30,21.00,9.90,0.10,17.30
S131,1487100581,21.20,7.30,21.00,9.90,0.10,17.30
S131,1487100880,21.20,7.30,20.90,10.30,0.10,17.30
S131,1487101179,21.10,7.20,20.90,10.20,0.10,17.30
S131,1487101478,21.10,7.20,20.90,10.20,0.10,17.30
S131,1487101777,21.10,7.20,20.90,10.30,0.10,17.30
S131,1487102076,21.10,7.20,20.90,10.30,0.10,17.30
S131,1487102375,21.10,7.20,20.80,10.20,0.10,17.30
S131,1487102674,21.00,7.20,20.80,10.20,0.10,17.30
S131,1487102973,21.00,7.20,20.70,10.30,0.10,17.30
S131,1487103273,21.00,7.20,20.60,10.20,0.10,17.30
S131,1487103572,20.90,7.10,20.60,10.30,0.10,17.30
S131,1487103871,20.90,7.10,20.60,10.40,0.10,17.30
S131,1487104170,20.90,7.10,20.60,10.40,0.10,17.30
S131,1487104469,20.80,7.20,20.50,10.30,0.10,17.30
S131,1487104768,20.80,7.10,20.50,10.30,0.10,17.30
S131,1487105067,20.80,7.00,20.50,10.30,0.10,17.30
S131,1487105366,20.80,7.00,20.50,10.20,0.10,17.30
S131,1487105665,20.70,7.00,20.50,10.20,0.10,17.30
S131,1487105964,20.70,7.00,20.40,10.20,0.10,17.30
S131,1487106263,20.70,7.10,20.40,10.20,0.10,17.30
S131,1487106562,20.70,7.00,20.40,10.20,0.10,17.30
S131,1487106861,20.70,7.50,20.40,9.90,0.10,17.30
S131,1487107160,20.60,6.90,20.20,10.10,0.10,17.30
S131,1487107459,20.60,6.90,20.00,10.10,0.10,17.30
S131,1487107758,20.50,6.80,19.90,10.20,0.10,17.30
S131,1487108057,20.40,6.70,19.80,10.10,0.10,17.30
S131,1487108356,20.40,6.70,19.70,10.10,0.10,17.30
S131,1487108655,20.30,6.70,19.60,10.10,0.10,17.30
S131,1487108954,20.30,6.70,19.50,10.10,0.10,17.30
S131,1487109253,20.20,6.90,19.50,10.10,0.10,17.30
S131,1487109552,20.10,6.50,19.40,10.10,0.10,17.30
S131,1487109851,20.10,6.60,19.30,10.10,0.10,17.30
S131,1487110150,20.00,6.50,19.30,10.30,0.10,17.30
S131,1487110449,20.00,7.00,19.30,10.40,0.10,17.30
S131,1487110748,19.90,6.90,19.20,10.20,0.10,17.30
S131,1487111047,19.80,6.90,19.10,10.40,0.10,17.30
S131,1487111346,19.80,7.10,19.10,10.40,0.10,17.30
S131,1487111645,19.80,7.20,19.00,10.30,0.10,17.30
S131,1487111944,19.70,7.00,19.00,10.40,0.10,17.30
S131,1487112243,19.70,7.00,18.90,10.50,0.10,17.30
S131,1487112542,19.60,7.30,19.00,10.60,0.10,17.30
S131,1487112841,19.60,7.30,19.00,10.80,0.10,17.30
S131,1487113140,19.60,7.50,19.00,10.70,0.10,17.30
S131,1487113439,19.60,7.40,19.00,10.70,0.10,17.30
S131,1487113738,19.50,7.20,19.00,10.60,0.10,17.30
S131,1487114037,19.50,7.50,19.00,10.60,0.10,17.30
S131,1487114336,19.50,7.40,19.00,10.50,0.10,17.30
S131,1487114635,19.50,7.40,19.00,10.60,0.10,17.30
S131,1487114934,19.50,7.20,19.00,10.50,0.10,17.30
S131,1487115233,19.50,7.90,19.00,11.60,0.10,17.30
S131,1487115532,19.50,8.30,19.00,11.60,0.10,17.30
S131,1487115831,19.40,7.90,19.00,11.30,0.10,17.30
S131,1487116130,19.50,7.80,19.00,11.00,0.10,17.30
S131,1487116429,19.40,7.50,18.90,10.70,0.10,17.30
S131,1487116728,19.40,7.50,18.90,10.60,0.10,17.30
S131,1487117027,19.40,7.10,18.90,10.40,0.10,17.30
S131,1487117326,19.40,7.20,18.80,10.10,0.10,17.30
S131,1487117625,19.40,7.10,18.90,10.10,0.10,17.30
S131,1487117924,19.30,6.60,18.70,10.00,0.10,17.30
S131,1487118223,19.30,6.80,18.70,9.90,0.10,17.30
S131,1487118522,19.30,6.60,18.60,9.90,0.10,17.30
S131,1487118821,19.20,6.50,18.60,9.80,0.10,17.30
S131,1487119120,19.20,6.30,18.50,9.80,0.10,17.30
S131,1487119419,19.10,6.30,18.50,9.70,0.10,17.30
S131,1487119718,19.10,6.70,18.50,9.80,0.10,17.30
S131,1487120017,19.00,6.50,18.40,9.80,0.10,17.30
S131,1487120316,19.00,6.10,18.40,9.70,0.10,17.30
S131,1487120615,19.00,6.60,18.40,9.80,0.10,17.30
S131,1487120914,18.90,6.20,18.30,9.80,0.10,17.30
S131,1487121213,18.90,6.50,18.30,9.80,0.10,17.30
S131,1487121512,18.90,6.30,18.30,9.90,0.10,17.30
S131,1487121811,18.80,6.40,18.20,9.80,0.10,17.30
S131,1487122110,18.80,6.40,18.20,9.80,0.10,17.30
S131,1487122409,18.80,6.40,18.20,10.40,0.10,17.30
S131,1487122708,18.70,6.50,18.20,10.00,0.10,17.30
S131,1487123007,18.70,6.40,18.10,9.90,0.10,17.30
S131,1487123306,18.60,6.50,18.10,10.00,0.10,17.30
S131,1487123605,18.70,6.50,18.10,10.10,0.10,17.30
S131,1487123904,18.60,6.50,18.00,10.00,0.10,17.30
S131,1487124203,18.60,6.70,18.00,10.10,0.10,17.30
S131,1487124502,18.60,6.80,18.00,10.20,0.10,17.30
S131,1487124801,18.60,6.70,18.00,10.20,0.10,17.30
S131,1487125100,18.50,6.80,18.00,10.20,0.10,17.30
S131,1487125399,18.50,6.80,18.00,10.20,0.10,17.30
S131,1487125698,18.40,6.60,17.90,10.20,0.10,17.30
S131,1487125997,18.40,6.80,17.90,10.10,0.10,17.30
S131,1487126296,18.40,6.70,17.90,10.20,0.10,17.30
S131,1487126595,18.40,6.80,17.90,10.20,0.10,17.30
S131,1487126894,18.30,6.50,17.90,10.20,0.10,17.30
S131,1487127193,18.30,6.60,17.80,10.10,0.10,17.30
S131,1487127492,18.30,6.50,17.80,10.00,0.10,17.30
S131,1487127791,18.30,6.60,17.80,10.00,0.10,17.30
S131,1487128090,18.30,6.40,17.80,10.00,0.10,17.30
S131,1487128389,18.30,6.60,17.80,10.00,0.10,17.30
S131,1487128688,18.20,6.50,17.80,10.10,0.10,17.20
S131,1487128987,18.20,6.40,17.70,9.90,0.10,17.20
S131,1487129286,18.20,6.40,17.70,10.00,0.10,17.20
S131,1487129585,18.20,6.50,17.70,10.00,0.10,17.30
S131,1487129884,18.20,6.40,17.70,10.00,0.10,17.30
S131,1487130183,18.10,6.40,17.70,10.10,0.10,17.30
S131,1487130482,18.10,6.60,17.60,10.10,0.10,17.20
S131,1487130781,18.10,6.60,17.60,10.10,0.10,17.30
S131,1487131080,18.10,6.60,17.60,10.20,0.10,17.30
S131,1487131379,18.00,6.60,17.60,10.30,0.10,17.20
S131,1487131678,18.00,6.70,17.60,10.40,0.10,17.20
S131,1487131977,18.00,6.80,17.50,10.30,0.10,17.30
S131,1487132276,18.00,6.80,17.50,10.40,0.10,17.30
S131,1487132575,18.00,7.00,17.50,10.50,0.10,17.30
S131,1487132874,18.00,6.90,17.50,10.50,0.10,17.30
S131,1487133173,18.00,7.10,17.50,10.60,0.10,17.30
S131,1487133472,17.90,7.20,17.50,10.70,0.10,17.30
S131,1487133771,17.90,7.00,17.60,10.60,0.10,17.30
S131,1487134070,17.90,7.00,17.60,10.60,0.10,17.30
S131,1487134369,18.00,7.20,17.70,10.60,0.10,17.30
S131,1487134668,18.00,7.20,17.70,10.60,0.10,17.30
S131,1487134967,18.00,7.10,17.70,10.60,0.10,17.30
S131,1487135266,18.00,7.20,17.70,10.50,0.10,17.30
S131,1487135565,18.00,7.40,17.80,10.70,0.10,17.30
S131,1487135864,18.00,7.60,17.90,10.70,0.10,17.30
S131,1487136163,18.10,7.80,18.00,10.90,0.10,17.30
S131,1487136462,18.10,7.80,18.10,10.90,0.10,17.30
S131,1487136761,18.10,7.90,18.20,10.90,0.10,17.20
S131,1487137060,18.20,7.90,18.20,10.90,0.10,17.30
S131,1487137359,18.20,7.90,18.20,10.90,0.10,17.30
S131,1487137658,18.30,8.00,18.30,10.80,0.10,17.20
S131,1487137957,18.30,7.90,18.40,10.90,0.10,17.30
S131,1487138256,18.30,7.80,18.40,10.90,0.10,17.30
S131,1487138555,18.40,7.90,18.50,10.80,0.10,17.30
S131,1487138854,18.40,7.90,18.50,10.80,0.10,17.30
S131,1487139153,18.40,7.80,18.50,10.80,0.10,17.30
S131,1487139452,18.50,7.80,18.50,10.70,0.10,17.30
S131,1487139751,18.50,7.70,18.60,10.50,0.10,17.30
S131,1487140050,18.50,7.50,18.60,10.40,0.10,17.30
S131,1487140349,18.60,7.50,18.60,10.50,0.10,17.30
S131,1487140648,18.60,7.60,18.70,10.40,0.10,17.30
S131,1487140947,18.70,7.40,18.70,10.50,0.10,17.30
S131,1487141246,18.70,7.50,18.80,10.40,0.10,17.30
S131,1487141546,18.70,7.50,18.80,10.30,0.10,17.30
S131,1487141845,18.80,7.40,18.80,10.30,0.10,17.30
S131,1487142144,18.80,7.40,18.80,10.30,0.10,17.30
S131,1487142443,18.80,7.60,18.90,10.40,0.10,17.30
S131,1487142742,18.90,7.70,18.90,10.40,0.10,17.30
S131,1487143041,18.90,7.60,18.90,10.20,0.10,17.30
S131,1487143340,18.90,7.30,18.90,10.10,0.10,17.30
S131,1487143639,18.90,7.50,19.00,10.40,0.10,17.30
S131,1487143938,18.90,7.40,19.10,10.20,0.10,17.30
S131,1487144237,19.00,7.40,19.00,10.00,0.10,17.30
S131,1487144536,19.00,7.10,19.10,10.00,0.10,17.30
S131,1487144835,19.00,7.30,19.10,10.20,0.10,17.30
S131,1487145134,19.10,7.40,19.10,10.10,0.10,17.30
S131,1487145433,19.10,7.10,19.20,10.00,0.10,17.30
S131,1487145732,19.10,7.20,19.20,9.90,0.10,17.30
S131,1487146031,19.20,7.10,19.20,9.90,0.10,17.30
S131,1487146330,19.20,6.90,19.20,9.80,0.10,17.30
S131,1487146629,19.20,6.80,19.10,9.60,0.10,17.30
S131,1487146928,19.20,6.90,19.20,9.80,0.10,17.30
S131,1487147227,19.20,6.80,19.10,9.70,0.10,17.30
S131,1487147526,19.20,6.90,19.10,10.30,0.10,17.30
S131,1487147825,19.20,7.10,19.10,10.00,0.10,17.30
S131,1487148124,19.30,7.20,19.10,10.40,0.10,17.30
S131,1487148423,19.30,7.50,19.10,10.40,0.10,17.30
S131,1487148722,19.30,7.50,19.10,10.50,0.10,17.30
S131,1487149021,19.30,7.50,19.00,10.50,0.10,17.30
S131,1487149320,19.30,7.60,19.10,10.70,0.10,17.30
S131,1487149619,19.30,7.60,19.00,10.80,0.10,17.30
S131,1487149918,19.30,7.80,19.00,10.80,0.10,17.30
S131,1487150217,19.30,7.50,18.90,10.80,0.10,17.30
S131,1487150516,19.30,7.60,18.90,10.30,0.10,17.30
S131,1487150815,19.30,7.30,18.90,10.40,0.10,17.30
S131,1487151114,19.20,7.40,19.00,10.50,0.10,17.30
S131,1487151413,19.30,7.80,19.00,10.80,0.10,17.30
S131,1487151712,19.30,8.00,19.00,11.30,0.10,17.30
S131,1487152011,19.30,8.00,19.20,11.30,0.10,17.30
S131,1487152310,19.30,8.00,19.20,11.10,0.10,17.30
S131,1487152609,19.30,7.80,19.30,10.90,0.10,17.30
S131,1487152908,19.40,7.90,19.40,10.90,0.10,17.30
S131,1487153207,19.40,8.20,19.50,11.10,0.10,17.30
S131,1487153506,19.50,8.00,19.60,10.90,0.10,17.30
S131,1487153805,19.50,7.80,19.60,10.60,0.10,17.30
S131,1487154104,19.60,7.90,19.70,10.60,0.10,17.30
S131,1487154403,19.60,7.70,19.80,10.60,0.10,17.30
S131,1487154702,19.70,7.80,19.80,10.60,0.10,17.30
S131,1487155001,19.70,7.80,19.90,10.50,0.10,17.30
S131,1487155300,19.80,7.70,19.90,10.60,0.10,17.30
S131,1487155599,19.80,7.50,19.90,10.50,0.10,17.30
S131,1487155898,19.80,7.20,19.90,10.10,0.10,17.30
S131,1487156197,19.90,7.20,19.90,9.90,0.10,17.30
S131,1487156496,19.90,7.30,19.90,10.10,0.10,17.30
S131,1487156795,19.90,7.30,20.00,9.90,0.10,17.30
S131,1487157094,20.00,7.30,20.00,9.90,0.10,17.30
S131,1487157393,20.00,7.20,20.00,9.90,0.10,17.30
S131,1487157692,20.00,6.80,20.20,14.00,0.10,17.30
S131,1487157991,20.10,7.00,20.30,9.90,0.10,17.30
S131,1487158290,20.10,6.50,20.20,9.50,0.10,17.30
S131,1487158589,20.20,6.60,20.30,10.30,0.10,17.30
S131,1487158888,20.20,6.60,20.30,9.50,0.10,17.30
S131,1487159187,20.20,6.60,20.30,9.50,0.10,17.30
S131,1487159486,20.30,6.70,20.30,9.50,0.10,17.30
S131,1487159785,20.30,6.70,20.30,9.20,0.10,17.30
