Device,Time,DHT1-OUT Temp,DHT1-OUT Hum,DHT2-IN Temp,DHT2-IN Hum,Soil,Infrared
S142,1486911899,0.00,0.00,0.00,0.00,0.10,17.30
S142,1486912198,0.00,0.00,0.00,0.00,0.10,17.30
S142,1486912497,0.00,0.00,0.00,0.00,0.10,17.30
S142,1486912796,0.00,0.00,0.00,0.00,0.10,17.30
S142,1486913095,0.00,0.00,0.00,0.00,0.10,17.30
S142,1486913394,0.00,0.00,0.00,0.00,0.10,17.30
S142,1486913693,0.00,0.00,0.00,0.00,0.10,17.30
S142,1486913992,0.00,0.00,0.00,0.00,0.10,17.30
S142,1486914291,0.00,0.00,0.00,0.00,0.10,17.30
S142,1486914590,0.00,0.00,0.00,0.00,0.10,17.30
S142,1486914889,0.00,0.00,0.00,0.00,0.10,17.30
S142,1486915188,0.00,0.00,0.00,0.00,0.10,17.30
S142,1486915487,0.00,0.00,0.00,0.00,0.10,17.30
S142,1486915786,0.00,0.00,0.00,0.00,0.10,17.30
S142,1486916085,0.00,0.00,0.00,0.00,0.10,17.30
S142,1486916385,0.00,0.00,0.00,0.00,0.10,17.30
S142,1486916684,0.00,0.00,0.00,0.00,0.10,17.30
S142,1486916983,0.00,0.00,0.00,0.00,0.10,17.30
S142,1486917282,0.00,0.00,0.00,0.00,0.10,17.30
S142,1486917581,0.00,0.00,0.00,0.00,0.10,17.30
S142,1486917880,0.00,0.00,0.00,0.00,0.10,17.30
S142,1486918180,0.00,0.00,0.00,0.00,0.10,17.30
S142,1486918479,0.00,0.00,0.00,0.00,0.10,17.30
S142,1486918778,0.00,0.00,0.00,0.00,0.10,17.30
S142,1486919078,0.00,0.00,0.00,0.00,0.10,17.30
S142,1486919377,0.00,0.00,0.00,0.00,0.10,17.30
S142,1486919676,0.00,0.00,0.00,0.00,0.10,17.30
S142,1486919976,0.00,0.00,0.00,0.00,0.10,17.30
S142,1486920275,0.00,0.00,0.00,0.00,0.10,17.30
S142,1486920574,0.00,0.00,0.00,0.00,0.10,17.30
S142,1486920873,0.00,0.00,0.00,0.00,0.10,17.30
S142,1486921173,0.00,0.00,0.00,0.00,0.10,17.30
S142,1486921472,0.00,0.00,0.00,0.00,0.10,17.30
S142,1486921771,0.00,0.00,0.00,0.00,0.10,17.30
S142,1486922070,0.00,0.00,0.00,0.00,0.10,17.30
S142,1486922370,0.00,0.00,0.00,0.00,0.10,17.30
S142,1486922669,0.00,0.00,0.00,0.00,0.10,17.30
S142,1486922969,0.00,0.00,0.00,0.00,0.10,17.30
S142,1486923268,0.00,0.00,0.00,0.00,0.10,17.30
S142,1486923567,0.00,0.00,0.00,0.00,0.10,17.30
S142,1486923867,0.00,0.00,0.00,0.00,0.10,17.30
S142,1486924166,0.00,0.00,0.00,0.00,0.10,17.30
S142,1486924465,0.00,0.00,0.00,0.00,0.10,17.30
S142,1486924765,0.00,0.00,0.00,0.00,0.10,17.30
S142,1486925064,0.00,0.00,0.00,0.00,0.10,17.30
S142,1486925363,0.00,0.00,0.00,0.00,0.10,17.30
S142,1486925662,0.00,0.00,0.00,0.00,0.10,17.30
S142,1486925962,0.00,0.00,0.00,0.00,0.10,17.30
S142,1486926261,0.00,0.00,0.00,0.00,0.10,17.30
S142,1486926560,0.00,0.00,0.00,0.00,0.10,17.30
S142,1486926859,0.00,0.00,0.00,0.00,0.10,17.30
S142,1486927158,0.00,0.00,0.00,0.00,0.10,17.30
S142,1486927457,0.00,0.00,0.00,0.00,0.10,17.30
S142,1486927756,0.00,0.00,0.00,0.00,0.10,17.30
S142,1486928055,0.00,0.00,0.00,0.00,0.10,17.30
S142,1486928354,0.00,0.00,0.00,0.00,0.10,17.30
S142,1486928653,0.00,0.00,0.00,0.00,0.10,17.30
S142,1486928952,0.00,0.00,0.00,0.00,0.10,17.30
S142,1486929251,0.00,0.00,0.00,0.00,0.10,17.30
S142,1486929550,0.00,0.00,0.00,0.00,0.10,17.30
S142,1486929849,0.00,0.00,0.00,0.00,0.10,17.30
S142,1486930148,0.00,0.00,0.00,0.00,0.10,17.30
S142,1486930447,0.00,0.00,0.00,0.00,0.10,17.30
S142,1486930746,0.00,0.00,0.00,0.00,0.10,17.30
S142,1486931045,0.00,0.00,0.00,0.00,0.10,17.30
S142,1486931344,0.00,0.00,0.00,0.00,0.10,17.30
S142,1486931643,0.00,0.00,0.00,0.00,0.10,17.30
S142,1486931942,0.00,0.00,0.00,0.00,0.10,17.30
S142,1486932241,0.00,0.00,0.00,0.00,0.10,17.30
S142,1486932540,0.00,0.00,0.00,0.00,0.10,17.30
S142,1486932839,0.00,0.00,0.00,0.00,0.10,17.30
S142,1486933138,0.00,0.00,0.00,0.00,0.10,17.30
S142,1486933437,0.00,0.00,0.00,0.00,0.10,17.30
S142,1486933736,0.00,0.00,0.00,0.00,0.10,17.30
S142,1486934035,0.00,0.00,0.00,0.00,0.10,17.30
S142,1486934334,0.00,0.00,0.00,0.00,0.10,17.30
S142,1486934633,0.00,0.00,0.00,0.00,0.10,17.30
S142,1486934932,0.00,0.00,0.00,0.00,0.10,17.30
S142,1486935231,0.00,0.00,0.00,0.00,0.10,17.30
S142,1486935530,0.00,0.00,0.00,0.00,0.10,17.30
S142,1486935829,0.00,0.00,0.00,0.00,0.10,17.30
S142,1486936128,0.00,0.00,0.00,0.00,0.10,17.30
S142,1486936427,0.00,0.00,0.00,0.00,0.10,17.30
S142,1486936726,0.00,0.00,0.00,0.00,0.10,17.30
S142,1486937025,0.00,0.00,0.00,0.00,0.10,17.30
S142,1486937324,0.00,0.00,0.00,0.00,0.10,17.30
S142,1486937623,0.00,0.00,0.00,0.00,0.10,17.30
S142,1486937922,0.00,0.00,0.00,0.00,0.10,17.30
S142,1486938221,0.00,0.00,0.00,0.00,0.10,17.30
S142,1486938520,0.00,0.00,0.00,0.00,0.10,17.30
S142,1486938819,0.00,0.00,0.00,0.00,0.10,17.30
S142,1486939118,0.00,0.00,0.00,0.00,0.10,17.30
S142,1486939417,0.00,0.00,0.00,0.00,0.10,17.30
S142,1486939716,0.00,0.00,0.00,0.00,0.10,17.30
S142,1486940015,0.00,0.00,0.00,0.00,0.10,17.30
S142,1486940314,0.00,0.00,0.00,0.00,0.10,17.30
S142,1486940613,0.00,0.00,0.00,0.00,0.10,17.30
S142,1486940912,0.00,0.00,0.00,0.00,0.10,17.30
S142,1486941211,0.00,0.00,0.00,0.00,0.10,17.30
S142,1486941510,0.00,0.00,0.00,0.00,0.10,17.30
S142,1486941809,0.00,0.00,0.00,0.00,0.10,17.30
S142,1486942108,0.00,0.00,0.00,0.00,0.10,17.30
S142,1486942407,0.00,0.00,0.00,0.00,0.10,17.30
S142,1486942706,0.00,0.00,0.00,0.00,0.10,17.30
S142,1486943005,0.00,0.00,0.00,0.00,0.10,17.30
S142,1486943304,0.00,0.00,0.00,0.00,0.10,17.30
S142,1486943603,0.00,0.00,0.00,0.00,0.10,17.30
S142,1486943902,0.00,0.00,0.00,0.00,0.10,17.30
S142,1486944201,0.00,0.00,0.00,0.00,0.10,17.30
S142,1486944500,0.00,0.00,0.00,0.00,0.10,17.30
S142,1486944799,0.00,0.00,0.00,0.00,0.10,17.30
S142,1486945098,0.00,0.00,0.00,0.00,0.10,17.30
S142,1486945397,0.00,0.00,0.00,0.00,0.10,17.30
S142,1486945696,0.00,0.00,0.00,0.00,0.10,17.30
S142,1486945995,0.00,0.00,0.00,0.00,0.10,17.30
S142,1486946294,0.00,0.00,0.00,0.00,0.10,17.30
S142,1486946593,0.00,0.00,0.00,0.00,0.10,17.30
S142,1486946892,0.00,0.00,0.00,0.00,0.10,17.30
S142,1486947191,0.00,0.00,0.00,0.00,0.10,17.30
S142,1486947490,0.00,0.00,0.00,0.00,0.10,17.30
S142,1486947789,0.00,0.00,0.00,0.00,0.10,17.30
S142,1486948088,0.00,0.00,0.00,0.00,0.10,17.30
S142,1486948387,0.00,0.00,0.00,0.00,0.10,17.30
S142,1486948686,0.00,0.00,0.00,0.00,0.10,17.30
S142,1486948985,0.00,0.00,0.00,0.00,0.10,17.30
S142,1486949284,0.00,0.00,0.00,0.00,0.10,17.30
S142,1486949583,0.00,0.00,0.00,0.00,0.10,17.30
S142,1486949882,0.00,0.00,0.00,0.00,0.10,17.30
S142,1486950182,0.00,0.00,0.00,0.00,0.10,17.30
S142,1486950481,0.00,0.00,0.00,0.00,0.10,17.20
S142,1486950780,0.00,0.00,0.00,0.00,0.10,17.30
S142,1486951079,0.00,0.00,0.00,0.00,0.10,17.30
S142,1486951378,0.00,0.00,0.00,0.00,0.10,17.30
S142,1486951677,0.00,0.00,0.00,0.00,0.10,17.30
S142,1486951976,0.00,0.00,0.00,0.00,0.10,17.30
S142,1486952275,0.00,0.00,0.00,0.00,0.10,17.30
S142,1486952574,0.00,0.00,0.00,0.00,0.10,17.30
S142,1486952873,0.00,0.00,0.00,0.00,0.10,17.30
S142,1486953172,0.00,0.00,0.00,0.00,0.10,17.30
S142,1486953471,0.00,0.00,0.00,0.00,0.10,17.20
S142,1486953770,0.00,0.00,0.00,0.00,0.10,17.30
S142,1486954069,0.00,0.00,0.00,0.00,0.10,17.30
S142,1486954368,0.00,0.00,0.00,0.00,0.10,17.30
S142,1486954667,0.00,0.00,0.00,0.00,0.10,17.30
S142,1486954966,0.00,0.00,0.00,0.00,0.10,17.30
S142,1486955265,0.00,0.00,0.00,0.00,0.10,17.20
S142,1486955564,0.00,0.00,0.00,0.00,0.10,17.30
S142,1486955863,0.00,0.00,0.00,0.00,0.10,17.30
S142,1486956162,0.00,0.00,0.00,0.00,0.10,17.30
S142,1486956461,0.00,0.00,0.00,0.00,0.10,17.30
S142,1486956760,0.00,0.00,0.00,0.00,0.10,17.30
S142,1486957059,0.00,0.00,0.00,0.00,0.10,17.30
S142,1486957358,0.00,0.00,0.00,0.00,0.10,17.30
S142,1486957657,0.00,0.00,0.00,0.00,0.10,17.30
S142,1486957956,0.00,0.00,0.00,0.00,0.10,17.30
S142,1486958255,0.00,0.00,0.00,0.00,0.10,17.30
S142,1486958554,0.00,0.00,0.00,0.00,0.10,17.30
S142,1486958853,0.00,0.00,0.00,0.00,0.10,17.30
S142,1486959152,0.00,0.00,0.00,0.00,0.10,17.30
S142,1486959451,0.00,0.00,0.00,0.00,0.10,17.30
S142,1486959750,0.00,0.00,0.00,0.00,0.10,17.30
S142,1486960049,0.00,0.00,0.00,0.00,0.10,17.30
S142,1486960348,0.00,0.00,0.00,0.00,0.10,17.20
S142,1486960647,0.00,0.00,0.00,0.00,0.10,17.30
S142,1486960946,0.00,0.00,0.00,0.00,0.10,17.30
S142,1486961245,0.00,0.00,0.00,0.00,0.10,17.30
S142,1486961544,0.00,0.00,0.00,0.00,0.10,17.20
S142,1486961843,0.00,0.00,0.00,0.00,0.10,17.30
S142,1486962142,0.00,0.00,0.00,0.00,0.10,17.30
S142,1486962441,0.00,0.00,0.00,0.00,0.10,17.30
S142,1486962740,0.00,0.00,0.00,0.00,0.10,17.30
S142,1486963039,0.00,0.00,0.00,0.00,0.10,17.30
S142,1486963338,0.00,0.00,0.00,0.00,0.10,17.30
S142,1486963637,0.00,0.00,0.00,0.00,0.10,17.30
S142,1486963936,0.00,0.00,0.00,0.00,0.10,17.30
S142,1486964235,0.00,0.00,0.00,0.00,0.10,17.30
S142,1486964534,0.00,0.00,0.00,0.00,0.10,17.30
S142,1486964833,0.00,0.00,0.00,0.00,0.10,17.30
S142,1486965132,0.00,0.00,0.00,0.00,0.10,17.30
S142,1486965431,0.00,0.00,0.00,0.00,0.10,17.30
S142,1486965730,0.00,0.00,0.00,0.00,0.10,17.20
S142,1486966029,0.00,0.00,0.00,0.00,0.10,17.30
S142,1486966328,0.00,0.00,0.00,0.00,0.10,17.30
S142,1486966627,0.00,0.00,0.00,0.00,0.10,17.30
S142,1486966926,0.00,0.00,0.00,0.00,0.10,17.30
S142,1486967225,0.00,0.00,0.00,0.00,0.10,17.30
S142,1486967524,0.00,0.00,0.00,0.00,0.10,17.30
S142,1486967823,0.00,0.00,0.00,0.00,0.10,17.30
S142,1486968122,0.00,0.00,0.00,0.00,0.10,17.30
S142,1486968421,0.00,0.00,0.00,0.00,0.10,17.30
S142,1486968720,0.00,0.00,0.00,0.00,0.10,17.30
S142,1486969019,0.00,0.00,0.00,0.00,0.10,17.30
S142,1486969318,0.00,0.00,0.00,0.00,0.10,17.30
S142,1486969617,0.00,0.00,0.00,0.00,0.10,17.30
S142,1486969916,0.00,0.00,0.00,0.00,0.10,17.30
S142,1486970215,0.00,0.00,0.00,0.00,0.10,17.30
S142,1486970514,0.00,0.00,0.00,0.00,0.10,17.30
S142,1486970813,0.00,0.00,0.00,0.00,0.10,17.30
S142,1486971112,0.00,0.00,0.00,0.00,0.10,17.30
S142,1486971411,0.00,0.00,0.00,0.00,0.10,17.30
S142,1486971710,0.00,0.00,0.00,0.00,0.10,17.30
S142,1486972009,0.00,0.00,0.00,0.00,0.10,17.30
S142,1486972308,0.00,0.00,0.00,0.00,0.10,17.30
S142,1486972607,0.00,0.00,0.00,0.00,0.10,17.30
S142,1486972906,0.00,0.00,0.00,0.00,0.10,17.30
S142,1486973205,0.00,0.00,0.00,0.00,0.10,17.30
S142,1486973504,0.00,0.00,0.00,0.00,0.10,17.30
S142,1486973803,0.00,0.00,0.00,0.00,0.10,17.30
S142,1486974102,0.00,0.00,0.00,0.00,0.10,17.30
S142,1486974401,0.00,0.00,0.00,0.00,0.10,17.30
S142,1486974700,0.00,0.00,0.00,0.00,0.10,17.30
S142,1486974999,0.00,0.00,0.00,0.00,0.10,17.30
S142,1486975298,0.00,0.00,0.00,0.00,0.10,17.30
S142,1486975597,0.00,0.00,0.00,0.00,0.10,17.30
S142,1486975896,0.00,0.00,0.00,0.00,0.10,17.30
S142,1486976195,0.00,0.00,0.00,0.00,0.10,17.30
S142,1486976494,0.00,0.00,0.00,0.00,0.10,17.30
S142,1486976793,0.00,0.00,0.00,0.00,0.10,17.30
S142,1486977092,0.00,0.00,0.00,0.00,0.10,17.30
S142,1486977391,0.00,0.00,0.00,0.00,0.10,17.30
S142,1486977690,0.00,0.00,0.00,0.00,0.10,17.30
S142,1486977989,0.00,0.00,0.00,0.00,0.10,17.30
S142,1486978288,0.00,0.00,0.00,0.00,0.10,17.30
S142,1486978587,0.00,0.00,0.00,0.00,0.10,17.30
S142,1486978886,0.00,0.00,0.00,0.00,0.10,17.30
S142,1486979185,0.00,0.00,0.00,0.00,0.10,17.30
S142,1486979484,0.00,0.00,0.00,0.00,0.10,17.30
S142,1486979783,0.00,0.00,0.00,0.00,0.10,17.30
S142,1486980082,0.00,0.00,0.00,0.00,0.10,17.30
S142,1486980381,0.00,0.00,0.00,0.00,0.10,17.30
S142,1486980680,0.00,0.00,0.00,0.00,0.10,17.30
S142,1486980979,0.00,0.00,0.00,0.00,0.10,17.30
S142,1486981278,0.00,0.00,0.00,0.00,0.10,17.30
S142,1486981577,0.00,0.00,0.00,0.00,0.10,17.30
S142,1486981876,0.00,0.00,0.00,0.00,0.10,17.30
S142,1486982175,0.00,0.00,0.00,0.00,0.10,17.30
S142,1486982474,0.00,0.00,0.00,0.00,0.10,17.30
S142,1486982773,0.00,0.00,0.00,0.00,0.10,17.30
S142,1486983072,0.00,0.00,0.00,0.00,0.10,17.30
S142,1486983371,0.00,0.00,0.00,0.00,0.10,17.30
S142,1486983670,0.00,0.00,0.00,0.00,0.10,17.30
S142,1486983969,0.00,0.00,0.00,0.00,0.10,17.30
S142,1486984268,0.00,0.00,0.00,0.00,0.10,17.30
S142,1486984567,0.00,0.00,0.00,0.00,0.10,17.30
S142,1486984866,0.00,0.00,0.00,0.00,0.10,17.30
S142,1486985165,0.00,0.00,0.00,0.00,0.10,17.30
S142,1486985464,0.00,0.00,0.00,0.00,0.10,17.30
S142,1486985763,0.00,0.00,0.00,0.00,0.10,17.30
S142,1486986062,0.00,0.00,0.00,0.00,0.10,17.30
S142,1486986361,0.00,0.00,0.00,0.00,0.10,17.30
S142,1486986660,0.00,0.00,0.00,0.00,0.10,17.30
S142,1486986959,0.00,0.00,0.00,0.00,0.10,17.30
S142,1486987258,0.00,0.00,0.00,0.00,0.10,17.30
S142,1486987557,0.00,0.00,0.00,0.00,0.10,17.30
S142,1486987856,0.00,0.00,0.00,0.00,0.10,17.30
S142,1486988155,0.00,0.00,0.00,0.00,0.10,17.30
S142,1486988455,0.00,0.00,0.00,0.00,0.10,17.30
S142,1486988754,0.00,0.00,0.00,0.00,0.10,17.30
S142,1486989053,0.00,0.00,0.00,0.00,0.10,17.30
S142,1486989352,0.00,0.00,0.00,0.00,0.10,17.30
S142,1486989651,0.00,0.00,0.00,0.00,0.10,17.30
S142,1486989950,0.00,0.00,0.00,0.00,0.10,17.30
S142,1486990249,0.00,0.00,0.00,0.00,0.10,17.30
S142,1486990548,0.00,0.00,0.00,0.00,0.10,17.30
S142,1486990847,0.00,0.00,0.00,0.00,0.10,17.30
S142,1486991146,0.00,0.00,0.00,0.00,0.10,17.30
S142,1486991445,0.00,0.00,0.00,0.00,0.10,17.30
S142,1486991744,0.00,0.00,0.00,0.00,0.10,17.30
S142,1486992043,0.00,0.00,0.00,0.00,0.10,17.30
S142,1486992342,0.00,0.00,0.00,0.00,0.10,17.30
S142,1486992641,0.00,0.00,0.00,0.00,0.10,17.30
S142,1486992940,0.00,0.00,0.00,0.00,0.10,17.30
S142,1486993239,0.00,0.00,0.00,0.00,0.10,17.30
S142,1486993538,0.00,0.00,0.00,0.00,0.10,17.30
S142,1486993837,0.00,0.00,0.00,0.00,0.10,17.30
S142,1486994136,0.00,0.00,0.00,0.00,0.10,17.30
S142,1486994435,0.00,0.00,0.00,0.00,0.10,17.30
S142,1486994734,0.00,0.00,0.00,0.00,0.10,17.30
S142,1486995033,0.00,0.00,0.00,0.00,0.10,17.30
S142,1486995332,0.00,0.00,0.00,0.00,0.10,17.30
S142,1486995631,0.00,0.00,0.00,0.00,0.10,17.30
S142,1486995930,0.00,0.00,0.00,0.00,0.10,17.30
S142,1486996229,0.00,0.00,0.00,0.00,0.10,17.30
S142,1486996528,0.00,0.00,0.00,0.00,0.10,17.30
S142,1486996827,0.00,0.00,0.00,0.00,0.10,17.30
S142,1486997639,0.00,0.00,0.00,0.00,0.10,17.30
S142,1486997726,0.00,0.00,0.00,0.00,0.10,17.30
S142,1486998025,0.00,0.00,0.00,0.00,0.10,17.30
S142,1486998324,0.00,0.00,0.00,0.00,0.10,17.30
S142,1486998623,0.00,0.00,0.00,0.00,0.10,17.30
S142,1486998922,0.00,0.00,0.00,0.00,0.10,17.30
S142,1486999221,0.00,0.00,0.00,0.00,0.10,17.30
S142,1486999520,0.00,0.00,0.00,0.00,0.10,17.30
S142,1486999819,0.00,0.00,0.00,0.00,0.10,17.30
S142,1487000118,0.00,0.00,0.00,0.00,0.10,17.30
S142,1487000417,0.00,0.00,0.00,0.00,0.10,17.30
S142,1487000716,0.00,0.00,0.00,0.00,0.10,17.30
S142,1487001015,0.00,0.00,0.00,0.00,0.10,17.30
S142,1487001314,0.00,0.00,0.00,0.00,0.10,17.30
S142,1487001613,0.00,0.00,0.00,0.00,0.10,17.30
S142,1487001912,0.00,0.00,0.00,0.00,0.10,17.30
S142,1487002211,0.00,0.00,0.00,0.00,0.10,17.30
S142,1487002510,0.00,0.00,0.00,0.00,0.10,17.30
S142,1487002809,0.00,0.00,0.00,0.00,0.10,17.30
S142,1487003108,0.00,0.00,0.00,0.00,0.10,17.30
S142,1487003407,0.00,0.00,0.00,0.00,0.10,17.30
S142,1487003706,0.00,0.00,0.00,0.00,0.10,17.30
S142,1487004005,0.00,0.00,0.00,0.00,0.10,17.30
S142,1487004304,0.00,0.00,0.00,0.00,0.10,17.30
S142,1487004603,0.00,0.00,0.00,0.00,0.10,17.30
S142,1487004902,0.00,0.00,0.00,0.00,0.10,17.30
S142,1487005201,0.00,0.00,0.00,0.00,0.10,17.30
S142,1487005500,0.00,0.00,0.00,0.00,0.10,17.30
S142,1487005799,0.00,0.00,0.00,0.00,0.10,17.30
S142,1487006098,0.00,0.00,0.00,0.00,0.10,17.30
S142,1487006397,0.00,0.00,0.00,0.00,0.10,17.30
S142,1487006696,0.00,0.00,0.00,0.00,0.10,17.30
S142,1487006995,0.00,0.00,0.00,0.00,0.10,17.30
S142,1487007294,0.00,0.00,0.00,0.00,0.10,17.30
S142,1487007593,0.00,0.00,0.00,0.00,0.10,17.30
S142,1487007892,0.00,0.00,0.00,0.00,0.10,17.30
S142,1487008191,0.00,0.00,0.00,0.00,0.10,17.30
S142,1487008490,0.00,0.00,0.00,0.00,0.10,17.30
S142,1487008789,0.00,0.00,0.00,0.00,0.10,17.30
S142,1487009088,0.00,0.00,0.00,0.00,0.10,17.30
S142,1487009387,0.00,0.00,0.00,0.00,0.10,17.30
S142,1487009686,0.00,0.00,0.00,0.00,0.10,17.30
S142,1487009985,0.00,0.00,0.00,0.00,0.10,17.30
S142,1487010284,0.00,0.00,0.00,0.00,0.10,17.30
S142,1487010583,0.00,0.00,0.00,0.00,0.10,17.30
S142,1487010882,0.00,0.00,0.00,0.00,0.10,17.30
S142,1487011181,0.00,0.00,0.00,0.00,0.10,17.30
S142,1487011480,0.00,0.00,0.00,0.00,0.10,17.30
S142,1487011779,0.00,0.00,0.00,0.00,0.10,17.30
S142,1487012078,0.00,0.00,0.00,0.00,0.10,17.30
S142,1487012377,0.00,0.00,0.00,0.00,0.10,17.30
S142,1487012676,0.00,0.00,0.00,0.00,0.10,17.30
S142,1487012975,0.00,0.00,0.00,0.00,0.10,17.30
S142,1487013274,0.00,0.00,0.00,0.00,0.10,17.30
S142,1487013573,0.00,0.00,0.00,0.00,0.10,17.30
S142,1487013872,0.00,0.00,0.00,0.00,0.10,17.30
S142,1487014171,0.00,0.00,0.00,0.00,0.10,17.30
S142,1487014470,0.00,0.00,0.00,0.00,0.10,17.30
S142,1487014769,0.00,0.00,0.00,0.00,0.10,17.30
S142,1487015068,0.00,0.00,0.00,0.00,0.10,17.30
S142,1487015367,0.00,0.00,0.00,0.00,0.10,17.30
S142,1487015666,0.00,0.00,0.00,0.00,0.10,17.30
S142,1487015965,0.00,0.00,0.00,0.00,0.10,17.30
S142,1487016264,0.00,0.00,0.00,0.00,0.10,17.30
S142,1487016563,0.00,0.00,0.00,0.00,0.10,17.30
S142,1487016862,0.00,0.00,0.00,0.00,0.10,17.30
S142,1487017161,0.00,0.00,0.00,0.00,0.10,17.30
S142,1487017460,0.00,0.00,0.00,0.00,0.10,17.30
S142,1487017759,0.00,0.00,0.00,0.00,0.10,17.30
S142,1487018058,0.00,0.00,0.00,0.00,0.10,17.30
S142,1487018357,0.00,0.00,0.00,0.00,0.10,17.30
S142,1487018656,0.00,0.00,0.00,0.00,0.10,17.30
S142,1487018955,0.00,0.00,0.00,0.00,0.10,17.30
S142,1487019254,0.00,0.00,0.00,0.00,0.10,17.30
S142,1487019553,0.00,0.00,0.00,0.00,0.10,17.30
S142,1487019852,0.00,0.00,0.00,0.00,0.10,17.30
S142,1487020151,0.00,0.00,0.00,0.00,0.10,17.30
S142,1487020450,0.00,0.00,0.00,0.00,0.10,17.30
S142,1487020749,0.00,0.00,0.00,0.00,0.10,17.30
S142,1487021048,0.00,0.00,0.00,0.00,0.10,17.30
S142,1487021347,0.00,0.00,0.00,0.00,0.10,17.30
S142,1487021646,0.00,0.00,0.00,0.00,0.10,17.30
S142,1487021945,0.00,0.00,0.00,0.00,0.10,17.30
S142,1487022244,0.00,0.00,0.00,0.00,0.10,17.30
S142,1487022543,0.00,0.00,0.00,0.00,0.10,17.30
S142,1487022842,0.00,0.00,0.00,0.00,0.10,17.30
S142,1487023141,0.00,0.00,0.00,0.00,0.10,17.30
S142,1487023440,0.00,0.00,0.00,0.00,0.10,17.30
S142,1487023739,0.00,0.00,0.00,0.00,0.10,17.30
S142,1487024038,0.00,0.00,0.00,0.00,0.10,17.30
S142,1487024337,0.00,0.00,0.00,0.00,0.10,17.30
S142,1487024636,0.00,0.00,0.00,0.00,0.10,17.30
S142,1487024935,0.00,0.00,0.00,0.00,0.10,17.30
S142,1487025234,0.00,0.00,0.00,0.00,0.10,17.30
S142,1487025533,0.00,0.00,0.00,0.00,0.10,17.30
S142,1487025832,0.00,0.00,0.00,0.00,0.10,17.30
S142,1487026131,0.00,0.00,0.00,0.00,0.10,17.30
S142,1487026430,0.00,0.00,0.00,0.00,0.10,17.30
S142,1487026730,0.00,0.00,0.00,0.00,0.10,17.30
S142,1487027029,0.00,0.00,0.00,0.00,0.10,17.30
S142,1487027328,0.00,0.00,0.00,0.00,0.10,17.30
S142,1487027627,0.00,0.00,0.00,0.00,0.10,17.30
S142,1487027926,0.00,0.00,0.00,0.00,0.10,17.30
S142,1487028225,0.00,0.00,0.00,0.00,0.10,17.30
S142,1487028524,0.00,0.00,0.00,0.00,0.10,17.30
S142,1487028823,0.00,0.00,0.00,0.00,0.10,17.30
S142,1487029122,0.00,0.00,0.00,0.00,0.10,17.30
S142,1487029421,0.00,0.00,0.00,0.00,0.10,17.30
S142,1487029720,0.00,0.00,0.00,0.00,0.10,17.30
S142,1487030019,0.00,0.00,0.00,0.00,0.10,17.30
S142,1487030318,0.00,0.00,0.00,0.00,0.10,17.30
S142,1487030617,0.00,0.00,0.00,0.00,0.10,17.30
S142,1487030916,0.00,0.00,0.00,0.00,0.10,17.30
S142,1487031215,0.00,0.00,0.00,0.00,0.10,17.30
S142,1487031514,0.00,0.00,0.00,0.00,0.10,17.30
S142,1487031813,0.00,0.00,0.00,0.00,0.10,17.30
S142,1487032112,0.00,0.00,0.00,0.00,0.10,17.30
S142,1487032411,0.00,0.00,0.00,0.00,0.10,17.30
S142,1487032710,0.00,0.00,0.00,0.00,0.10,17.30
S142,1487033009,0.00,0.00,0.00,0.00,0.10,17.30
S142,1487033308,0.00,0.00,0.00,0.00,0.10,17.30
S142,1487033607,0.00,0.00,0.00,0.00,0.10,17.30
S142,1487033906,0.00,0.00,0.00,0.00,0.10,17.30
S142,1487034205,0.00,0.00,0.00,0.00,0.10,17.30
S142,1487034504,0.00,0.00,0.00,0.00,0.10,17.30
S142,1487034803,0.00,0.00,0.00,0.00,0.10,17.20
S142,1487035102,0.00,0.00,0.00,0.00,0.10,17.30
S142,1487035401,0.00,0.00,0.00,0.00,0.10,17.30
S142,1487035700,0.00,0.00,0.00,0.00,0.10,17.30
S142,1487035999,0.00,0.00,0.00,0.00,0.10,17.30
S142,1487036298,0.00,0.00,0.00,0.00,0.10,17.30
S142,1487036597,0.00,0.00,0.00,0.00,0.10,17.30
S142,1487036896,0.00,0.00,0.00,0.00,0.10,17.30
S142,1487037195,0.00,0.00,0.00,0.00,0.10,17.20
S142,1487037494,0.00,0.00,0.00,0.00,0.10,17.30
S142,1487037793,0.00,0.00,0.00,0.00,0.10,17.30
S142,1487038092,0.00,0.00,0.00,0.00,0.10,17.30
S142,1487038391,0.00,0.00,0.00,0.00,0.10,17.20
S142,1487038690,0.00,0.00,0.00,0.00,0.10,17.30
S142,1487038989,0.00,0.00,0.00,0.00,0.10,17.30
S142,1487039288,0.00,0.00,0.00,0.00,0.10,17.30
S142,1487039587,0.00,0.00,0.00,0.00,0.10,17.30
S142,1487039886,0.00,0.00,0.00,0.00,0.10,17.30
S142,1487040185,0.00,0.00,0.00,0.00,0.10,17.30
S142,1487040484,0.00,0.00,0.00,0.00,0.10,17.30
S142,1487040783,0.00,0.00,0.00,0.00,0.10,17.30
S142,1487041082,0.00,0.00,0.00,0.00,0.10,17.30
S142,1487041381,0.00,0.00,0.00,0.00,0.10,17.30
S142,1487041680,0.00,0.00,0.00,0.00,0.10,17.30
S142,1487041979,0.00,0.00,0.00,0.00,0.10,17.30
S142,1487042278,0.00,0.00,0.00,0.00,0.10,17.30
S142,1487042577,0.00,0.00,0.00,0.00,0.10,17.30
S142,1487042876,0.00,0.00,0.00,0.00,0.10,17.30
S142,1487043175,0.00,0.00,0.00,0.00,0.10,17.30
S142,1487043474,0.00,0.00,0.00,0.00,0.10,17.30
S142,1487043773,0.00,0.00,0.00,0.00,0.10,17.30
S142,1487044072,0.00,0.00,0.00,0.00,0.10,17.30
S142,1487044371,0.00,0.00,0.00,0.00,0.10,17.30
S142,1487044670,0.00,0.00,0.00,0.00,0.10,17.30
S142,1487044969,0.00,0.00,0.00,0.00,0.10,17.20
S142,1487045268,0.00,0.00,0.00,0.00,0.10,17.30
S142,1487045567,0.00,0.00,0.00,0.00,0.10,17.30
S142,1487045866,0.00,0.00,0.00,0.00,0.10,17.30
S142,1487046165,0.00,0.00,0.00,0.00,0.10,17.30
S142,1487046464,0.00,0.00,0.00,0.00,0.10,17.30
S142,1487046763,0.00,0.00,0.00,0.00,0.10,17.30
S142,1487047062,0.00,0.00,0.00,0.00,0.10,17.30
S142,1487047361,0.00,0.00,0.00,0.00,0.10,17.30
S142,1487047660,0.00,0.00,0.00,0.00,0.10,17.30
S142,1487047959,0.00,0.00,0.00,0.00,0.10,17.30
S142,1487048258,0.00,0.00,0.00,0.00,0.10,17.30
S142,1487048557,0.00,0.00,0.00,0.00,0.10,17.30
S142,1487048856,0.00,0.00,0.00,0.00,0.10,17.30
S142,1487049155,0.00,0.00,0.00,0.00,0.10,17.30
S142,1487049454,0.00,0.00,0.00,0.00,0.10,17.30
S142,1487049753,0.00,0.00,0.00,0.00,0.10,17.30
S142,1487050052,0.00,0.00,0.00,0.00,0.10,17.30
S142,1487050351,0.00,0.00,0.00,0.00,0.10,17.20
S142,1487050650,0.00,0.00,0.00,0.00,0.10,17.30
S142,1487050949,0.00,0.00,0.00,0.00,0.10,17.30
S142,1487051248,0.00,0.00,0.00,0.00,0.10,17.30
S142,1487051547,0.00,0.00,0.00,0.00,0.10,17.30
S142,1487051846,0.00,0.00,0.00,0.00,0.10,17.30
S142,1487052145,0.00,0.00,0.00,0.00,0.10,17.30
S142,1487052444,0.00,0.00,0.00,0.00,0.10,17.30
S142,1487052743,0.00,0.00,0.00,0.00,0.10,17.20
S142,1487053042,0.00,0.00,0.00,0.00,0.10,17.30
S142,1487053341,0.00,0.00,0.00,0.00,0.10,17.30
S142,1487053640,0.00,0.00,0.00,0.00,0.10,17.30
S142,1487053939,0.00,0.00,0.00,0.00,0.10,17.30
S142,1487054238,0.00,0.00,0.00,0.00,0.10,17.30
S142,1487054537,0.00,0.00,0.00,0.00,0.10,17.30
S142,1487054836,0.00,0.00,0.00,0.00,0.10,17.30
S142,1487055135,0.00,0.00,0.00,0.00,0.10,17.30
S142,1487055434,0.00,0.00,0.00,0.00,0.10,17.30
S142,1487055733,0.00,0.00,0.00,0.00,0.10,17.30
S142,1487056032,0.00,0.00,0.00,0.00,0.10,17.30
S142,1487056331,0.00,0.00,0.00,0.00,0.10,17.20
S142,1487056630,0.00,0.00,0.00,0.00,0.10,17.30
S142,1487056929,0.00,0.00,0.00,0.00,0.10,17.30
S142,1487057228,0.00,0.00,0.00,0.00,0.10,17.30
S142,1487057527,0.00,0.00,0.00,0.00,0.10,17.30
S142,1487057826,0.00,0.00,0.00,0.00,0.10,17.30
S142,1487058125,0.00,0.00,0.00,0.00,0.10,17.30
S142,1487058424,0.00,0.00,0.00,0.00,0.10,17.30
S142,1487058723,0.00,0.00,0.00,0.00,0.10,17.30
S142,1487059022,0.00,0.00,0.00,0.00,0.10,17.30
S142,1487059321,0.00,0.00,0.00,0.00,0.10,17.30
S142,1487059620,0.00,0.00,0.00,0.00,0.10,17.30
S142,1487059919,0.00,0.00,0.00,0.00,0.10,17.30
S142,1487060218,0.00,0.00,0.00,0.00,0.10,17.20
S142,1487060517,0.00,0.00,0.00,0.00,0.10,17.30
S142,1487060816,0.00,0.00,0.00,0.00,0.10,17.30
S142,1487061115,0.00,0.00,0.00,0.00,0.10,17.20
S142,1487061414,0.00,0.00,0.00,0.00,0.10,17.30
S142,1487061713,0.00,0.00,0.00,0.00,0.10,17.30
S142,1487062012,0.00,0.00,0.00,0.00,0.10,17.30
S142,1487062311,0.00,0.00,0.00,0.00,0.10,17.30
S142,1487062610,0.00,0.00,0.00,0.00,0.10,17.30
S142,1487062909,0.00,0.00,0.00,0.00,0.10,17.30
S142,1487063208,0.00,0.00,0.00,0.00,0.10,17.30
S142,1487063507,0.00,0.00,0.00,0.00,0.10,17.30
S142,1487063806,0.00,0.00,0.00,0.00,0.10,17.30
S142,1487064105,0.00,0.00,0.00,0.00,0.10,17.30
S142,1487064404,0.00,0.00,0.00,0.00,0.10,17.30
S142,1487064703,0.00,0.00,0.00,0.00,0.10,17.30
S142,1487065003,0.00,0.00,0.00,0.00,0.10,17.30
S142,1487065302,0.00,0.00,0.00,0.00,0.10,17.30
S142,1487065601,0.00,0.00,0.00,0.00,0.10,17.30
S142,1487065900,0.00,0.00,0.00,0.00,0.10,17.30
S142,1487066199,0.00,0.00,0.00,0.00,0.10,17.30
S142,1487066498,0.00,0.00,0.00,0.00,0.10,17.30
S142,1487066797,0.00,0.00,0.00,0.00,0.10,17.30
S142,1487067096,0.00,0.00,0.00,0.00,0.10,17.30
S142,1487067395,0.00,0.00,0.00,0.00,0.10,17.30
S142,1487067694,0.00,0.00,0.00,0.00,0.10,17.30
S142,1487067993,0.00,0.00,0.00,0.00,0.10,17.30
S142,1487068292,0.00,0.00,0.00,0.00,0.10,17.30
S142,1487068591,0.00,0.00,0.00,0.00,0.10,17.30
S142,1487068890,0.00,0.00,0.00,0.00,0.10,17.30
S142,1487069189,0.00,0.00,0.00,0.00,0.10,17.30
S142,1487069488,0.00,0.00,0.00,0.00,0.10,17.30
S142,1487069787,0.00,0.00,0.00,0.00,0.10,17.30
S142,1487070086,0.00,0.00,0.00,0.00,0.10,17.30
S142,1487070385,0.00,0.00,0.00,0.00,0.10,17.30
S142,1487070684,0.00,0.00,0.00,0.00,0.10,17.30
S142,1487070983,0.00,0.00,0.00,0.00,0.10,17.30
S142,1487071282,0.00,0.00,0.00,0.00,0.10,17.30
S142,1487071581,0.00,0.00,0.00,0.00,0.10,17.30
S142,1487071880,0.00,0.00,0.00,0.00,0.10,17.30
S142,1487072179,0.00,0.00,0.00,0.00,0.10,17.30
S142,1487072478,0.00,0.00,0.00,0.00,0.10,17.30
S142,1487072777,0.00,0.00,0.00,0.00,0.10,17.30
S142,1487073076,0.00,0.00,0.00,0.00,0.10,17.30
S142,1487073375,0.00,0.00,0.00,0.00,0.10,17.30
S142,1487073674,0.00,0.00,0.00,0.00,0.10,17.30
S142,1487073973,0.00,0.00,0.00,0.00,0.10,17.30
S142,1487074272,0.00,0.00,0.00,0.00,0.10,17.30
S142,1487074571,0.00,0.00,0.00,0.00,0.10,17.30
S142,1487074870,0.00,0.00,0.00,0.00,0.10,17.20
S142,1487075169,0.00,0.00,0.00,0.00,0.10,17.30
S142,1487075468,0.00,0.00,0.00,0.00,0.10,17.30
S142,1487075767,0.00,0.00,0.00,0.00,0.10,17.30
S142,1487076066,0.00,0.00,0.00,0.00,0.10,17.30
S142,1487076365,0.00,0.00,0.00,0.00,0.10,17.30
S142,1487076664,0.00,0.00,0.00,0.00,0.10,17.30
S142,1487076963,0.00,0.00,0.00,0.00,0.10,17.30
S142,1487077262,0.00,0.00,0.00,0.00,0.10,17.30
S142,1487077561,0.00,0.00,0.00,0.00,0.10,17.30
S142,1487077860,0.00,0.00,0.00,0.00,0.10,17.30
S142,1487078159,0.00,0.00,0.00,0.00,0.10,17.30
S142,1487078458,0.00,0.00,0.00,0.00,0.10,17.30
S142,1487078757,0.00,0.00,0.00,0.00,0.10,17.30
S142,1487079056,0.00,0.00,0.00,0.00,0.10,17.30
S142,1487079355,0.00,0.00,0.00,0.00,0.10,17.30
S142,1487079654,0.00,0.00,0.00,0.00,0.10,17.30
S142,1487079953,0.00,0.00,0.00,0.00,0.10,17.30
S142,1487080252,0.00,0.00,0.00,0.00,0.10,17.30
S142,1487080551,0.00,0.00,0.00,0.00,0.10,17.30
S142,1487080850,0.00,0.00,0.00,0.00,0.10,17.30
S142,1487081149,0.00,0.00,0.00,0.00,0.10,17.30
S142,1487081448,0.00,0.00,0.00,0.00,0.10,17.30
S142,1487081747,0.00,0.00,0.00,0.00,0.10,17.30
S142,1487082046,0.00,0.00,0.00,0.00,0.10,17.30
S142,1487082345,0.00,0.00,0.00,0.00,0.10,17.30
S142,1487082644,0.00,0.00,0.00,0.00,0.10,17.30
S142,1487082943,0.00,0.00,0.00,0.00,0.10,17.30
S142,1487083242,0.00,0.00,0.00,0.00,0.10,17.30
S142,1487083541,0.00,0.00,0.00,0.00,0.10,17.30
S142,1487083840,0.00,0.00,0.00,0.00,0.10,17.30
S142,1487084139,0.00,0.00,0.00,0.00,0.10,17.30
S142,1487084438,0.00,0.00,0.00,0.00,0.10,17.30
S142,1487084737,0.00,0.00,0.00,0.00,0.10,17.30
S142,1487085036,0.00,0.00,0.00,0.00,0.10,17.30
S142,1487085335,0.00,0.00,0.00,0.00,0.10,17.30
S142,1487085634,0.00,0.00,0.00,0.00,0.10,17.30
S142,1487085933,0.00,0.00,0.00,0.00,0.10,17.30
S142,1487086232,0.00,0.00,0.00,0.00,0.10,17.30
S142,1487086531,0.00,0.00,0.00,0.00,0.10,17.30
S142,1487086830,0.00,0.00,0.00,0.00,0.10,17.30
S142,1487087129,0.00,0.00,0.00,0.00,0.10,17.30
S142,1487087428,0.00,0.00,0.00,0.00,0.10,17.30
S142,1487087727,0.00,0.00,0.00,0.00,0.10,17.30
S142,1487088026,0.00,0.00,0.00,0.00,0.10,17.30
S142,1487088325,0.00,0.00,0.00,0.00,0.10,17.30
S142,1487088624,0.00,0.00,0.00,0.00,0.10,17.30
S142,1487088923,0.00,0.00,0.00,0.00,0.10,17.30
S142,1487089222,0.00,0.00,0.00,0.00,0.10,17.30
S142,1487089521,0.00,0.00,0.00,0.00,0.10,17.30
S142,1487089820,0.00,0.00,0.00,0.00,0.10,17.30
S142,1487090119,0.00,0.00,0.00,0.00,0.10,17.30
S142,1487090418,0.00,0.00,0.00,0.00,0.10,17.30
S142,1487090717,0.00,0.00,0.00,0.00,0.10,17.30
S142,1487091016,0.00,0.00,0.00,0.00,0.10,17.30
S142,1487091315,0.00,0.00,0.00,0.00,0.10,17.30
S142,1487091614,0.00,0.00,0.00,0.00,0.10,17.30
S142,1487091913,0.00,0.00,0.00,0.00,0.10,17.30
S142,1487092212,0.00,0.00,0.00,0.00,0.10,17.30
S142,1487092511,0.00,0.00,0.00,0.00,0.10,17.30
S142,1487092810,0.00,0.00,0.00,0.00,0.10,17.30
S142,1487093109,0.00,0.00,0.00,0.00,0.10,17.30
S142,1487093408,0.00,0.00,0.00,0.00,0.10,17.30
S142,1487093707,0.00,0.00,0.00,0.00,0.10,17.30
S142,1487094006,0.00,0.00,0.00,0.00,0.10,17.30
S142,1487094305,0.00,0.00,0.00,0.00,0.10,17.30
S142,1487094604,0.00,0.00,0.00,0.00,0.10,17.30
S142,1487094903,0.00,0.00,0.00,0.00,0.10,17.30
S142,1487095202,0.00,0.00,0.00,0.00,0.10,17.30
S142,1487095501,0.00,0.00,0.00,0.00,0.10,17.30
S142,1487095800,0.00,0.00,0.00,0.00,0.10,17.30
S142,1487096099,0.00,0.00,0.00,0.00,0.10,17.30
S142,1487096398,0.00,0.00,0.00,0.00,0.10,17.30
S142,1487096697,0.00,0.00,0.00,0.00,0.10,17.30
S142,1487096996,0.00,0.00,0.00,0.00,0.10,17.30
S142,1487097295,0.00,0.00,0.00,0.00,0.10,17.30
S142,1487097594,0.00,0.00,0.00,0.00,0.10,17.30
S142,1487097893,0.00,0.00,0.00,0.00,0.10,17.30
S142,1487098192,0.00,0.00,0.00,0.00,0.10,17.30
S142,1487098491,0.00,0.00,0.00,0.00,0.10,17.30
S142,1487098790,0.00,0.00,0.00,0.00,0.10,17.30
S142,1487099089,0.00,0.00,0.00,0.00,0.10,17.30
S142,1487099388,0.00,0.00,0.00,0.00,0.10,17.30
S142,1487099687,0.00,0.00,0.00,0.00,0.10,17.30
S142,1487099986,0.00,0.00,0.00,0.00,0.10,17.30
S142,1487100285,0.00,0.00,0.00,0.00,0.10,17.30
S142,1487100584,0.00,0.00,0.00,0.00,0.10,17.30
S142,1487100883,0.00,0.00,0.00,0.00,0.10,17.30
S142,1487101182,0.00,0.00,0.00,0.00,0.10,17.30
S142,1487101481,0.00,0.00,0.00,0.00,0.10,17.30
S142,1487101780,0.00,0.00,0.00,0.00,0.10,17.30
S142,1487102079,0.00,0.00,0.00,0.00,0.10,17.30
S142,1487102378,0.00,0.00,0.00,0.00,0.10,17.30
S142,1487102677,0.00,0.00,0.00,0.00,0.10,17.30
S142,1487102976,0.00,0.00,0.00,0.00,0.10,17.30
S142,1487103276,0.00,0.00,0.00,0.00,0.10,17.30
S142,1487103575,0.00,0.00,0.00,0.00,0.10,17.30
S142,1487103874,0.00,0.00,0.00,0.00,0.10,17.30
S142,1487104173,0.00,0.00,0.00,0.00,0.10,17.30
S142,1487104472,0.00,0.00,0.00,0.00,0.10,17.30
S142,1487104771,0.00,0.00,0.00,0.00,0.10,17.30
S142,1487105070,0.00,0.00,0.00,0.00,0.10,17.30
S142,1487105369,0.00,0.00,0.00,0.00,0.10,17.30
S142,1487105668,0.00,0.00,0.00,0.00,0.10,17.30
S142,1487105967,0.00,0.00,0.00,0.00,0.10,17.30
S142,1487106266,0.00,0.00,0.00,0.00,0.10,17.30
S142,1487106565,0.00,0.00,0.00,0.00,0.10,17.30
S142,1487106864,0.00,0.00,0.00,0.00,0.10,17.30
S142,1487107163,0.00,0.00,0.00,0.00,0.10,17.30
S142,1487107462,0.00,0.00,0.00,0.00,0.10,17.30
S142,1487107761,0.00,0.00,0.00,0.00,0.10,17.30
S142,1487108060,0.00,0.00,0.00,0.00,0.10,17.30
S142,1487108359,0.00,0.00,0.00,0.00,0.10,17.30
S142,1487108658,0.00,0.00,0.00,0.00,0.10,17.30
S142,1487108957,0.00,0.00,0.00,0.00,0.10,17.30
S142,1487109256,0.00,0.00,0.00,0.00,0.10,17.30
S142,1487109555,0.00,0.00,0.00,0.00,0.10,17.30
S142,1487109854,0.00,0.00,0.00,0.00,0.10,17.30
S142,1487110153,0.00,0.00,0.00,0.00,0.10,17.30
S142,1487110452,0.00,0.00,0.00,0.00,0.10,17.30
S142,1487110751,0.00,0.00,0.00,0.00,0.10,17.30
S142,1487111050,0.00,0.00,0.00,0.00,0.10,17.30
S142,1487111349,0.00,0.00,0.00,0.00,0.10,17.30
S142,1487111648,0.00,0.00,0.00,0.00,0.10,17.30
S142,1487111947,0.00,0.00,0.00,0.00,0.10,17.30
S142,1487112246,0.00,0.00,0.00,0.00,0.10,17.30
S142,1487112545,0.00,0.00,0.00,0.00,0.10,17.30
S142,1487112844,0.00,0.00,0.00,0.00,0.10,17.30
S142,1487113143,0.00,0.00,0.00,0.00,0.10,17.30
S142,1487113442,0.00,0.00,0.00,0.00,0.10,17.30
S142,1487113741,0.00,0.00,0.00,0.00,0.10,17.30
S142,1487114040,0.00,0.00,0.00,0.00,0.10,17.30
S142,1487114339,0.00,0.00,0.00,0.00,0.10,17.30
S142,1487114638,0.00,0.00,0.00,0.00,0.10,17.30
S142,1487114937,0.00,0.00,0.00,0.00,0.10,17.30
S142,1487115236,0.00,0.00,0.00,0.00,0.10,17.30
S142,1487115535,0.00,0.00,0.00,0.00,0.10,17.30
S142,1487115834,0.00,0.00,0.00,0.00,0.10,17.20
S142,1487116133,0.00,0.00,0.00,0.00,0.10,17.30
S142,1487116432,0.00,0.00,0.00,0.00,0.10,17.30
S142,1487116731,0.00,0.00,0.00,0.00,0.10,17.30
S142,1487117030,0.00,0.00,0.00,0.00,0.10,17.30
S142,1487117329,0.00,0.00,0.00,0.00,0.10,17.30
S142,1487117628,0.00,0.00,0.00,0.00,0.10,17.30
S142,1487117927,0.00,0.00,0.00,0.00,0.10,17.30
S142,1487118226,0.00,0.00,0.00,0.00,0.10,17.30
S142,1487118525,0.00,0.00,0.00,0.00,0.10,17.30
S142,1487118824,0.00,0.00,0.00,0.00,0.10,17.20
S142,1487119123,0.00,0.00,0.00,0.00,0.10,17.30
S142,1487119422,0.00,0.00,0.00,0.00,0.10,17.30
S142,1487119721,0.00,0.00,0.00,0.00,0.10,17.30
S142,1487120020,0.00,0.00,0.00,0.00,0.10,17.30
S142,1487120319,0.00,0.00,0.00,0.00,0.10,17.30
S142,1487120618,0.00,0.00,0.00,0.00,0.10,17.30
S142,1487120917,0.00,0.00,0.00,0.00,0.10,17.30
S142,1487121216,0.00,0.00,0.00,0.00,0.10,17.30
S142,1487121515,0.00,0.00,0.00,0.00,0.10,17.30
S142,1487121814,0.00,0.00,0.00,0.00,0.10,17.20
S142,1487122113,0.00,0.00,0.00,0.00,0.10,17.30
S142,1487122412,0.00,0.00,0.00,0.00,0.10,17.30
S142,1487122711,0.00,0.00,0.00,0.00,0.10,17.20
S142,1487123010,0.00,0.00,0.00,0.00,0.10,17.30
S142,1487123309,0.00,0.00,0.00,0.00,0.10,17.20
S142,1487123608,0.00,0.00,0.00,0.00,0.10,17.30
S142,1487123907,0.00,0.00,0.00,0.00,0.10,17.20
S142,1487124206,0.00,0.00,0.00,0.00,0.10,17.30
S142,1487124505,0.00,0.00,0.00,0.00,0.10,17.20
S142,1487124804,0.00,0.00,0.00,0.00,0.10,17.30
S142,1487125103,0.00,0.00,0.00,0.00,0.10,17.20
S142,1487125402,0.00,0.00,0.00,0.00,0.10,17.20
S142,1487125701,0.00,0.00,0.00,0.00,0.10,17.30
S142,1487126000,0.00,0.00,0.00,0.00,0.10,17.30
S142,1487126299,0.00,0.00,0.00,0.00,0.10,17.30
S142,1487126598,0.00,0.00,0.00,0.00,0.10,17.20
S142,1487126897,0.00,0.00,0.00,0.00,0.10,17.30
S142,1487127196,0.00,0.00,0.00,0.00,0.10,17.30
S142,1487127495,0.00,0.00,0.00,0.00,0.10,17.30
S142,1487127794,0.00,0.00,0.00,0.00,0.10,17.30
S142,1487128093,0.00,0.00,0.00,0.00,0.10,17.30
S142,1487128392,0.00,0.00,0.00,0.00,0.10,17.30
S142,1487128691,0.00,0.00,0.00,0.00,0.10,17.30
S142,1487128990,0.00,0.00,0.00,0.00,0.10,17.20
S142,1487129289,0.00,0.00,0.00,0.00,0.10,17.30
S142,1487129588,0.00,0.00,0.00,0.00,0.10,17.30
S142,1487129887,0.00,0.00,0.00,0.00,0.10,17.20
S142,1487130186,0.00,0.00,0.00,0.00,0.10,17.30
S142,1487130485,0.00,0.00,0.00,0.00,0.10,17.30
S142,1487130784,0.00,0.00,0.00,0.00,0.10,17.30
S142,1487131083,0.00,0.00,0.00,0.00,0.10,17.20
S142,1487131382,0.00,0.00,0.00,0.00,0.10,17.30
S142,1487131681,0.00,0.00,0.00,0.00,0.10,17.30
S142,1487131980,0.00,0.00,0.00,0.00,0.10,17.30
S142,1487132279,0.00,0.00,0.00,0.00,0.10,17.30
S142,1487132578,0.00,0.00,0.00,0.00,0.10,17.30
S142,1487132877,0.00,0.00,0.00,0.00,0.10,17.30
S142,1487133176,0.00,0.00,0.00,0.00,0.10,17.20
S142,1487133475,0.00,0.00,0.00,0.00,0.10,17.30
S142,1487133774,0.00,0.00,0.00,0.00,0.10,17.20
S142,1487134073,0.00,0.00,0.00,0.00,0.10,17.30
S142,1487134372,0.00,0.00,0.00,0.00,0.10,17.30
S142,1487134671,0.00,0.00,0.00,0.00,0.10,17.30
S142,1487134970,0.00,0.00,0.00,0.00,0.10,17.30
S142,1487135269,0.00,0.00,0.00,0.00,0.10,17.30
S142,1487135568,0.00,0.00,0.00,0.00,0.10,17.30
S142,1487135867,0.00,0.00,0.00,0.00,0.10,17.30
S142,1487136166,0.00,0.00,0.00,0.00,0.10,17.30
S142,1487136465,0.00,0.00,0.00,0.00,0.10,17.30
S142,1487136764,0.00,0.00,0.00,0.00,0.10,17.30
S142,1487137063,0.00,0.00,0.00,0.00,0.10,17.30
S142,1487137362,0.00,0.00,0.00,0.00,0.10,17.30
S142,1487137661,0.00,0.00,0.00,0.00,0.10,17.30
S142,1487137960,0.00,0.00,0.00,0.00,0.10,17.30
S142,1487138259,0.00,0.00,0.00,0.00,0.10,17.30
S142,1487138558,0.00,0.00,0.00,0.00,0.10,17.30
S142,1487138857,0.00,0.00,0.00,0.00,0.10,17.30
S142,1487139156,0.00,0.00,0.00,0.00,0.10,17.30
S142,1487139455,0.00,0.00,0.00,0.00,0.10,17.30
S142,1487139754,0.00,0.00,0.00,0.00,0.10,17.30
S142,1487140053,0.00,0.00,0.00,0.00,0.10,17.20
S142,1487140352,0.00,0.00,0.00,0.00,0.10,17.30
S142,1487140651,0.00,0.00,0.00,0.00,0.10,17.30
S142,1487140950,0.00,0.00,0.00,0.00,0.10,17.30
S142,1487141249,0.00,0.00,0.00,0.00,0.10,17.30
S142,1487141549,0.00,0.00,0.00,0.00,0.10,17.30
S142,1487141848,0.00,0.00,0.00,0.00,0.10,17.30
S142,1487142147,0.00,0.00,0.00,0.00,0.10,17.30
S142,1487142446,0.00,0.00,0.00,0.00,0.10,17.20
S142,1487142745,0.00,0.00,0.00,0.00,0.10,17.30
S142,1487143044,0.00,0.00,0.00,0.00,0.10,17.30
S142,1487143343,0.00,0.00,0.00,0.00,0.10,17.30
S142,1487143642,0.00,0.00,0.00,0.00,0.10,17.30
S142,1487143941,0.00,0.00,0.00,0.00,0.10,17.20
S142,1487144240,0.00,0.00,0.00,0.00,0.10,17.30
S142,1487144539,0.00,0.00,0.00,0.00,0.10,17.30
S142,1487144838,0.00,0.00,0.00,0.00,0.10,17.30
S142,1487145137,0.00,0.00,0.00,0.00,0.10,17.30
S142,1487145436,0.00,0.00,0.00,0.00,0.10,17.30
S142,1487145735,0.00,0.00,0.00,0.00,0.10,17.30
S142,1487146034,0.00,0.00,0.00,0.00,0.10,17.30
S142,1487146333,0.00,0.00,0.00,0.00,0.10,17.30
S142,1487146632,0.00,0.00,0.00,0.00,0.10,17.30
S142,1487146931,0.00,0.00,0.00,0.00,0.10,17.30
S142,1487147230,0.00,0.00,0.00,0.00,0.10,17.30
S142,1487147529,0.00,0.00,0.00,0.00,0.10,17.30
S142,1487147828,0.00,0.00,0.00,0.00,0.10,17.30
S142,1487148127,0.00,0.00,0.00,0.00,0.10,17.30
S142,1487148426,0.00,0.00,0.00,0.00,0.10,17.30
S142,1487148725,0.00,0.00,0.00,0.00,0.10,17.30
S142,1487149024,0.00,0.00,0.00,0.00,0.10,17.30
S142,1487149323,0.00,0.00,0.00,0.00,0.10,17.20
S142,1487149622,0.00,0.00,0.00,0.00,0.10,17.30
S142,1487149921,0.00,0.00,0.00,0.00,0.10,17.30
S142,1487150220,0.00,0.00,0.00,0.00,0.10,17.30
S142,1487150519,0.00,0.00,0.00,0.00,0.10,17.20
S142,1487150818,0.00,0.00,0.00,0.00,0.10,17.30
S142,1487151117,0.00,0.00,0.00,0.00,0.10,17.30
S142,1487151416,0.00,0.00,0.00,0.00,0.10,17.30
S142,1487151715,0.00,0.00,0.00,0.00,0.10,17.30
S142,1487152014,0.00,0.00,0.00,0.00,0.10,17.30
S142,1487152313,0.00,0.00,0.00,0.00,0.10,17.30
S142,1487152612,0.00,0.00,0.00,0.00,0.10,17.30
S142,1487152911,0.00,0.00,0.00,0.00,0.10,17.30
S142,1487153210,0.00,0.00,0.00,0.00,0.10,17.30
S142,1487153509,0.00,0.00,0.00,0.00,0.10,17.30
S142,1487153808,0.00,0.00,0.00,0.00,0.10,17.30
S142,1487154107,0.00,0.00,0.00,0.00,0.10,17.30
S142,1487154406,0.00,0.00,0.00,0.00,0.10,17.30
S142,1487154705,0.00,0.00,0.00,0.00,0.10,17.30
S142,1487155004,0.00,0.00,0.00,0.00,0.10,17.30
S142,1487155303,0.00,0.00,0.00,0.00,0.10,17.30
S142,1487155602,0.00,0.00,0.00,0.00,0.10,17.30
S142,1487155901,0.00,0.00,0.00,0.00,0.10,17.30
S142,1487156200,0.00,0.00,0.00,0.00,0.10,17.30
S142,1487156499,0.00,0.00,0.00,0.00,0.10,17.30
S142,1487156798,0.00,0.00,0.00,0.00,0.10,17.30
S142,1487157097,0.00,0.00,0.00,0.00,0.10,17.30
S142,1487157396,0.00,0.00,0.00,0.00,0.10,17.30
S142,1487157695,0.00,0.00,0.00,0.00,0.10,17.30
S142,1487157994,0.00,0.00,0.00,0.00,0.10,17.30
S142,1487158293,0.00,0.00,0.00,0.00,0.10,17.30
S142,1487158592,0.00,0.00,0.00,0.00,0.10,17.30
S142,1487158891,0.00,0.00,0.00,0.00,0.10,17.30
S142,1487159190,0.00,0.00,0.00,0.00,0.10,17.30
S142,1487159489,0.00,0.00,0.00,0.00,0.10,17.30
S142,1487159788,0.00,0.00,0.00,0.00,0.10,17.30
S142,1487160087,0.00,0.00,0.00,0.00,0.10,17.30
