Device,Time,DHT1-OUT Temp,DHT1-OUT Hum,DHT2-IN Temp,DHT2-IN Hum,Soil,Infrared
S128,1486911899,21.70,10.30,21.50,7.40,0.10,17.50
S128,1486912198,21.60,10.30,21.50,7.60,0.10,17.50
S128,1486912497,21.60,10.10,21.40,7.40,0.10,17.50
S128,1486912796,21.50,11.40,21.40,7.70,0.20,17.50
S128,1486913095,21.60,11.90,21.40,7.50,0.10,17.50
S128,1486913394,21.50,11.90,21.40,7.60,0.20,17.50
S128,1486913693,21.50,11.90,21.40,7.90,0.20,17.50
S128,1486913992,21.50,11.90,21.50,7.80,0.10,17.50
S128,1486914291,21.50,11.90,21.50,8.10,0.20,17.50
S128,1486914590,21.50,11.90,21.50,7.80,0.10,17.50
S128,1486914889,21.50,11.90,21.60,7.60,0.10,17.50
S128,1486915188,21.50,11.90,21.60,7.80,0.10,17.50
S128,1486915487,21.50,11.90,21.50,7.70,0.10,17.50
S128,1486915786,21.50,11.90,21.50,7.60,0.20,17.50
S128,1486916085,21.50,11.90,21.40,7.40,0.20,17.50
S128,1486916384,21.50,11.90,21.50,7.40,0.10,17.50
S128,1486916683,21.50,11.40,21.40,7.30,0.10,17.50
S128,1486916982,21.50,11.90,21.40,7.50,0.10,17.50
S128,1486917281,21.50,11.90,21.40,7.20,0.20,17.50
S128,1486917580,21.40,11.80,21.40,7.20,0.20,17.50
S128,1486917879,21.40,11.80,21.40,7.40,0.10,17.50
S128,1486918178,21.40,11.80,21.40,7.10,0.10,17.50
S128,1486918477,21.40,11.40,21.30,7.00,0.20,17.50
S128,1486918776,21.40,11.80,21.30,7.20,0.10,17.50
S128,1486919075,21.40,11.80,21.30,7.10,0.10,17.50
S128,1486919374,21.40,11.80,21.30,7.00,0.20,17.50
S128,1486919673,22.20,12.30,21.60,6.90,0.10,17.50
S128,1486919973,22.00,10.50,21.90,6.80,0.10,17.50
S128,1486920272,22.00,9.90,21.80,6.70,0.20,17.50
S128,1486920571,21.80,10.00,21.80,6.70,0.20,17.50
S128,1486920870,21.80,10.60,21.80,6.80,0.20,17.50
S128,1486921169,22.10,9.90,21.80,6.80,0.10,17.50
S128,1486921469,21.80,10.20,21.70,7.00,0.20,17.50
S128,1486921768,21.70,10.10,21.70,7.00,0.10,17.50
S128,1486922067,21.70,10.10,21.70,6.90,0.10,17.50
S128,1486922367,21.70,9.80,21.70,6.90,0.10,17.50
S128,1486922666,21.60,9.80,21.70,6.80,0.20,17.50
S128,1486922966,21.60,9.70,21.60,6.70,0.20,17.50
S128,1486923265,21.60,9.80,21.60,6.70,0.10,17.50
S128,1486923564,21.60,10.00,21.60,6.80,0.20,17.50
S128,1486923863,21.60,9.90,21.60,6.80,0.10,17.50
S128,1486924162,21.60,10.20,21.60,7.00,0.10,17.50
S128,1486924461,21.60,9.90,21.60,6.90,0.20,17.50
S128,1486924761,21.50,9.80,21.60,6.70,0.20,17.50
S128,1486925060,21.50,9.60,21.50,6.70,0.10,17.50
S128,1486925359,21.50,9.80,21.50,6.70,0.10,17.50
S128,1486925658,21.50,10.00,21.60,6.90,0.10,17.50
S128,1486925958,21.50,10.00,21.60,7.00,0.10,17.50
S128,1486926257,21.50,9.90,21.60,6.90,0.20,17.50
S128,1486926557,21.50,9.80,21.60,6.80,0.10,17.50
S128,1486926856,21.50,9.60,21.60,6.60,0.10,17.50
S128,1486927155,21.40,9.60,21.50,6.70,0.10,17.50
S128,1486927454,21.50,9.80,21.50,6.70,0.10,17.50
S128,1486927753,21.40,9.70,21.50,6.80,0.20,17.60
S128,1486928052,21.50,9.90,21.50,6.70,0.10,17.50
S128,1486928352,21.50,9.60,21.50,6.60,0.10,17.50
S128,1486928651,21.40,9.40,21.50,6.60,0.10,17.50
S128,1486928950,21.40,9.50,21.50,6.60,0.10,17.50
S128,1486929249,21.40,9.50,21.50,6.60,0.20,17.50
S128,1486929548,21.40,9.70,21.50,6.60,0.10,17.50
S128,1486929847,21.40,9.90,21.50,6.70,0.10,17.50
S128,1486930146,21.40,9.90,21.50,6.90,0.10,17.50
S128,1486930445,21.50,9.80,21.50,6.70,0.20,17.50
S128,1486930745,21.50,9.70,21.50,6.70,0.20,17.50
S128,1486931044,21.40,9.50,21.40,6.50,0.20,17.50
S128,1486931343,21.40,9.60,21.40,6.50,0.20,17.50
S128,1486931642,21.40,9.70,21.50,6.70,0.10,17.50
S128,1486931941,21.40,9.80,21.50,6.80,0.10,17.50
S128,1486932240,21.40,9.80,21.50,6.90,0.10,17.50
S128,1486932540,21.50,9.70,21.50,6.80,0.20,17.50
S128,1486932839,21.50,9.60,21.50,6.60,0.20,17.50
S128,1486933138,21.40,9.40,21.50,6.60,0.20,17.50
S128,1486933437,21.40,9.60,21.40,6.50,0.10,17.50
S128,1486933736,21.40,9.60,21.40,6.60,0.10,17.50
S128,1486934035,21.40,9.80,21.40,6.70,0.10,17.50
S128,1486934334,21.40,9.90,21.40,6.80,0.20,17.50
S128,1486934633,21.40,9.50,21.30,6.60,0.10,17.50
S128,1486934932,21.30,9.50,21.30,6.60,0.10,17.50
S128,1486935231,21.30,9.50,21.20,6.60,0.20,17.50
S128,1486935530,21.20,9.60,21.10,6.50,0.10,17.50
S128,1486935829,21.10,9.50,21.00,6.50,0.10,17.50
S128,1486936129,21.10,9.60,20.90,6.60,0.10,17.50
S128,1486936428,21.00,9.70,20.80,7.20,0.10,17.50
S128,1486936727,20.90,9.80,20.70,6.70,0.10,17.50
S128,1486937026,20.80,10.00,20.70,6.90,0.20,17.50
S128,1486937325,20.70,10.10,20.60,6.90,0.10,17.50
S128,1486937624,20.70,10.30,20.50,7.00,0.10,17.50
S128,1486937923,20.60,10.50,20.50,7.20,0.10,17.50
S128,1486938222,20.60,10.90,20.50,7.40,0.10,17.50
S128,1486938521,20.60,11.30,20.50,7.50,0.10,17.50
S128,1486938820,20.50,11.20,20.50,7.60,0.10,17.50
S128,1486939119,20.50,11.20,20.50,7.70,0.10,17.50
S128,1486939418,20.50,11.20,20.50,7.70,0.20,17.50
S128,1486939717,20.50,11.20,20.50,7.80,0.10,17.50
S128,1486940016,20.50,11.20,20.40,7.70,0.20,17.50
S128,1486940316,20.40,11.10,20.40,7.80,0.10,17.50
S128,1486940615,20.40,11.10,20.40,7.80,0.10,17.50
S128,1486940914,20.40,11.10,20.30,7.80,0.10,17.50
S128,1486941213,20.40,11.10,20.30,7.90,0.10,17.50
S128,1486941512,20.30,11.10,20.30,8.00,0.10,17.50
S128,1486941811,20.30,11.10,20.20,8.10,0.20,17.50
S128,1486942110,20.30,11.10,20.20,8.20,0.10,17.50
S128,1486942409,20.30,11.10,20.20,8.20,0.10,17.50
S128,1486942708,20.20,11.00,20.20,8.40,0.20,17.50
S128,1486943007,20.20,11.00,20.10,8.30,0.10,17.50
S128,1486943306,20.10,10.90,20.10,8.30,0.10,17.50
S128,1486943605,20.10,10.90,20.00,8.20,0.10,17.50
S128,1486943904,20.10,10.90,20.00,8.20,0.20,17.50
S128,1486944203,20.10,10.90,20.00,8.30,0.10,17.50
S128,1486944502,20.00,10.80,20.00,8.40,0.10,17.50
S128,1486944801,20.00,10.90,19.90,8.40,0.10,17.50
S128,1486945100,19.90,11.00,19.80,8.40,0.20,17.50
S128,1486945399,19.90,11.10,19.80,8.50,0.20,17.50
S128,1486945698,19.90,11.30,19.70,8.50,0.10,17.50
S128,1486945997,19.80,11.40,19.70,8.60,0.20,17.50
S128,1486946296,19.80,11.40,19.70,8.70,0.10,17.50
S128,1486946595,19.70,11.50,19.60,8.70,0.10,17.50
S128,1486946894,19.70,11.60,19.60,8.70,0.20,17.50
S128,1486947193,19.70,11.70,19.60,8.80,0.10,17.50
S128,1486947492,19.60,11.60,19.50,8.70,0.10,17.50
S128,1486947791,19.60,11.70,19.50,8.70,0.10,17.50
S128,1486948090,19.60,11.70,19.50,8.80,0.10,17.50
S128,1486948389,19.50,11.70,19.50,8.80,0.10,17.50
S128,1486948688,19.50,11.70,19.40,8.80,0.10,17.50
S128,1486948987,19.50,11.80,19.40,8.80,0.20,17.50
S128,1486949286,19.40,11.70,19.40,8.80,0.10,17.50
S128,1486949585,19.40,11.80,19.30,8.70,0.10,17.50
S128,1486949884,19.40,11.80,19.30,8.80,0.10,17.50
S128,1486950184,19.30,11.80,19.30,8.80,0.20,17.50
S128,1486950483,19.30,11.80,19.30,8.90,0.20,17.50
S128,1486950782,19.30,11.90,19.20,8.80,0.20,17.50
S128,1486951081,19.30,12.00,19.20,8.90,0.10,17.50
S128,1486951380,19.30,12.20,19.20,9.00,0.10,17.50
S128,1486951679,19.20,12.30,19.20,9.20,0.10,17.50
S128,1486951978,19.20,12.30,19.20,9.20,0.10,17.50
S128,1486952277,19.20,12.40,19.10,9.20,0.10,17.50
S128,1486952576,19.20,12.40,19.20,9.30,0.20,17.50
S128,1486952875,19.10,12.30,19.10,9.30,0.10,17.50
S128,1486953174,19.10,12.30,19.10,9.20,0.10,17.50
S128,1486953473,19.10,12.30,19.10,9.20,0.20,17.50
S128,1486953772,19.10,12.30,19.00,9.10,0.10,17.50
S128,1486954071,19.10,12.40,19.00,9.20,0.20,17.50
S128,1486954370,19.00,12.30,19.00,9.20,0.10,17.50
S128,1486954669,19.00,12.20,19.00,9.20,0.20,17.50
S128,1486954968,19.00,12.20,19.00,9.20,0.10,17.50
S128,1486955267,19.00,12.20,18.90,9.00,0.20,17.50
S128,1486955566,18.90,12.20,18.90,9.00,0.10,17.50
S128,1486955865,18.90,12.30,18.90,9.10,0.10,17.50
S128,1486956164,18.90,12.30,18.90,9.20,0.20,17.50
S128,1486956463,18.90,12.30,18.90,9.20,0.10,17.50
S128,1486956762,18.90,12.30,18.80,9.10,0.10,17.50
S128,1486957061,18.80,12.20,18.80,9.10,0.10,17.50
S128,1486957360,18.80,12.20,18.80,9.10,0.10,17.50
S128,1486957659,18.80,12.20,18.80,9.00,0.20,17.50
S128,1486957958,18.80,12.20,18.80,9.10,0.10,17.50
S128,1486958257,18.80,12.10,18.80,9.10,0.10,17.50
S128,1486958556,18.80,12.20,18.80,9.10,0.20,17.50
S128,1486958855,18.80,12.30,18.80,9.20,0.10,17.50
S128,1486959154,18.70,12.30,18.80,9.20,0.10,17.50
S128,1486959453,18.80,12.40,18.80,9.20,0.10,17.50
S128,1486959752,18.70,12.30,18.90,9.20,0.20,17.50
S128,1486960051,18.80,12.30,18.90,9.10,0.10,17.50
S128,1486960350,18.80,12.20,18.90,9.00,0.20,17.50
S128,1486960649,18.80,12.10,18.90,9.00,0.20,17.50
S128,1486960948,18.80,12.10,19.00,9.00,0.10,17.50
S128,1486961247,18.80,12.00,18.90,8.80,0.10,17.50
S128,1486961546,18.80,11.90,18.90,8.80,0.10,17.50
S128,1486961845,18.80,11.90,18.80,8.70,0.20,17.50
S128,1486962144,18.80,11.80,18.80,8.70,0.20,17.50
S128,1486962443,18.80,11.70,18.80,8.70,0.10,17.50
S128,1486962742,18.80,11.70,18.70,8.60,0.10,17.50
S128,1486963041,18.70,11.70,18.70,8.60,0.20,17.50
S128,1486963340,18.70,11.70,18.70,8.60,0.20,17.50
S128,1486963639,18.70,11.90,18.80,8.80,0.10,17.50
S128,1486963938,18.70,12.00,18.90,8.90,0.10,17.50
S128,1486964237,18.80,12.10,19.00,9.00,0.20,17.50
S128,1486964536,18.80,12.10,19.00,9.10,0.20,17.50
S128,1486964835,18.90,12.20,19.00,9.10,0.10,17.50
S128,1486965134,18.90,12.20,19.10,9.20,0.10,17.50
S128,1486965433,18.90,12.20,19.10,9.20,0.10,17.50
S128,1486965732,19.00,12.30,19.20,9.20,0.20,17.50
S128,1486966031,19.00,12.20,19.20,9.20,0.10,17.50
S128,1486966330,19.10,12.30,19.20,9.20,0.20,17.50
S128,1486966629,19.10,12.30,19.30,9.20,0.10,17.50
S128,1486966928,19.20,12.30,19.30,9.20,0.10,17.50
S128,1486967227,19.20,12.30,19.30,9.20,0.20,17.50
S128,1486967526,19.30,12.30,19.40,9.30,0.20,17.50
S128,1486967825,19.30,12.30,19.40,9.30,0.10,17.50
S128,1486968124,19.30,12.20,19.40,9.20,0.20,17.50
S128,1486968423,19.40,12.30,19.50,9.20,0.10,17.50
S128,1486968722,19.40,12.20,19.50,9.20,0.10,17.50
S128,1486969021,19.40,12.10,19.50,9.20,0.10,17.50
S128,1486969320,19.50,12.20,19.60,9.30,0.10,17.50
S128,1486969619,19.50,12.10,19.60,9.20,0.10,17.50
S128,1486969918,19.60,12.10,19.60,9.20,0.20,17.50
S128,1486970217,19.60,12.10,19.70,9.20,0.10,17.50
S128,1486970516,19.60,12.00,19.70,9.20,0.10,17.50
S128,1486970815,19.70,12.20,19.70,9.20,0.10,17.50
S128,1486971114,19.70,12.00,19.70,9.10,0.10,17.50
S128,1486971413,19.70,11.90,19.80,9.20,0.20,17.50
S128,1486971712,19.80,11.90,19.80,9.10,0.10,17.50
S128,1486972011,19.80,12.00,19.80,9.00,0.20,17.50
S128,1486972310,19.80,11.80,19.80,8.90,0.20,17.50
S128,1486972609,19.80,11.70,19.90,9.00,0.10,17.50
S128,1486972908,19.80,11.70,19.90,8.80,0.20,17.50
S128,1486973207,19.90,12.00,19.90,8.90,0.20,17.50
S128,1486973506,19.90,11.90,19.90,8.90,0.20,17.50
S128,1486973805,19.90,11.90,20.00,9.00,0.20,17.50
S128,1486974104,19.90,11.90,20.00,8.80,0.20,17.50
S128,1486974403,20.00,11.60,20.00,8.90,0.10,17.50
S128,1486974702,20.00,11.60,20.00,8.90,0.20,17.50
S128,1486975001,20.00,11.70,20.00,8.80,0.10,17.50
S128,1486975300,20.00,11.30,20.10,8.90,0.20,17.50
S128,1486975599,20.10,11.60,20.10,8.90,0.10,17.50
S128,1486975898,20.10,11.60,20.10,8.90,0.10,17.50
S128,1486976197,20.10,11.40,20.20,8.90,0.20,17.50
S128,1486976496,20.20,11.40,20.20,8.90,0.10,17.50
S128,1486976795,20.20,11.10,20.30,8.90,0.10,17.50
S128,1486977094,20.50,12.40,20.40,10.20,0.10,17.50
S128,1486977393,20.40,12.20,20.40,8.50,0.20,17.50
S128,1486977692,20.40,12.10,20.40,8.50,0.10,17.50
S128,1486977991,20.40,12.10,20.50,8.60,0.20,17.50
S128,1486978290,20.40,12.10,20.50,8.50,0.20,17.50
S128,1486978589,20.40,12.10,20.50,8.40,0.10,17.50
S128,1486978888,20.40,12.00,20.50,8.40,0.10,17.50
S128,1486979187,20.40,12.00,20.50,8.40,0.20,17.50
S128,1486979486,20.40,12.00,20.50,8.40,0.10,17.50
S128,1486979785,20.40,12.10,20.60,8.30,0.20,17.50
S128,1486980084,20.40,12.10,20.60,8.20,0.10,17.50
S128,1486980383,20.40,12.00,20.60,8.30,0.10,17.50
S128,1486980682,20.50,12.10,20.60,8.30,0.20,17.50
S128,1486980981,20.40,12.00,20.70,8.30,0.10,17.50
S128,1486981280,20.50,12.00,20.70,8.30,0.20,17.50
S128,1486981579,20.50,12.10,20.80,8.30,0.20,17.50
S128,1486981878,20.50,12.00,20.80,8.10,0.10,17.50
S128,1486982177,20.50,11.90,20.80,8.10,0.10,17.50
S128,1486982476,20.60,12.30,20.80,8.80,0.10,17.50
S128,1486982775,20.60,12.70,20.90,8.30,0.10,17.50
S128,1486983074,20.70,12.80,20.90,8.30,0.10,17.50
S128,1486983373,20.70,11.70,21.00,8.40,0.20,17.50
S128,1486983672,20.70,11.30,21.00,8.20,0.10,17.50
S128,1486983971,20.80,11.40,21.00,8.20,0.20,17.50
S128,1486984270,20.80,11.40,21.10,8.50,0.20,17.50
S128,1486984569,20.80,11.40,21.10,8.20,0.20,17.50
S128,1486984868,20.80,11.40,21.10,8.20,0.20,17.50
S128,1486985167,20.80,11.40,21.10,8.10,0.10,17.50
S128,1486985466,20.90,11.40,21.10,7.80,0.20,17.50
S128,1486985765,20.90,11.40,21.10,8.00,0.10,17.50
S128,1486986064,20.90,11.40,21.10,7.90,0.10,17.50
S128,1486986363,20.90,11.40,21.10,8.10,0.10,17.50
S128,1486986662,20.90,11.40,21.10,8.00,0.10,17.50
S128,1486986961,20.90,11.40,21.10,7.80,0.20,17.50
S128,1486987260,21.00,11.50,21.10,8.00,0.10,17.50
S128,1486987559,21.00,11.50,21.10,7.90,0.10,17.50
S128,1486987858,21.00,11.50,21.20,7.60,0.10,17.50
S128,1486988157,21.00,11.50,21.20,7.90,0.20,17.50
S128,1486988457,21.00,11.50,21.20,7.90,0.10,17.50
S128,1486988756,21.00,11.50,21.20,7.90,0.20,17.50
S128,1486989055,21.00,11.50,21.20,7.90,0.20,17.50
S128,1486989354,21.00,11.50,21.20,7.80,0.20,17.50
S128,1486989653,21.00,11.50,21.20,8.10,0.10,17.50
S128,1486989952,21.10,11.60,21.20,7.90,0.10,17.50
S128,1486990251,21.10,11.60,21.20,7.90,0.20,17.50
S128,1486990550,21.10,11.60,21.30,7.90,0.20,17.50
S128,1486990849,21.10,11.60,21.30,8.00,0.20,17.50
S128,1486991148,21.10,11.60,21.30,7.50,0.20,17.50
S128,1486991447,21.10,11.60,21.20,7.10,0.10,17.50
S128,1486991746,21.10,11.60,21.20,7.30,0.10,17.50
S128,1486992045,21.10,11.60,21.20,7.30,0.10,17.50
S128,1486992344,21.10,11.60,21.20,7.10,0.10,17.50
S128,1486992643,21.10,11.60,21.20,7.40,0.10,17.50
S128,1486992942,21.10,11.60,21.30,7.60,0.10,17.50
S128,1486993241,21.10,11.60,21.30,7.50,0.20,17.50
S128,1486993540,21.10,11.60,21.30,7.40,0.10,17.50
S128,1486993839,21.10,11.60,21.30,7.00,0.20,17.50
S128,1486994138,21.10,11.60,21.30,7.20,0.20,17.50
S128,1486994437,21.20,11.70,21.30,7.20,0.20,17.50
S128,1486994736,21.10,11.10,21.20,7.00,0.10,17.50
S128,1486995035,21.10,11.60,21.30,7.30,0.10,17.50
S128,1486995334,21.10,11.60,21.20,7.30,0.10,17.50
S128,1486995633,21.20,11.70,21.20,7.30,0.20,17.50
S128,1486995932,21.10,11.60,21.20,7.30,0.20,17.50
S128,1486996231,21.10,11.60,21.30,7.20,0.10,17.50
S128,1486996530,21.10,11.60,21.20,7.20,0.10,17.50
S128,1486996829,21.10,11.60,21.20,7.10,0.20,17.50
S128,1486997128,21.10,11.60,21.20,7.10,0.20,17.50
S128,1486997427,21.10,11.60,21.30,7.00,0.20,17.50
S128,1486997726,21.20,11.20,21.30,6.90,0.10,17.50
S128,1486998025,21.20,11.70,21.30,6.70,0.10,17.50
S128,1486998324,21.10,10.50,21.30,6.70,0.10,17.50
S128,1486998623,21.20,10.80,21.30,6.70,0.20,17.50
S128,1486998922,21.20,10.80,21.30,6.70,0.10,17.50
S128,1486999221,21.20,10.50,21.30,6.60,0.20,17.50
S128,1486999520,21.20,10.90,21.30,6.70,0.10,17.50
S128,1486999819,21.20,11.00,21.30,6.60,0.10,17.50
S128,1487000118,21.20,11.00,21.30,6.60,0.20,17.50
S128,1487000417,21.20,10.70,21.30,6.60,0.10,17.50
S128,1487000716,21.20,10.50,21.30,6.70,0.10,17.50
S128,1487001015,21.20,11.20,21.30,6.60,0.10,17.50
S128,1487001314,21.20,10.60,21.30,6.50,0.10,17.50
S128,1487001613,21.20,10.60,21.30,6.60,0.10,17.50
S128,1487001912,21.20,10.80,21.30,6.80,0.20,17.50
S128,1487002211,21.20,11.00,21.30,6.70,0.20,17.50
S128,1487002510,21.20,11.00,21.30,6.60,0.20,17.50
S128,1487002809,21.20,10.70,21.30,6.50,0.10,17.50
S128,1487003108,21.20,10.20,21.30,6.60,0.10,17.50
S128,1487003407,21.20,10.50,21.20,6.50,0.10,17.50
S128,1487003706,21.20,10.60,21.20,6.60,0.10,17.50
S128,1487004005,21.20,10.50,21.30,6.70,0.10,17.50
S128,1487004304,21.20,10.70,21.30,6.80,0.10,17.50
S128,1487004603,21.20,10.70,21.30,6.70,0.10,17.50
S128,1487004902,21.20,10.80,21.40,6.80,0.20,17.50
S128,1487005201,21.20,10.80,21.40,6.70,0.10,17.50
S128,1487005500,21.20,10.70,21.40,6.90,0.20,17.50
S128,1487005799,21.20,10.70,21.40,6.50,0.20,17.50
S128,1487006098,21.20,10.60,21.30,6.40,0.20,17.50
S128,1487006397,21.20,10.80,21.30,6.60,0.10,17.50
S128,1487006696,21.20,10.80,21.40,6.90,0.10,17.50
S128,1487006995,21.20,10.80,21.40,6.80,0.20,17.50
S128,1487007294,21.30,10.80,21.40,6.70,0.10,17.50
S128,1487007593,21.20,10.50,21.30,6.70,0.20,17.50
S128,1487007892,21.30,10.50,21.30,6.70,0.10,17.50
S128,1487008191,21.30,10.70,21.30,6.70,0.20,17.50
S128,1487008490,21.20,10.90,21.30,6.80,0.20,17.50
S128,1487008789,21.20,11.00,21.30,6.70,0.20,17.50
S128,1487009088,21.20,10.90,21.30,6.80,0.10,17.50
S128,1487009387,21.20,10.80,21.30,6.70,0.20,17.50
S128,1487009686,21.20,11.00,21.30,6.80,0.10,17.50
S128,1487009985,21.20,11.00,21.30,7.00,0.20,17.50
S128,1487010284,21.20,11.10,21.30,7.10,0.10,17.50
S128,1487010583,21.20,11.10,21.30,7.00,0.20,17.50
S128,1487010882,21.20,11.10,21.30,6.90,0.20,17.50
S128,1487011181,21.20,10.80,21.30,6.70,0.20,17.50
S128,1487011480,21.20,10.80,21.20,6.70,0.10,17.50
S128,1487011779,21.20,10.90,21.20,6.80,0.10,17.50
S128,1487012078,21.20,10.80,21.30,6.90,0.20,17.50
S128,1487012377,21.20,11.20,21.30,6.90,0.20,17.50
S128,1487012676,21.20,10.70,21.30,6.90,0.20,17.50
S128,1487012975,21.20,10.90,21.20,6.60,0.10,17.50
S128,1487013274,21.20,10.60,21.20,6.70,0.10,17.50
S128,1487013573,21.20,10.70,21.20,6.80,0.20,17.50
S128,1487013872,21.20,10.80,21.30,6.70,0.20,17.50
S128,1487014171,21.20,10.60,21.40,6.90,0.20,17.50
S128,1487014470,21.20,10.50,21.50,6.90,0.20,17.50
S128,1487014769,21.20,10.30,21.50,6.70,0.10,17.50
S128,1487015068,21.20,10.40,21.50,6.50,0.10,17.50
S128,1487015367,21.30,10.30,21.60,6.50,0.10,17.50
S128,1487015666,21.30,10.20,21.50,6.50,0.20,17.50
S128,1487015966,21.30,10.50,21.50,6.50,0.10,17.50
S128,1487016265,21.30,10.50,21.40,6.40,0.20,17.50
S128,1487016564,21.30,11.00,21.50,6.80,0.20,17.50
S128,1487016863,21.30,10.40,21.50,6.50,0.10,17.50
S128,1487017162,21.30,10.00,21.50,6.60,0.10,17.50
S128,1487017461,21.30,10.20,21.60,6.60,0.20,17.50
S128,1487017760,21.30,10.30,21.60,6.50,0.10,17.50
S128,1487018059,21.30,10.20,21.60,6.70,0.20,17.50
S128,1487018358,21.40,10.50,21.50,6.60,0.10,17.50
S128,1487018657,21.40,10.50,21.50,6.60,0.20,17.50
S128,1487018956,21.30,10.60,21.40,6.40,0.20,17.50
S128,1487019255,21.30,10.10,21.40,6.60,0.20,17.50
S128,1487019554,21.30,10.30,21.30,6.30,0.20,17.50
S128,1487019853,21.30,10.10,21.30,6.30,0.20,17.50
S128,1487020152,21.30,10.20,21.40,6.60,0.20,17.50
S128,1487020451,21.30,10.20,21.40,6.70,0.10,17.50
S128,1487020750,21.30,10.30,21.30,6.20,0.10,17.50
S128,1487021049,21.30,9.70,21.10,6.20,0.20,17.50
S128,1487021348,21.30,9.80,20.80,6.10,0.20,17.50
S128,1487021647,21.20,9.70,20.60,6.20,0.10,17.50
S128,1487021946,21.10,9.50,20.50,6.20,0.10,17.50
S128,1487022245,21.10,9.30,20.40,6.20,0.10,17.50
S128,1487022544,21.00,9.70,20.30,6.30,0.20,17.50
S128,1487022843,20.90,9.50,20.20,6.30,0.10,17.50
S128,1487023142,20.90,9.50,20.10,6.40,0.10,17.50
S128,1487023441,20.80,9.40,20.00,6.40,0.20,17.50
S128,1487023740,20.70,9.20,19.90,6.40,0.20,17.50
S128,1487024039,20.60,9.10,19.80,6.40,0.10,17.50
S128,1487024338,20.50,9.10,19.70,6.50,0.20,17.50
S128,1487024637,20.50,9.30,19.60,6.40,0.20,17.50
S128,1487024936,20.40,9.30,19.60,6.60,0.20,17.50
S128,1487025235,20.30,9.60,19.50,6.70,0.20,17.50
S128,1487025534,20.30,9.80,19.40,6.80,0.10,17.50
S128,1487025833,20.20,10.00,19.40,6.90,0.10,17.50
S128,1487026132,20.10,10.00,19.30,7.00,0.10,17.50
S128,1487026431,20.10,10.00,19.30,7.20,0.20,17.50
S128,1487026731,20.00,10.10,19.30,7.20,0.10,17.50
S128,1487027030,20.00,10.30,19.20,7.30,0.10,17.50
S128,1487027329,19.90,10.80,19.20,7.30,0.20,17.50
S128,1487027628,19.80,10.70,19.10,7.40,0.20,17.50
S128,1487027927,19.80,10.70,19.10,7.50,0.20,17.50
S128,1487028226,19.70,10.70,19.10,7.60,0.10,17.50
S128,1487028525,19.70,10.70,19.10,7.60,0.10,17.50
S128,1487028824,19.60,10.60,19.00,7.50,0.10,17.50
S128,1487029123,19.60,10.60,18.90,7.60,0.10,17.50
S128,1487029422,19.50,10.50,18.90,7.60,0.10,17.50
S128,1487029721,19.50,10.50,18.90,7.70,0.10,17.50
S128,1487030020,19.40,10.50,18.80,7.70,0.10,17.50
S128,1487030319,19.40,10.50,18.90,7.80,0.20,17.50
S128,1487030618,19.40,10.50,18.90,7.80,0.10,17.50
S128,1487030917,19.30,10.40,18.90,7.80,0.20,17.50
S128,1487031216,19.30,10.40,18.90,7.80,0.10,17.50
S128,1487031515,19.30,10.40,18.90,7.80,0.10,17.50
S128,1487031814,19.30,10.40,18.90,7.90,0.20,17.50
S128,1487032113,19.30,10.40,18.90,7.90,0.10,17.50
S128,1487032412,19.20,10.30,18.80,7.80,0.20,17.50
S128,1487032711,19.20,10.30,18.80,7.90,0.20,17.50
S128,1487033010,19.20,10.30,18.80,7.90,0.20,17.50
S128,1487033309,19.10,10.20,18.80,7.90,0.10,17.50
S128,1487033608,19.10,10.20,18.70,7.90,0.10,17.50
S128,1487033907,19.10,10.20,18.60,7.90,0.20,17.50
S128,1487034206,19.00,10.20,18.60,8.00,0.10,17.50
S128,1487034505,19.00,10.20,18.50,8.00,0.20,17.50
S128,1487034804,19.00,10.20,18.50,8.00,0.10,17.50
S128,1487035103,18.90,10.10,18.40,8.00,0.20,17.50
S128,1487035402,18.90,10.10,18.40,8.10,0.20,17.50
S128,1487035701,18.90,10.10,18.40,8.10,0.10,17.50
S128,1487036000,18.80,10.60,18.30,8.10,0.10,17.50
S128,1487036299,18.80,10.60,18.30,8.10,0.20,17.50
S128,1487036598,18.80,10.40,18.30,8.20,0.20,17.50
S128,1487036897,18.70,10.50,18.30,8.20,0.10,17.50
S128,1487037196,18.70,10.50,18.30,8.20,0.20,17.50
S128,1487037495,18.70,10.70,18.30,8.30,0.20,17.50
S128,1487037794,18.70,10.80,18.30,8.30,0.20,17.50
S128,1487038093,18.60,10.70,18.20,8.30,0.20,17.50
S128,1487038392,18.60,10.80,18.20,8.30,0.20,17.50
S128,1487038691,18.60,10.80,18.20,8.30,0.20,17.50
S128,1487038990,18.60,10.80,18.20,8.30,0.20,17.50
S128,1487039289,18.60,11.00,18.10,8.40,0.10,17.50
S128,1487039588,18.50,10.70,18.10,8.40,0.10,17.50
S128,1487039887,18.50,10.90,18.10,8.40,0.10,17.50
S128,1487040186,18.50,10.90,18.10,8.40,0.10,17.50
S128,1487040485,18.50,11.10,18.10,8.50,0.10,17.50
S128,1487040784,18.50,11.10,18.10,8.50,0.20,17.50
S128,1487041083,18.40,11.20,18.00,8.50,0.20,17.50
S128,1487041382,18.40,11.10,18.00,8.50,0.20,17.50
S128,1487041681,18.40,11.10,18.00,8.50,0.20,17.50
S128,1487041980,18.40,11.20,18.00,8.60,0.10,17.50
S128,1487042279,18.40,11.30,18.00,8.60,0.10,17.50
S128,1487042578,18.30,11.30,17.90,8.60,0.10,17.50
S128,1487042877,18.30,11.40,17.90,8.60,0.20,17.50
S128,1487043176,18.30,11.30,17.90,8.70,0.10,17.50
S128,1487043475,18.30,11.30,17.90,8.70,0.10,17.50
S128,1487043774,18.20,11.30,17.90,8.70,0.10,17.50
S128,1487044073,18.20,11.40,17.90,8.80,0.20,17.50
S128,1487044372,18.20,11.60,17.90,8.80,0.10,17.50
S128,1487044671,18.20,11.60,17.90,8.80,0.10,17.50
S128,1487044970,18.20,11.50,17.80,8.80,0.10,17.50
S128,1487045269,18.20,11.70,17.80,8.80,0.10,17.50
S128,1487045568,18.20,11.70,17.80,8.90,0.10,17.50
S128,1487045867,18.10,11.60,17.80,8.90,0.10,17.50
S128,1487046166,18.10,11.60,17.80,8.90,0.10,17.50
S128,1487046465,18.10,11.60,17.80,9.00,0.20,17.50
S128,1487046764,18.10,11.70,17.80,9.00,0.10,17.50
S128,1487047063,18.10,11.80,17.80,9.10,0.10,17.50
S128,1487047362,18.10,11.80,17.70,9.00,0.20,17.50
S128,1487047661,18.10,11.60,17.70,9.00,0.10,17.50
S128,1487047960,18.00,11.70,17.70,9.00,0.10,17.50
S128,1487048259,18.00,11.70,17.70,9.00,0.10,17.50
S128,1487048558,18.00,11.90,17.70,9.00,0.20,17.50
S128,1487048857,18.00,11.80,17.70,9.00,0.20,17.50
S128,1487049156,18.00,11.80,17.70,9.00,0.10,17.50
S128,1487049455,18.00,12.00,17.70,9.00,0.10,17.50
S128,1487049754,18.00,12.20,17.90,9.10,0.20,17.50
S128,1487050053,18.00,12.20,18.00,9.10,0.10,17.50
S128,1487050352,18.00,12.30,18.10,9.10,0.20,17.50
S128,1487050651,18.10,12.50,18.20,9.00,0.10,17.50
S128,1487050950,18.10,12.50,18.30,9.00,0.20,17.50
S128,1487051249,18.10,12.50,18.40,9.10,0.10,17.50
S128,1487051548,18.10,12.60,18.50,9.00,0.10,17.50
S128,1487051847,18.20,12.60,18.50,8.90,0.20,17.50
S128,1487052146,18.30,12.70,18.60,9.00,0.10,17.50
S128,1487052445,18.30,12.60,18.60,8.90,0.10,17.50
S128,1487052744,18.30,12.60,18.70,9.00,0.20,17.50
S128,1487053043,18.40,12.70,18.70,9.00,0.10,17.50
S128,1487053342,18.40,12.70,18.70,9.00,0.10,17.50
S128,1487053641,18.50,12.80,18.80,9.10,0.20,17.50
S128,1487053940,18.50,12.80,18.80,9.00,0.10,17.50
S128,1487054239,18.50,12.80,18.90,9.00,0.20,17.50
S128,1487054538,18.60,12.80,18.90,9.00,0.20,17.50
S128,1487054837,18.60,12.80,19.00,9.00,0.10,17.50
S128,1487055136,18.70,12.80,19.00,9.00,0.20,17.50
S128,1487055435,18.70,12.80,19.00,9.00,0.10,17.50
S128,1487055734,18.70,12.80,19.10,9.00,0.10,17.50
S128,1487056033,18.80,12.80,19.10,9.00,0.20,17.50
S128,1487056332,18.80,12.80,19.10,9.00,0.10,17.50
S128,1487056631,18.90,12.90,19.20,9.10,0.10,17.50
S128,1487056930,18.90,12.80,19.20,9.10,0.10,17.50
S128,1487057229,18.90,12.80,19.20,9.10,0.20,17.50
S128,1487057528,19.00,12.90,19.30,9.10,0.20,17.50
S128,1487057827,19.00,12.90,19.30,9.10,0.20,17.50
S128,1487058126,19.00,12.80,19.40,9.20,0.10,17.50
S128,1487058425,19.10,12.90,19.40,9.10,0.20,17.50
S128,1487058724,19.10,12.90,19.40,9.10,0.10,17.50
S128,1487059023,19.10,12.90,19.40,9.10,0.20,17.50
S128,1487059322,19.20,12.90,19.50,9.10,0.20,17.50
S128,1487059621,19.20,12.90,19.50,9.10,0.20,17.50
S128,1487059920,19.30,13.00,19.60,9.00,0.10,17.50
S128,1487060219,19.30,12.90,19.60,9.10,0.10,17.50
S128,1487060518,19.30,12.90,19.60,9.10,0.10,17.50
S128,1487060817,19.40,12.90,19.60,9.00,0.10,17.50
S128,1487061116,19.40,12.90,19.70,9.10,0.20,17.50
S128,1487061415,19.40,12.90,19.70,9.00,0.10,17.50
S128,1487061714,19.50,13.00,19.70,9.20,0.10,17.50
S128,1487062013,19.50,12.90,19.80,9.10,0.20,17.50
S128,1487062312,19.50,12.90,19.80,9.20,0.20,17.50
S128,1487062611,19.50,12.90,19.90,9.20,0.20,17.50
S128,1487062910,19.60,12.80,20.00,9.10,0.20,17.50
S128,1487063209,19.60,12.90,20.00,9.20,0.10,17.50
S128,1487063508,19.70,12.90,20.10,9.00,0.20,17.50
S128,1487063807,19.70,12.80,20.20,9.00,0.10,17.50
S128,1487064106,19.80,12.80,20.20,8.90,0.10,17.50
S128,1487064405,19.80,12.60,20.30,8.90,0.20,17.50
S128,1487064704,19.90,12.70,20.30,8.80,0.20,17.50
S128,1487065004,19.90,12.60,20.40,8.80,0.20,17.50
S128,1487065303,20.00,12.50,20.40,8.70,0.10,17.50
S128,1487065602,20.00,12.50,20.40,8.70,0.20,17.50
S128,1487065901,20.10,12.50,20.40,8.50,0.10,17.50
S128,1487066200,20.10,12.40,20.40,8.50,0.20,17.50
S128,1487066499,20.10,12.40,20.40,8.50,0.10,17.50
S128,1487066798,20.10,12.30,20.40,8.30,0.10,17.50
S128,1487067097,20.20,12.30,20.50,8.30,0.20,17.50
S128,1487067396,20.20,12.10,20.50,8.10,0.20,17.50
S128,1487067695,20.20,11.90,20.60,8.30,0.20,17.50
S128,1487067994,20.30,12.00,20.60,8.10,0.10,17.50
S128,1487068293,20.30,11.90,20.60,8.00,0.10,17.50
S128,1487068592,20.30,11.50,20.70,8.00,0.20,17.50
S128,1487068891,20.40,11.60,20.70,8.10,0.20,17.50
S128,1487069190,20.40,11.70,20.70,8.10,0.10,17.50
S128,1487069489,20.40,11.50,20.70,7.90,0.10,17.50
S128,1487069788,20.50,11.60,20.70,7.90,0.10,17.50
S128,1487070087,20.50,11.40,20.60,7.90,0.20,17.50
S128,1487070386,20.50,11.40,20.60,7.90,0.20,17.50
S128,1487070685,20.50,11.60,20.60,7.90,0.20,17.50
S128,1487070984,20.50,11.70,20.60,7.80,0.10,17.50
S128,1487071283,20.50,11.60,20.60,7.90,0.10,17.50
S128,1487071582,20.50,11.60,20.50,7.80,0.10,17.50
S128,1487071881,20.50,11.50,20.60,7.80,0.20,17.50
S128,1487072180,20.50,11.20,20.60,7.70,0.20,17.50
S128,1487072479,20.50,11.40,20.60,7.70,0.10,17.50
S128,1487072778,20.50,11.20,20.60,7.70,0.20,17.50
S128,1487073077,20.50,11.20,20.60,7.60,0.20,17.50
S128,1487073376,20.50,11.20,20.60,7.70,0.20,17.50
S128,1487073675,20.50,11.20,20.60,7.50,0.20,17.50
S128,1487073974,20.50,11.20,20.60,7.50,0.10,17.50
S128,1487074273,20.50,11.20,20.60,7.40,0.10,17.50
S128,1487074572,20.50,11.20,20.60,7.50,0.10,17.50
S128,1487074871,20.50,11.20,20.60,7.50,0.20,17.50
S128,1487075170,20.50,11.20,20.60,7.20,0.20,17.50
S128,1487075469,20.60,11.30,20.60,7.40,0.10,17.50
S128,1487075768,20.60,11.30,20.60,7.30,0.10,17.50
S128,1487076067,20.60,11.30,20.60,7.20,0.10,17.50
S128,1487076366,20.60,11.30,20.60,7.10,0.20,17.50
S128,1487076665,20.60,11.30,20.60,7.20,0.10,17.50
S128,1487076964,20.60,11.30,20.70,7.30,0.20,17.50
S128,1487077263,20.60,11.30,20.80,7.30,0.20,17.50
S128,1487077562,20.60,11.30,20.80,7.30,0.20,17.50
S128,1487077861,20.60,11.30,20.90,7.40,0.20,17.50
S128,1487078160,20.60,11.30,20.90,7.30,0.10,17.50
S128,1487078459,20.70,11.30,20.90,7.30,0.20,17.50
S128,1487078758,20.70,11.30,21.00,7.10,0.20,17.50
S128,1487079057,20.70,11.30,21.00,7.30,0.10,17.50
S128,1487079356,20.80,11.40,21.00,7.30,0.10,17.50
S128,1487079655,20.80,11.40,21.00,7.30,0.10,17.50
S128,1487079954,20.80,11.40,21.10,7.40,0.20,17.50
S128,1487080253,20.80,11.40,21.10,7.10,0.10,17.50
S128,1487080552,20.90,11.40,21.20,7.00,0.10,17.50
S128,1487080851,20.90,11.40,21.10,6.80,0.10,17.50
S128,1487081150,20.90,11.40,21.10,6.90,0.20,17.50
S128,1487081449,20.90,10.60,21.10,6.80,0.10,17.50
S128,1487081748,20.90,11.40,21.10,7.00,0.10,17.50
S128,1487082047,20.90,11.20,21.10,6.80,0.20,17.50
S128,1487082346,20.90,11.40,21.10,6.80,0.10,17.50
S128,1487082645,20.90,11.10,21.20,6.90,0.20,17.50
S128,1487082944,20.90,11.00,21.20,6.80,0.10,17.50
S128,1487083243,21.00,11.20,21.20,6.80,0.20,17.50
S128,1487083542,21.00,11.40,21.20,7.30,0.10,17.50
S128,1487083841,21.00,11.10,21.20,6.70,0.10,17.50
S128,1487084140,21.00,10.80,21.20,6.60,0.10,17.50
S128,1487084439,21.00,10.50,21.20,6.60,0.10,17.50
S128,1487084738,21.00,11.00,21.20,6.80,0.20,17.50
S128,1487085037,21.00,10.70,21.20,6.60,0.10,17.50
S128,1487085336,21.00,10.80,21.20,6.70,0.20,17.50
S128,1487085635,21.00,11.00,21.20,6.70,0.10,17.50
S128,1487085934,21.00,10.70,21.20,6.60,0.10,17.50
S128,1487086233,21.00,10.80,21.30,6.60,0.10,17.50
S128,1487086532,21.10,10.70,21.30,6.60,0.10,17.50
S128,1487086831,21.10,10.70,21.20,6.60,0.20,17.50
S128,1487087130,21.10,10.60,21.20,6.60,0.10,17.50
S128,1487087429,21.10,10.40,21.20,6.60,0.20,17.50
S128,1487087728,21.10,10.70,21.20,6.60,0.10,17.50
S128,1487088027,21.10,10.80,21.20,6.50,0.10,17.50
S128,1487088326,21.10,10.80,21.20,6.70,0.20,17.50
S128,1487088625,21.10,10.60,21.20,6.40,0.10,17.50
S128,1487088924,21.10,10.60,21.20,6.50,0.20,17.50
S128,1487089223,21.00,10.30,21.20,6.70,0.10,17.50
S128,1487089522,21.10,10.70,21.20,6.80,0.10,17.50
S128,1487089821,21.10,10.80,21.20,6.70,0.10,17.50
S128,1487090120,21.10,10.70,21.20,6.40,0.10,17.50
S128,1487090419,21.10,10.50,21.20,6.80,0.20,17.50
S128,1487090718,21.10,10.30,21.30,6.70,0.20,17.50
S128,1487091017,21.10,10.10,21.20,6.50,0.10,17.50
S128,1487091316,21.10,10.40,21.20,6.50,0.10,17.50
S128,1487091615,21.10,10.40,21.20,6.50,0.10,17.50
S128,1487091914,21.10,10.50,21.20,6.40,0.20,17.50
S128,1487092213,21.10,10.40,21.20,6.20,0.10,17.50
S128,1487092512,21.10,10.20,21.20,6.20,0.10,17.50
S128,1487092811,21.10,10.10,21.20,6.20,0.20,17.50
S128,1487093110,21.10,10.20,21.20,6.20,0.10,17.50
S128,1487093409,21.10,10.20,21.10,6.20,0.20,17.50
S128,1487093708,21.10,10.30,21.10,6.20,0.10,17.50
S128,1487094007,21.10,10.20,21.10,6.20,0.10,17.50
S128,1487094306,21.10,10.20,21.10,6.20,0.20,17.50
S128,1487094605,21.10,10.10,21.20,6.40,0.10,17.50
S128,1487094904,21.10,10.20,21.10,6.10,0.10,17.50
S128,1487095203,21.10,10.10,21.10,6.20,0.10,17.50
S128,1487095502,21.00,10.10,21.20,6.20,0.20,17.50
S128,1487095801,21.10,10.10,21.20,6.10,0.10,17.50
S128,1487096100,21.00,10.10,21.20,6.10,0.20,17.50
S128,1487096399,21.00,9.90,21.20,6.10,0.10,17.50
S128,1487096698,21.00,10.20,21.20,6.20,0.10,17.50
S128,1487096997,21.00,10.20,21.20,6.10,0.10,17.50
S128,1487097296,21.10,10.30,21.20,6.10,0.20,17.50
S128,1487097595,21.10,9.90,21.20,6.10,0.10,17.50
S128,1487097894,21.10,9.90,21.20,5.70,0.10,17.50
S128,1487098193,21.10,9.80,21.20,5.60,0.20,17.50
S128,1487098492,21.10,9.70,21.20,5.70,0.20,17.50
S128,1487098791,21.10,9.60,21.20,5.70,0.20,17.50
S128,1487099090,21.00,8.90,21.20,5.80,0.20,17.50
S128,1487099389,21.10,9.50,21.20,6.10,0.10,17.50
S128,1487099688,21.10,10.00,21.20,5.90,0.20,17.50
S128,1487099987,21.10,10.00,21.20,5.70,0.20,17.50
S128,1487100286,21.10,9.70,21.20,5.40,0.10,17.50
S128,1487100585,21.00,9.60,21.10,5.20,0.20,17.50
S128,1487100884,21.10,9.60,21.10,5.40,0.20,17.50
S128,1487101183,21.00,9.60,21.10,5.60,0.10,17.50
S128,1487101482,21.10,9.60,21.10,5.40,0.20,17.50
S128,1487101781,21.00,9.70,21.10,5.70,0.20,17.50
S128,1487102080,21.00,9.60,21.10,5.80,0.20,17.50
S128,1487102379,21.00,9.90,21.00,5.80,0.10,17.50
S128,1487102678,21.00,9.80,21.00,5.80,0.20,17.50
S128,1487102977,21.00,9.70,20.90,5.70,0.20,17.50
S128,1487103277,21.00,9.60,20.90,5.80,0.10,17.50
S128,1487103576,21.00,10.00,20.80,5.80,0.10,17.50
S128,1487103875,20.90,10.00,20.80,5.90,0.20,17.50
S128,1487104174,20.90,9.90,20.80,5.80,0.20,17.50
S128,1487104473,20.90,9.70,20.70,6.40,0.20,17.50
S128,1487104772,20.90,9.80,20.70,5.90,0.10,17.50
S128,1487105071,20.80,9.70,20.70,5.70,0.10,17.50
S128,1487105370,20.80,9.90,20.70,5.80,0.10,17.50
S128,1487105669,20.80,9.70,20.70,5.90,0.20,17.50
S128,1487105968,20.80,9.80,20.60,5.70,0.10,17.50
S128,1487106267,20.70,9.80,20.60,5.90,0.20,17.50
S128,1487106566,20.70,9.80,20.60,5.90,0.10,17.50
S128,1487106865,20.70,9.50,20.50,5.70,0.10,17.50
S128,1487107164,20.70,8.80,20.30,5.50,0.10,17.50
S128,1487107463,20.60,9.00,20.10,5.50,0.20,17.50
S128,1487107762,20.60,9.10,20.00,5.60,0.10,17.50
S128,1487108061,20.50,8.80,19.90,5.50,0.10,17.50
S128,1487108360,20.40,8.70,19.80,5.50,0.10,17.50
S128,1487108659,20.40,8.60,19.70,5.60,0.20,17.50
S128,1487108958,20.30,8.70,19.60,5.50,0.20,17.50
S128,1487109257,20.20,8.80,19.50,5.50,0.10,17.50
S128,1487109556,20.20,8.40,19.50,5.60,0.20,17.50
S128,1487109855,20.10,8.50,19.40,5.60,0.10,17.50
S128,1487110154,20.10,8.60,19.40,5.70,0.10,17.50
S128,1487110453,20.00,8.60,19.30,5.70,0.20,17.50
S128,1487110752,19.90,8.40,19.30,5.70,0.10,17.50
S128,1487111051,19.80,8.50,19.20,5.70,0.10,17.50
S128,1487111350,19.80,8.60,19.10,5.70,0.10,17.50
S128,1487111649,19.70,8.40,19.10,5.80,0.20,17.50
S128,1487111948,19.70,8.40,19.00,5.80,0.10,17.50
S128,1487112247,19.60,8.40,19.00,5.90,0.20,17.50
S128,1487112546,19.60,8.80,18.90,5.90,0.10,17.50
S128,1487112845,19.50,8.80,19.00,6.10,0.10,17.50
S128,1487113144,19.50,9.00,19.00,6.10,0.10,17.50
S128,1487113443,19.40,8.80,19.00,6.10,0.20,17.50
S128,1487113742,19.40,8.80,19.00,6.00,0.20,17.50
S128,1487114041,19.40,8.70,19.00,6.00,0.10,17.50
S128,1487114340,19.30,8.60,19.00,5.90,0.10,17.50
S128,1487114639,19.30,8.80,19.00,5.90,0.10,17.50
S128,1487114938,19.30,8.90,19.00,5.90,0.10,17.50
S128,1487115237,19.30,9.60,18.90,6.80,0.10,17.50
S128,1487115536,19.30,10.40,19.00,6.90,0.10,17.50
S128,1487115835,19.30,9.80,18.90,6.50,0.10,17.50
S128,1487116134,19.20,10.00,18.90,6.20,0.10,17.50
S128,1487116433,19.20,9.40,18.90,6.10,0.10,17.50
S128,1487116732,19.20,9.00,18.80,5.90,0.10,17.50
S128,1487117031,19.20,9.30,18.80,5.70,0.10,17.50
S128,1487117330,19.20,9.10,18.80,5.60,0.10,17.50
S128,1487117629,19.20,9.00,18.80,5.40,0.20,17.50
S128,1487117928,19.10,8.30,18.70,5.40,0.10,17.50
S128,1487118227,19.10,8.20,18.70,5.40,0.10,17.50
S128,1487118526,19.10,8.40,18.60,5.30,0.10,17.50
S128,1487118825,19.00,8.10,18.60,5.30,0.20,17.50
S128,1487119124,19.00,8.50,18.50,5.20,0.10,17.50
S128,1487119423,19.00,8.20,18.50,5.30,0.10,17.50
S128,1487119722,18.90,8.40,18.40,5.10,0.20,17.50
S128,1487120021,18.90,8.20,18.40,5.20,0.20,17.50
S128,1487120320,18.80,8.00,18.30,5.10,0.10,17.50
S128,1487120619,18.80,8.10,18.30,5.20,0.20,17.50
S128,1487120918,18.80,8.20,18.30,5.20,0.20,17.50
S128,1487121217,18.70,8.20,18.30,5.30,0.20,17.50
S128,1487121516,18.70,8.10,18.20,5.20,0.10,17.50
S128,1487121815,18.70,8.30,18.20,5.20,0.20,17.50
S128,1487122114,18.60,8.20,18.20,5.30,0.10,17.50
S128,1487122413,18.60,8.20,18.10,5.30,0.20,17.50
S128,1487122712,18.60,8.50,18.10,5.30,0.20,17.50
S128,1487123011,18.50,8.20,18.10,5.30,0.10,17.50
S128,1487123310,18.50,8.10,18.00,5.30,0.20,17.50
S128,1487123609,18.50,8.40,18.00,5.40,0.10,17.50
S128,1487123908,18.40,8.70,18.00,5.50,0.20,17.50
S128,1487124207,18.40,8.40,18.00,5.60,0.20,17.50
S128,1487124506,18.40,8.40,17.90,5.60,0.20,17.50
S128,1487124805,18.40,8.50,17.90,5.60,0.20,17.50
S128,1487125104,18.30,8.80,17.90,5.60,0.20,17.50
S128,1487125403,18.30,8.50,17.90,5.60,0.10,17.50
S128,1487125702,18.30,8.60,17.90,5.60,0.10,17.50
S128,1487126001,18.20,8.50,17.80,5.50,0.10,17.50
S128,1487126300,18.20,8.50,17.80,5.50,0.20,17.50
S128,1487126599,18.20,8.50,17.80,5.50,0.20,17.50
S128,1487126898,18.20,8.40,17.80,5.50,0.10,17.50
S128,1487127197,18.20,8.50,17.80,5.40,0.10,17.50
S128,1487127496,18.10,8.50,17.70,5.40,0.10,17.50
S128,1487127795,18.10,8.40,17.70,5.40,0.10,17.50
S128,1487128094,18.10,8.30,17.70,5.40,0.10,17.50
S128,1487128393,18.10,8.20,17.70,5.40,0.20,17.50
S128,1487128692,18.00,8.30,17.70,5.40,0.10,17.50
S128,1487128991,18.00,8.50,17.60,5.40,0.10,17.50
S128,1487129290,18.00,8.30,17.60,5.40,0.20,17.50
S128,1487129589,18.00,8.60,17.60,5.40,0.20,17.50
S128,1487129888,17.90,8.20,17.60,5.40,0.10,17.50
S128,1487130187,17.90,8.30,17.60,5.50,0.10,17.50
S128,1487130486,17.90,8.50,17.50,5.50,0.20,17.50
S128,1487130785,17.90,8.80,17.50,5.50,0.10,17.50
S128,1487131084,17.90,8.70,17.50,5.60,0.10,17.50
S128,1487131383,17.80,8.90,17.50,5.70,0.20,17.50
S128,1487131682,17.80,8.70,17.50,5.70,0.10,17.50
S128,1487131981,17.80,8.90,17.50,5.80,0.10,17.50
S128,1487132280,17.80,9.40,17.40,5.80,0.10,17.40
S128,1487132579,17.80,8.90,17.40,5.90,0.10,17.50
S128,1487132878,17.70,9.20,17.40,5.90,0.10,17.40
S128,1487133177,17.70,9.30,17.40,5.90,0.20,17.50
S128,1487133476,17.70,9.30,17.40,6.00,0.20,17.50
S128,1487133775,17.70,9.30,17.50,5.90,0.10,17.50
S128,1487134074,17.70,9.30,17.50,6.00,0.20,17.50
S128,1487134373,17.70,9.30,17.50,5.90,0.10,17.50
S128,1487134672,17.70,9.30,17.60,6.00,0.10,17.50
S128,1487134971,17.70,9.30,17.60,5.90,0.10,17.50
S128,1487135270,17.70,9.30,17.60,5.90,0.10,17.50
S128,1487135569,17.70,9.30,17.60,5.90,0.10,17.50
S128,1487135868,17.80,9.40,17.80,6.20,0.10,17.50
S128,1487136167,17.80,9.40,17.90,6.00,0.10,17.50
S128,1487136466,17.80,9.40,18.00,6.20,0.10,17.50
S128,1487136765,17.80,9.40,18.10,6.10,0.10,17.50
S128,1487137064,17.90,9.40,18.10,6.20,0.20,17.50
S128,1487137363,17.90,9.40,18.20,6.20,0.10,17.50
S128,1487137662,18.00,9.50,18.30,6.10,0.10,17.50
S128,1487137961,18.00,9.50,18.30,6.10,0.10,17.50
S128,1487138260,18.00,9.50,18.30,6.10,0.10,17.50
S128,1487138559,18.10,9.60,18.40,6.10,0.10,17.50
S128,1487138858,18.10,9.60,18.50,6.10,0.20,17.50
S128,1487139157,18.20,9.70,18.50,6.00,0.10,17.50
S128,1487139456,18.20,9.70,18.50,5.90,0.20,17.50
S128,1487139755,18.20,9.70,18.50,5.80,0.20,17.50
S128,1487140054,18.30,9.70,18.60,5.90,0.20,17.50
S128,1487140353,18.30,9.70,18.60,5.80,0.20,17.50
S128,1487140652,18.40,9.80,18.70,5.70,0.10,17.50
S128,1487140951,18.40,9.80,18.70,5.70,0.20,17.50
S128,1487141250,18.40,9.80,18.70,5.70,0.20,17.50
S128,1487141550,18.40,9.80,18.80,5.70,0.20,17.50
S128,1487141849,18.50,9.90,18.80,5.70,0.10,17.50
S128,1487142148,18.50,9.90,18.80,5.70,0.20,17.50
S128,1487142447,18.50,9.90,18.80,5.60,0.10,17.50
S128,1487142746,18.60,9.90,18.90,5.70,0.20,17.50
S128,1487143045,18.60,9.90,18.90,5.70,0.10,17.50
S128,1487143344,18.60,9.90,18.90,5.60,0.10,17.50
S128,1487143643,18.70,10.00,19.00,5.60,0.10,17.50
S128,1487143942,18.70,10.00,19.00,5.50,0.20,17.50
S128,1487144241,18.70,10.00,19.00,5.50,0.20,17.50
S128,1487144540,18.70,10.00,19.00,5.40,0.20,17.50
S128,1487144839,18.80,10.00,19.10,5.50,0.10,17.50
S128,1487145138,18.80,10.00,19.10,5.50,0.10,17.50
S128,1487145437,18.80,10.00,19.10,5.50,0.10,17.50
S128,1487145736,18.90,10.10,19.20,5.40,0.20,17.50
S128,1487146035,18.90,10.10,19.20,5.40,0.20,17.50
S128,1487146334,18.90,10.00,19.20,5.40,0.10,17.50
S128,1487146633,19.00,9.70,19.20,5.20,0.20,17.50
S128,1487146932,19.00,9.60,19.20,5.10,0.20,17.50
S128,1487147231,19.00,9.40,19.20,5.10,0.10,17.50
S128,1487147530,19.10,9.10,19.20,5.20,0.10,17.50
S128,1487147829,19.10,9.50,19.20,5.40,0.20,17.50
S128,1487148128,19.10,9.50,19.10,5.20,0.10,17.50
S128,1487148427,19.10,9.40,19.10,5.30,0.10,17.50
S128,1487148726,19.10,9.40,19.10,5.40,0.10,17.50
S128,1487149025,19.10,9.20,19.10,5.70,0.10,17.50
S128,1487149324,19.10,9.40,19.00,5.70,0.20,17.50
S128,1487149623,19.10,9.50,19.00,5.80,0.10,17.50
S128,1487149922,19.10,9.70,19.00,5.80,0.10,17.50
S128,1487150221,19.10,9.70,18.90,5.80,0.10,17.50
S128,1487150520,19.10,9.30,18.90,5.70,0.10,17.50
S128,1487150819,19.10,9.60,18.80,5.70,0.20,17.50
S128,1487151118,19.10,9.60,18.90,5.90,0.20,17.50
S128,1487151417,19.00,10.10,19.00,6.00,0.10,17.50
S128,1487151716,19.00,10.20,19.00,6.10,0.10,17.50
S128,1487152015,19.10,10.20,19.10,5.80,0.10,17.50
S128,1487152314,19.10,10.20,19.20,5.70,0.20,17.50
S128,1487152613,19.10,10.20,19.40,6.00,0.10,17.50
S128,1487152912,19.10,10.20,19.50,5.90,0.10,17.50
S128,1487153211,19.20,10.00,19.60,6.20,0.10,17.50
S128,1487153510,19.20,10.30,19.70,6.20,0.10,17.50
S128,1487153809,19.30,10.00,19.70,5.80,0.10,17.50
S128,1487154108,19.30,10.40,19.70,5.70,0.10,17.50
S128,1487154407,19.40,10.10,19.80,5.70,0.10,17.50
S128,1487154706,19.40,9.70,19.80,5.70,0.10,17.50
S128,1487155005,19.50,9.90,19.90,5.50,0.10,17.50
S128,1487155304,19.50,9.80,19.90,5.60,0.10,17.50
S128,1487155603,19.50,9.60,19.90,5.30,0.10,17.50
S128,1487155902,19.60,9.60,19.90,5.90,0.10,17.50
S128,1487156201,19.60,9.50,20.00,5.30,0.20,17.50
S128,1487156500,19.60,9.20,20.00,5.30,0.10,17.50
S128,1487156799,19.70,9.30,20.00,5.10,0.20,17.50
S128,1487157098,19.70,9.10,20.10,5.00,0.20,17.50
S128,1487157397,19.70,9.10,20.10,5.00,0.10,17.50
S128,1487157696,19.80,9.20,20.10,5.00,0.10,17.50
S128,1487157995,19.80,8.90,20.20,4.80,0.10,17.50
S128,1487158294,19.80,9.00,20.20,4.90,0.10,17.50
S128,1487158593,19.80,8.80,20.20,4.80,0.20,17.50
S128,1487158892,19.90,8.70,20.30,4.70,0.20,17.50
S128,1487159191,19.90,8.70,20.30,4.70,0.20,17.50
S128,1487159490,19.90,8.70,20.30,4.70,0.10,17.50
S128,1487159789,20.00,8.70,20.30,4.60,0.10,17.50
