Device,Time,DHT1-OUT Temp,DHT1-OUT Hum,DHT2-IN Temp,DHT2-IN Hum,Soil,Infrared
S156,1486911899,0.00,0.00,0.00,0.00,0.20,17.70
S156,1486912198,0.00,0.00,0.00,0.00,0.20,17.70
S156,1486912497,0.00,0.00,0.00,0.00,0.20,17.70
S156,1486912796,0.00,0.00,0.00,0.00,0.20,17.70
S156,1486913095,0.00,0.00,0.00,0.00,0.20,17.70
S156,1486913394,0.00,0.00,0.00,0.00,0.20,17.70
S156,1486913693,0.00,0.00,0.00,0.00,0.20,17.70
S156,1486913992,0.00,0.00,0.00,0.00,0.20,17.70
S156,1486914291,0.00,0.00,0.00,0.00,0.20,17.70
S156,1486914590,0.00,0.00,0.00,0.00,0.20,17.70
S156,1486914889,0.00,0.00,0.00,0.00,0.20,17.70
S156,1486915188,0.00,0.00,0.00,0.00,0.20,17.70
S156,1486915487,0.00,0.00,0.00,0.00,0.20,17.70
S156,1486915786,0.00,0.00,0.00,0.00,0.20,17.70
S156,1486916085,0.00,0.00,0.00,0.00,0.20,17.70
S156,1486916385,0.00,0.00,0.00,0.00,0.20,17.70
S156,1486916684,0.00,0.00,0.00,0.00,0.20,17.70
S156,1486916983,0.00,0.00,0.00,0.00,0.20,17.70
S156,1486917282,0.00,0.00,0.00,0.00,0.20,17.70
S156,1486917581,0.00,0.00,0.00,0.00,0.20,17.70
S156,1486917880,0.00,0.00,0.00,0.00,0.20,17.70
S156,1486918180,0.00,0.00,0.00,0.00,0.20,17.70
S156,1486918479,0.00,0.00,0.00,0.00,0.20,17.70
S156,1486918778,0.00,0.00,0.00,0.00,0.20,17.70
S156,1486919078,0.00,0.00,0.00,0.00,0.20,17.70
S156,1486919377,0.00,0.00,0.00,0.00,0.20,17.70
S156,1486919676,0.00,0.00,0.00,0.00,0.20,17.70
S156,1486919976,0.00,0.00,0.00,0.00,0.20,17.70
S156,1486920275,0.00,0.00,0.00,0.00,0.20,17.70
S156,1486920574,0.00,0.00,0.00,0.00,0.20,17.70
S156,1486920873,0.00,0.00,0.00,0.00,0.20,17.70
S156,1486921173,0.00,0.00,0.00,0.00,0.20,17.70
S156,1486921472,0.00,0.00,0.00,0.00,0.20,17.70
S156,1486921771,0.00,0.00,0.00,0.00,0.20,17.70
S156,1486922070,0.00,0.00,0.00,0.00,0.20,17.70
S156,1486922370,0.00,0.00,0.00,0.00,0.20,17.70
S156,1486922669,0.00,0.00,0.00,0.00,0.20,17.70
S156,1486922969,0.00,0.00,0.00,0.00,0.20,17.70
S156,1486923268,0.00,0.00,0.00,0.00,0.20,17.70
S156,1486923567,0.00,0.00,0.00,0.00,0.20,17.70
S156,1486923867,0.00,0.00,0.00,0.00,0.20,17.70
S156,1486924166,0.00,0.00,0.00,0.00,0.20,17.70
S156,1486924465,0.00,0.00,0.00,0.00,0.20,17.70
S156,1486924764,0.00,0.00,0.00,0.00,0.20,17.70
S156,1486925063,0.00,0.00,0.00,0.00,0.20,17.70
S156,1486925362,0.00,0.00,0.00,0.00,0.20,17.70
S156,1486925661,0.00,0.00,0.00,0.00,0.20,17.70
S156,1486925961,0.00,0.00,0.00,0.00,0.20,17.70
S156,1486926260,0.00,0.00,0.00,0.00,0.20,17.70
S156,1486926559,0.00,0.00,0.00,0.00,0.20,17.70
S156,1486926858,0.00,0.00,0.00,0.00,0.20,17.70
S156,1486927157,0.00,0.00,0.00,0.00,0.20,17.70
S156,1486927456,0.00,0.00,0.00,0.00,0.20,17.70
S156,1486927755,0.00,0.00,0.00,0.00,0.20,17.70
S156,1486928054,0.00,0.00,0.00,0.00,0.20,17.70
S156,1486928353,0.00,0.00,0.00,0.00,0.20,17.70
S156,1486928652,0.00,0.00,0.00,0.00,0.20,17.70
S156,1486928951,0.00,0.00,0.00,0.00,0.20,17.70
S156,1486929250,0.00,0.00,0.00,0.00,0.20,17.70
S156,1486929549,0.00,0.00,0.00,0.00,0.20,17.70
S156,1486929848,0.00,0.00,0.00,0.00,0.20,17.70
S156,1486930147,0.00,0.00,0.00,0.00,0.20,17.70
S156,1486930446,0.00,0.00,0.00,0.00,0.20,17.70
S156,1486930745,0.00,0.00,0.00,0.00,0.20,17.70
S156,1486931044,0.00,0.00,0.00,0.00,0.20,17.70
S156,1486931343,0.00,0.00,0.00,0.00,0.20,17.70
S156,1486931642,0.00,0.00,0.00,0.00,0.20,17.70
S156,1486931941,0.00,0.00,0.00,0.00,0.20,17.70
S156,1486932240,0.00,0.00,0.00,0.00,0.20,17.70
S156,1486932540,0.00,0.00,0.00,0.00,0.20,17.70
S156,1486932839,0.00,0.00,0.00,0.00,0.20,17.70
S156,1486933138,0.00,0.00,0.00,0.00,0.20,17.70
S156,1486933437,0.00,0.00,0.00,0.00,0.20,17.70
S156,1486933736,0.00,0.00,0.00,0.00,0.20,17.70
S156,1486934035,0.00,0.00,0.00,0.00,0.20,17.70
S156,1486934334,0.00,0.00,0.00,0.00,0.20,17.70
S156,1486934633,0.00,0.00,0.00,0.00,0.20,17.70
S156,1486934932,0.00,0.00,0.00,0.00,0.20,17.70
S156,1486935231,0.00,0.00,0.00,0.00,0.20,17.70
S156,1486935530,0.00,0.00,0.00,0.00,0.20,17.70
S156,1486935829,0.00,0.00,0.00,0.00,0.20,17.70
S156,1486936128,0.00,0.00,0.00,0.00,0.20,17.70
S156,1486936427,0.00,0.00,0.00,0.00,0.20,17.70
S156,1486936726,0.00,0.00,0.00,0.00,0.20,17.70
S156,1486937025,0.00,0.00,0.00,0.00,0.20,17.70
S156,1486937324,0.00,0.00,0.00,0.00,0.20,17.70
S156,1486937623,0.00,0.00,0.00,0.00,0.20,17.70
S156,1486937922,0.00,0.00,0.00,0.00,0.20,17.70
S156,1486938221,0.00,0.00,0.00,0.00,0.20,17.70
S156,1486938520,0.00,0.00,0.00,0.00,0.20,17.70
S156,1486938819,0.00,0.00,0.00,0.00,0.20,17.70
S156,1486939118,0.00,0.00,0.00,0.00,0.20,17.70
S156,1486939417,0.00,0.00,0.00,0.00,0.20,17.70
S156,1486939716,0.00,0.00,0.00,0.00,0.20,17.70
S156,1486940015,0.00,0.00,0.00,0.00,0.20,17.70
S156,1486940314,0.00,0.00,0.00,0.00,0.20,17.70
S156,1486940613,0.00,0.00,0.00,0.00,0.20,17.70
S156,1486940912,0.00,0.00,0.00,0.00,0.20,17.70
S156,1486941211,0.00,0.00,0.00,0.00,0.20,17.70
S156,1486941510,0.00,0.00,0.00,0.00,0.20,17.70
S156,1486941809,0.00,0.00,0.00,0.00,0.20,17.70
S156,1486942108,0.00,0.00,0.00,0.00,0.20,17.70
S156,1486942407,0.00,0.00,0.00,0.00,0.20,17.70
S156,1486942706,0.00,0.00,0.00,0.00,0.20,17.70
S156,1486943005,0.00,0.00,0.00,0.00,0.20,17.70
S156,1486943304,0.00,0.00,0.00,0.00,0.20,17.70
S156,1486943603,0.00,0.00,0.00,0.00,0.20,17.70
S156,1486943902,0.00,0.00,0.00,0.00,0.20,17.70
S156,1486944201,0.00,0.00,0.00,0.00,0.20,17.70
S156,1486944500,0.00,0.00,0.00,0.00,0.20,17.70
S156,1486944799,0.00,0.00,0.00,0.00,0.20,17.70
S156,1486945098,0.00,0.00,0.00,0.00,0.20,17.70
S156,1486945397,0.00,0.00,0.00,0.00,0.20,17.70
S156,1486945696,0.00,0.00,0.00,0.00,0.20,17.70
S156,1486945995,0.00,0.00,0.00,0.00,0.20,17.70
S156,1486946294,0.00,0.00,0.00,0.00,0.20,17.70
S156,1486946593,0.00,0.00,0.00,0.00,0.20,17.70
S156,1486946892,0.00,0.00,0.00,0.00,0.20,17.70
S156,1486947191,0.00,0.00,0.00,0.00,0.20,17.70
S156,1486947490,0.00,0.00,0.00,0.00,0.20,17.60
S156,1486947789,0.00,0.00,0.00,0.00,0.20,17.70
S156,1486948088,0.00,0.00,0.00,0.00,0.20,17.60
S156,1486948387,0.00,0.00,0.00,0.00,0.20,17.70
S156,1486948686,0.00,0.00,0.00,0.00,0.20,17.70
S156,1486948985,0.00,0.00,0.00,0.00,0.20,17.60
S156,1486949284,0.00,0.00,0.00,0.00,0.20,17.60
S156,1486949583,0.00,0.00,0.00,0.00,0.20,17.60
S156,1486949882,0.00,0.00,0.00,0.00,0.20,17.60
S156,1486950182,0.00,0.00,0.00,0.00,0.20,17.60
S156,1486950481,0.00,0.00,0.00,0.00,0.20,17.60
S156,1486950780,0.00,0.00,0.00,0.00,0.20,17.60
S156,1486951079,0.00,0.00,0.00,0.00,0.20,17.60
S156,1486951378,0.00,0.00,0.00,0.00,0.20,17.60
S156,1486951677,0.00,0.00,0.00,0.00,0.20,17.60
S156,1486951976,0.00,0.00,0.00,0.00,0.20,17.60
S156,1486952275,0.00,0.00,0.00,0.00,0.20,17.60
S156,1486952574,0.00,0.00,0.00,0.00,0.20,17.60
S156,1486952873,0.00,0.00,0.00,0.00,0.20,17.60
S156,1486953172,0.00,0.00,0.00,0.00,0.20,17.60
S156,1486953471,0.00,0.00,0.00,0.00,0.20,17.60
S156,1486953770,0.00,0.00,0.00,0.00,0.20,17.60
S156,1486954069,0.00,0.00,0.00,0.00,0.20,17.60
S156,1486954368,0.00,0.00,0.00,0.00,0.20,17.60
S156,1486954667,0.00,0.00,0.00,0.00,0.20,17.60
S156,1486954966,0.00,0.00,0.00,0.00,0.20,17.60
S156,1486955265,0.00,0.00,0.00,0.00,0.20,17.60
S156,1486955564,0.00,0.00,0.00,0.00,0.20,17.60
S156,1486955863,0.00,0.00,0.00,0.00,0.20,17.60
S156,1486956162,0.00,0.00,0.00,0.00,0.20,17.60
S156,1486956461,0.00,0.00,0.00,0.00,0.20,17.60
S156,1486956760,0.00,0.00,0.00,0.00,0.20,17.60
S156,1486957059,0.00,0.00,0.00,0.00,0.20,17.60
S156,1486957358,0.00,0.00,0.00,0.00,0.20,17.60
S156,1486957657,0.00,0.00,0.00,0.00,0.20,17.60
S156,1486957956,0.00,0.00,0.00,0.00,0.20,17.60
S156,1486958255,0.00,0.00,0.00,0.00,0.20,17.60
S156,1486958554,0.00,0.00,0.00,0.00,0.20,17.60
S156,1486958853,0.00,0.00,0.00,0.00,0.20,17.60
S156,1486959152,0.00,0.00,0.00,0.00,0.20,17.60
S156,1486959451,0.00,0.00,0.00,0.00,0.20,17.60
S156,1486959750,0.00,0.00,0.00,0.00,0.20,17.60
S156,1486960049,0.00,0.00,0.00,0.00,0.20,17.60
S156,1486960348,0.00,0.00,0.00,0.00,0.20,17.60
S156,1486960647,0.00,0.00,0.00,0.00,0.20,17.60
S156,1486960946,0.00,0.00,0.00,0.00,0.20,17.60
S156,1486961245,0.00,0.00,0.00,0.00,0.20,17.60
S156,1486961544,0.00,0.00,0.00,0.00,0.20,17.60
S156,1486961843,0.00,0.00,0.00,0.00,0.20,17.60
S156,1486962142,0.00,0.00,0.00,0.00,0.20,17.60
S156,1486962441,0.00,0.00,0.00,0.00,0.20,17.60
S156,1486962740,0.00,0.00,0.00,0.00,0.20,17.60
S156,1486963039,0.00,0.00,0.00,0.00,0.20,17.60
S156,1486963338,0.00,0.00,0.00,0.00,0.20,17.60
S156,1486963637,0.00,0.00,0.00,0.00,0.20,17.60
S156,1486963936,0.00,0.00,0.00,0.00,0.20,17.60
S156,1486964235,0.00,0.00,0.00,0.00,0.20,17.60
S156,1486964534,0.00,0.00,0.00,0.00,0.20,17.60
S156,1486964833,0.00,0.00,0.00,0.00,0.20,17.60
S156,1486965132,0.00,0.00,0.00,0.00,0.20,17.60
S156,1486965431,0.00,0.00,0.00,0.00,0.20,17.60
S156,1486965730,0.00,0.00,0.00,0.00,0.20,17.60
S156,1486966029,0.00,0.00,0.00,0.00,0.20,17.70
S156,1486966328,0.00,0.00,0.00,0.00,0.20,17.60
S156,1486966627,0.00,0.00,0.00,0.00,0.20,17.60
S156,1486966926,0.00,0.00,0.00,0.00,0.20,17.60
S156,1486967225,0.00,0.00,0.00,0.00,0.20,17.70
S156,1486967524,0.00,0.00,0.00,0.00,0.20,17.60
S156,1486967823,0.00,0.00,0.00,0.00,0.20,17.70
S156,1486968122,0.00,0.00,0.00,0.00,0.20,17.70
S156,1486968421,0.00,0.00,0.00,0.00,0.20,17.70
S156,1486968720,0.00,0.00,0.00,0.00,0.20,17.70
S156,1486969019,0.00,0.00,0.00,0.00,0.20,17.70
S156,1486969318,0.00,0.00,0.00,0.00,0.20,17.70
S156,1486969617,0.00,0.00,0.00,0.00,0.20,17.70
S156,1486969916,0.00,0.00,0.00,0.00,0.20,17.70
S156,1486970215,0.00,0.00,0.00,0.00,0.20,17.70
S156,1486970514,0.00,0.00,0.00,0.00,0.20,17.70
S156,1486970813,0.00,0.00,0.00,0.00,0.20,17.70
S156,1486971112,0.00,0.00,0.00,0.00,0.20,17.70
S156,1486971411,0.00,0.00,0.00,0.00,0.20,17.70
S156,1486971710,0.00,0.00,0.00,0.00,0.20,17.60
S156,1486972009,0.00,0.00,0.00,0.00,0.20,17.70
S156,1486972308,0.00,0.00,0.00,0.00,0.20,17.70
S156,1486972607,0.00,0.00,0.00,0.00,0.20,17.70
S156,1486972906,0.00,0.00,0.00,0.00,0.20,17.70
S156,1486973205,0.00,0.00,0.00,0.00,0.20,17.70
S156,1486973504,0.00,0.00,0.00,0.00,0.20,17.70
S156,1486973803,0.00,0.00,0.00,0.00,0.20,17.70
S156,1486974102,0.00,0.00,0.00,0.00,0.20,17.70
S156,1486974401,0.00,0.00,0.00,0.00,0.20,17.70
S156,1486974700,0.00,0.00,0.00,0.00,0.20,17.70
S156,1486974999,0.00,0.00,0.00,0.00,0.20,17.70
S156,1486975298,0.00,0.00,0.00,0.00,0.20,17.70
S156,1486975597,0.00,0.00,0.00,0.00,0.20,17.70
S156,1486975896,0.00,0.00,0.00,0.00,0.20,17.70
S156,1486976195,0.00,0.00,0.00,0.00,0.20,17.70
S156,1486976494,0.00,0.00,0.00,0.00,0.20,17.70
S156,1486976793,0.00,0.00,0.00,0.00,0.20,17.70
S156,1486977092,0.00,0.00,0.00,0.00,0.20,17.70
S156,1486977391,0.00,0.00,0.00,0.00,0.20,17.70
S156,1486977690,0.00,0.00,0.00,0.00,0.20,17.70
S156,1486977989,0.00,0.00,0.00,0.00,0.20,17.70
S156,1486978288,0.00,0.00,0.00,0.00,0.20,17.70
S156,1486978587,0.00,0.00,0.00,0.00,0.20,17.70
S156,1486978886,0.00,0.00,0.00,0.00,0.20,17.70
S156,1486979185,0.00,0.00,0.00,0.00,0.20,17.70
S156,1486979484,0.00,0.00,0.00,0.00,0.20,17.70
S156,1486979783,0.00,0.00,0.00,0.00,0.20,17.70
S156,1486980082,0.00,0.00,0.00,0.00,0.20,17.70
S156,1486980381,0.00,0.00,0.00,0.00,0.20,17.70
S156,1486980680,0.00,0.00,0.00,0.00,0.20,17.70
S156,1486980979,0.00,0.00,0.00,0.00,0.20,17.70
S156,1486981278,0.00,0.00,0.00,0.00,0.20,17.70
S156,1486981577,0.00,0.00,0.00,0.00,0.20,17.70
S156,1486981876,0.00,0.00,0.00,0.00,0.20,17.70
S156,1486982175,0.00,0.00,0.00,0.00,0.20,17.70
S156,1486982474,0.00,0.00,0.00,0.00,0.20,17.70
S156,1486982773,0.00,0.00,0.00,0.00,0.20,17.70
S156,1486983072,0.00,0.00,0.00,0.00,0.20,17.70
S156,1486983371,0.00,0.00,0.00,0.00,0.20,17.70
S156,1486983670,0.00,0.00,0.00,0.00,0.20,17.70
S156,1486983969,0.00,0.00,0.00,0.00,0.20,17.70
S156,1486984268,0.00,0.00,0.00,0.00,0.20,17.70
S156,1486984567,0.00,0.00,0.00,0.00,0.20,17.70
S156,1486984866,0.00,0.00,0.00,0.00,0.20,17.70
S156,1486985165,0.00,0.00,0.00,0.00,0.20,17.70
S156,1486985464,0.00,0.00,0.00,0.00,0.20,17.70
S156,1486985763,0.00,0.00,0.00,0.00,0.20,17.70
S156,1486986062,0.00,0.00,0.00,0.00,0.20,17.70
S156,1486986361,0.00,0.00,0.00,0.00,0.20,17.70
S156,1486986660,0.00,0.00,0.00,0.00,0.20,17.70
S156,1486986959,0.00,0.00,0.00,0.00,0.20,17.70
S156,1486987258,0.00,0.00,0.00,0.00,0.20,17.70
S156,1486987557,0.00,0.00,0.00,0.00,0.20,17.70
S156,1486987856,0.00,0.00,0.00,0.00,0.20,17.70
S156,1486988155,0.00,0.00,0.00,0.00,0.20,17.70
S156,1486988455,0.00,0.00,0.00,0.00,0.20,17.70
S156,1486988754,0.00,0.00,0.00,0.00,0.20,17.70
S156,1486989053,0.00,0.00,0.00,0.00,0.20,17.70
S156,1486989352,0.00,0.00,0.00,0.00,0.20,17.70
S156,1486989651,0.00,0.00,0.00,0.00,0.20,17.70
S156,1486989950,0.00,0.00,0.00,0.00,0.20,17.70
S156,1486990249,0.00,0.00,0.00,0.00,0.20,17.70
S156,1486990548,0.00,0.00,0.00,0.00,0.20,17.70
S156,1486990847,0.00,0.00,0.00,0.00,0.20,17.70
S156,1486991146,0.00,0.00,0.00,0.00,0.20,17.70
S156,1486991445,0.00,0.00,0.00,0.00,0.20,17.70
S156,1486991744,0.00,0.00,0.00,0.00,0.20,17.70
S156,1486992043,0.00,0.00,0.00,0.00,0.20,17.70
S156,1486992342,0.00,0.00,0.00,0.00,0.20,17.70
S156,1486992641,0.00,0.00,0.00,0.00,0.20,17.70
S156,1486992940,0.00,0.00,0.00,0.00,0.20,17.70
S156,1486993239,0.00,0.00,0.00,0.00,0.20,17.70
S156,1486993538,0.00,0.00,0.00,0.00,0.20,17.70
S156,1486993837,0.00,0.00,0.00,0.00,0.20,17.70
S156,1486994136,0.00,0.00,0.00,0.00,0.20,17.70
S156,1486994435,0.00,0.00,0.00,0.00,0.20,17.70
S156,1486994734,0.00,0.00,0.00,0.00,0.20,17.70
S156,1486995033,0.00,0.00,0.00,0.00,0.20,17.70
S156,1486995332,0.00,0.00,0.00,0.00,0.20,17.70
S156,1486995631,0.00,0.00,0.00,0.00,0.20,17.70
S156,1486995930,0.00,0.00,0.00,0.00,0.20,17.70
S156,1486996229,0.00,0.00,0.00,0.00,0.20,17.70
S156,1486996528,0.00,0.00,0.00,0.00,0.20,17.70
S156,1486996827,0.00,0.00,0.00,0.00,0.20,17.70
S156,1486997126,0.00,0.00,0.00,0.00,0.20,17.70
S156,1486997425,0.00,0.00,0.00,0.00,0.20,17.70
S156,1486997724,0.00,0.00,0.00,0.00,0.20,17.70
S156,1486998023,0.00,0.00,0.00,0.00,0.20,17.70
S156,1486998322,0.00,0.00,0.00,0.00,0.20,17.70
S156,1486998621,0.00,0.00,0.00,0.00,0.20,17.70
S156,1486998920,0.00,0.00,0.00,0.00,0.20,17.70
S156,1486999219,0.00,0.00,0.00,0.00,0.20,17.70
S156,1486999518,0.00,0.00,0.00,0.00,0.20,17.70
S156,1486999817,0.00,0.00,0.00,0.00,0.20,17.70
S156,1487000116,0.00,0.00,0.00,0.00,0.20,17.70
S156,1487000415,0.00,0.00,0.00,0.00,0.20,17.70
S156,1487000714,0.00,0.00,0.00,0.00,0.20,17.70
S156,1487001013,0.00,0.00,0.00,0.00,0.20,17.70
S156,1487001312,0.00,0.00,0.00,0.00,0.20,17.70
S156,1487001611,0.00,0.00,0.00,0.00,0.20,17.70
S156,1487001910,0.00,0.00,0.00,0.00,0.20,17.70
S156,1487002209,0.00,0.00,0.00,0.00,0.20,17.70
S156,1487002508,0.00,0.00,0.00,0.00,0.20,17.70
S156,1487002807,0.00,0.00,0.00,0.00,0.20,17.70
S156,1487003106,0.00,0.00,0.00,0.00,0.20,17.70
S156,1487003405,0.00,0.00,0.00,0.00,0.20,17.70
S156,1487003704,0.00,0.00,0.00,0.00,0.20,17.70
S156,1487004003,0.00,0.00,0.00,0.00,0.20,17.70
S156,1487004302,0.00,0.00,0.00,0.00,0.20,17.70
S156,1487004601,0.00,0.00,0.00,0.00,0.20,17.70
S156,1487004900,0.00,0.00,0.00,0.00,0.20,17.70
S156,1487005199,0.00,0.00,0.00,0.00,0.20,17.70
S156,1487005498,0.00,0.00,0.00,0.00,0.20,17.70
S156,1487005797,0.00,0.00,0.00,0.00,0.20,17.70
S156,1487006096,0.00,0.00,0.00,0.00,0.20,17.70
S156,1487006395,0.00,0.00,0.00,0.00,0.20,17.70
S156,1487006694,0.00,0.00,0.00,0.00,0.20,17.70
S156,1487006993,0.00,0.00,0.00,0.00,0.20,17.70
S156,1487007292,0.00,0.00,0.00,0.00,0.20,17.70
S156,1487007591,0.00,0.00,0.00,0.00,0.20,17.70
S156,1487007890,0.00,0.00,0.00,0.00,0.20,17.70
S156,1487008189,0.00,0.00,0.00,0.00,0.20,17.70
S156,1487008488,0.00,0.00,0.00,0.00,0.20,17.70
S156,1487008787,0.00,0.00,0.00,0.00,0.20,17.70
S156,1487009086,0.00,0.00,0.00,0.00,0.20,17.70
S156,1487009385,0.00,0.00,0.00,0.00,0.20,17.70
S156,1487009684,0.00,0.00,0.00,0.00,0.20,17.70
S156,1487009983,0.00,0.00,0.00,0.00,0.20,17.70
S156,1487010282,0.00,0.00,0.00,0.00,0.20,17.70
S156,1487010581,0.00,0.00,0.00,0.00,0.20,17.70
S156,1487010880,0.00,0.00,0.00,0.00,0.20,17.70
S156,1487011179,0.00,0.00,0.00,0.00,0.20,17.70
S156,1487011478,0.00,0.00,0.00,0.00,0.20,17.70
S156,1487011777,0.00,0.00,0.00,0.00,0.20,17.70
S156,1487012076,0.00,0.00,0.00,0.00,0.20,17.70
S156,1487012375,0.00,0.00,0.00,0.00,0.20,17.70
S156,1487012674,0.00,0.00,0.00,0.00,0.20,17.70
S156,1487012973,0.00,0.00,0.00,0.00,0.20,17.70
S156,1487013272,0.00,0.00,0.00,0.00,0.20,17.70
S156,1487013571,0.00,0.00,0.00,0.00,0.20,17.70
S156,1487013870,0.00,0.00,0.00,0.00,0.20,17.70
S156,1487014169,0.00,0.00,0.00,0.00,0.20,17.70
S156,1487014468,0.00,0.00,0.00,0.00,0.20,17.70
S156,1487014767,0.00,0.00,0.00,0.00,0.20,17.70
S156,1487015066,0.00,0.00,0.00,0.00,0.20,17.70
S156,1487015365,0.00,0.00,0.00,0.00,0.20,17.70
S156,1487015664,0.00,0.00,0.00,0.00,0.20,17.70
S156,1487015963,0.00,0.00,0.00,0.00,0.20,17.70
S156,1487016262,0.00,0.00,0.00,0.00,0.20,17.70
S156,1487016561,0.00,0.00,0.00,0.00,0.20,17.70
S156,1487016860,0.00,0.00,0.00,0.00,0.20,17.70
S156,1487017159,0.00,0.00,0.00,0.00,0.20,17.70
S156,1487017458,0.00,0.00,0.00,0.00,0.20,17.70
S156,1487017757,0.00,0.00,0.00,0.00,0.20,17.70
S156,1487018056,0.00,0.00,0.00,0.00,0.20,17.70
S156,1487018355,0.00,0.00,0.00,0.00,0.20,17.70
S156,1487018654,0.00,0.00,0.00,0.00,0.20,17.70
S156,1487018953,0.00,0.00,0.00,0.00,0.20,17.70
S156,1487019252,0.00,0.00,0.00,0.00,0.20,17.70
S156,1487019551,0.00,0.00,0.00,0.00,0.20,17.70
S156,1487019850,0.00,0.00,0.00,0.00,0.20,17.70
S156,1487020149,0.00,0.00,0.00,0.00,0.20,17.70
S156,1487020448,0.00,0.00,0.00,0.00,0.20,17.70
S156,1487020747,0.00,0.00,0.00,0.00,0.20,17.70
S156,1487021046,0.00,0.00,0.00,0.00,0.20,17.70
S156,1487021345,0.00,0.00,0.00,0.00,0.20,17.70
S156,1487021644,0.00,0.00,0.00,0.00,0.20,17.70
S156,1487021943,0.00,0.00,0.00,0.00,0.20,17.70
S156,1487022242,0.00,0.00,0.00,0.00,0.20,17.70
S156,1487022541,0.00,0.00,0.00,0.00,0.20,17.70
S156,1487022840,0.00,0.00,0.00,0.00,0.20,17.70
S156,1487023139,0.00,0.00,0.00,0.00,0.20,17.70
S156,1487023438,0.00,0.00,0.00,0.00,0.20,17.70
S156,1487023737,0.00,0.00,0.00,0.00,0.20,17.70
S156,1487024036,0.00,0.00,0.00,0.00,0.20,17.70
S156,1487024335,0.00,0.00,0.00,0.00,0.20,17.70
S156,1487024634,0.00,0.00,0.00,0.00,0.20,17.70
S156,1487024933,0.00,0.00,0.00,0.00,0.20,17.70
S156,1487025232,0.00,0.00,0.00,0.00,0.20,17.70
S156,1487025531,0.00,0.00,0.00,0.00,0.20,17.70
S156,1487025830,0.00,0.00,0.00,0.00,0.20,17.60
S156,1487026129,0.00,0.00,0.00,0.00,0.20,17.60
S156,1487026428,0.00,0.00,0.00,0.00,0.20,17.70
S156,1487026728,0.00,0.00,0.00,0.00,0.20,17.70
S156,1487027027,0.00,0.00,0.00,0.00,0.20,17.70
S156,1487027326,0.00,0.00,0.00,0.00,0.20,17.60
S156,1487027625,0.00,0.00,0.00,0.00,0.20,17.60
S156,1487027924,0.00,0.00,0.00,0.00,0.20,17.70
S156,1487028223,0.00,0.00,0.00,0.00,0.20,17.70
S156,1487028522,0.00,0.00,0.00,0.00,0.20,17.70
S156,1487028821,0.00,0.00,0.00,0.00,0.20,17.70
S156,1487029120,0.00,0.00,0.00,0.00,0.20,17.60
S156,1487029419,0.00,0.00,0.00,0.00,0.20,17.70
S156,1487029718,0.00,0.00,0.00,0.00,0.20,17.60
S156,1487030017,0.00,0.00,0.00,0.00,0.20,17.70
S156,1487030316,0.00,0.00,0.00,0.00,0.20,17.60
S156,1487030615,0.00,0.00,0.00,0.00,0.20,17.60
S156,1487030914,0.00,0.00,0.00,0.00,0.20,17.60
S156,1487031213,0.00,0.00,0.00,0.00,0.20,17.60
S156,1487031512,0.00,0.00,0.00,0.00,0.20,17.60
S156,1487031811,0.00,0.00,0.00,0.00,0.20,17.60
S156,1487032110,0.00,0.00,0.00,0.00,0.20,17.60
S156,1487032409,0.00,0.00,0.00,0.00,0.20,17.60
S156,1487032708,0.00,0.00,0.00,0.00,0.20,17.70
S156,1487033007,0.00,0.00,0.00,0.00,0.20,17.60
S156,1487033306,0.00,0.00,0.00,0.00,0.20,17.70
S156,1487033605,0.00,0.00,0.00,0.00,0.20,17.60
S156,1487033904,0.00,0.00,0.00,0.00,0.20,17.60
S156,1487034203,0.00,0.00,0.00,0.00,0.20,17.60
S156,1487034502,0.00,0.00,0.00,0.00,0.20,17.60
S156,1487034801,0.00,0.00,0.00,0.00,0.20,17.60
S156,1487035100,0.00,0.00,0.00,0.00,0.20,17.60
S156,1487035399,0.00,0.00,0.00,0.00,0.20,17.60
S156,1487035698,0.00,0.00,0.00,0.00,0.20,17.60
S156,1487035997,0.00,0.00,0.00,0.00,0.20,17.60
S156,1487036296,0.00,0.00,0.00,0.00,0.20,17.60
S156,1487036595,0.00,0.00,0.00,0.00,0.20,17.60
S156,1487036894,0.00,0.00,0.00,0.00,0.20,17.60
S156,1487037193,0.00,0.00,0.00,0.00,0.20,17.60
S156,1487037492,0.00,0.00,0.00,0.00,0.20,17.60
S156,1487037791,0.00,0.00,0.00,0.00,0.20,17.60
S156,1487038090,0.00,0.00,0.00,0.00,0.20,17.60
S156,1487038389,0.00,0.00,0.00,0.00,0.20,17.60
S156,1487038688,0.00,0.00,0.00,0.00,0.20,17.60
S156,1487038987,0.00,0.00,0.00,0.00,0.20,17.60
S156,1487039286,0.00,0.00,0.00,0.00,0.20,17.60
S156,1487039585,0.00,0.00,0.00,0.00,0.20,17.60
S156,1487039884,0.00,0.00,0.00,0.00,0.20,17.60
S156,1487040183,0.00,0.00,0.00,0.00,0.20,17.60
S156,1487040482,0.00,0.00,0.00,0.00,0.20,17.60
S156,1487040781,0.00,0.00,0.00,0.00,0.20,17.60
S156,1487041080,0.00,0.00,0.00,0.00,0.20,17.60
S156,1487041379,0.00,0.00,0.00,0.00,0.20,17.60
S156,1487041678,0.00,0.00,0.00,0.00,0.20,17.60
S156,1487041977,0.00,0.00,0.00,0.00,0.20,17.60
S156,1487042276,0.00,0.00,0.00,0.00,0.20,17.60
S156,1487042575,0.00,0.00,0.00,0.00,0.20,17.60
S156,1487042874,0.00,0.00,0.00,0.00,0.20,17.60
S156,1487043173,0.00,0.00,0.00,0.00,0.20,17.60
S156,1487043472,0.00,0.00,0.00,0.00,0.20,17.60
S156,1487043771,0.00,0.00,0.00,0.00,0.20,17.60
S156,1487044070,0.00,0.00,0.00,0.00,0.20,17.60
S156,1487044369,0.00,0.00,0.00,0.00,0.20,17.60
S156,1487044668,0.00,0.00,0.00,0.00,0.20,17.60
S156,1487044967,0.00,0.00,0.00,0.00,0.20,17.60
S156,1487045266,0.00,0.00,0.00,0.00,0.20,17.60
S156,1487045565,0.00,0.00,0.00,0.00,0.20,17.60
S156,1487045864,0.00,0.00,0.00,0.00,0.20,17.60
S156,1487046163,0.00,0.00,0.00,0.00,0.20,17.60
S156,1487046462,0.00,0.00,0.00,0.00,0.20,17.60
S156,1487046761,0.00,0.00,0.00,0.00,0.20,17.60
S156,1487047060,0.00,0.00,0.00,0.00,0.20,17.60
S156,1487047359,0.00,0.00,0.00,0.00,0.20,17.60
S156,1487047658,0.00,0.00,0.00,0.00,0.20,17.60
S156,1487047957,0.00,0.00,0.00,0.00,0.20,17.60
S156,1487048256,0.00,0.00,0.00,0.00,0.20,17.60
S156,1487048555,0.00,0.00,0.00,0.00,0.20,17.60
S156,1487048854,0.00,0.00,0.00,0.00,0.20,17.60
S156,1487049153,0.00,0.00,0.00,0.00,0.20,17.60
S156,1487049452,0.00,0.00,0.00,0.00,0.20,17.60
S156,1487049751,0.00,0.00,0.00,0.00,0.20,17.60
S156,1487050050,0.00,0.00,0.00,0.00,0.20,17.60
S156,1487050349,0.00,0.00,0.00,0.00,0.20,17.60
S156,1487050648,0.00,0.00,0.00,0.00,0.20,17.60
S156,1487050947,0.00,0.00,0.00,0.00,0.20,17.60
S156,1487051246,0.00,0.00,0.00,0.00,0.20,17.60
S156,1487051545,0.00,0.00,0.00,0.00,0.20,17.60
S156,1487051844,0.00,0.00,0.00,0.00,0.20,17.60
S156,1487052143,0.00,0.00,0.00,0.00,0.20,17.60
S156,1487052442,0.00,0.00,0.00,0.00,0.20,17.60
S156,1487052741,0.00,0.00,0.00,0.00,0.20,17.60
S156,1487053040,0.00,0.00,0.00,0.00,0.20,17.60
S156,1487053339,0.00,0.00,0.00,0.00,0.20,17.60
S156,1487053638,0.00,0.00,0.00,0.00,0.20,17.60
S156,1487053937,0.00,0.00,0.00,0.00,0.20,17.60
S156,1487054236,0.00,0.00,0.00,0.00,0.20,17.60
S156,1487054535,0.00,0.00,0.00,0.00,0.20,17.60
S156,1487054834,0.00,0.00,0.00,0.00,0.20,17.70
S156,1487055133,0.00,0.00,0.00,0.00,0.20,17.60
S156,1487055432,0.00,0.00,0.00,0.00,0.20,17.70
S156,1487055731,0.00,0.00,0.00,0.00,0.20,17.70
S156,1487056030,0.00,0.00,0.00,0.00,0.20,17.60
S156,1487056329,0.00,0.00,0.00,0.00,0.20,17.70
S156,1487056628,0.00,0.00,0.00,0.00,0.20,17.70
S156,1487056927,0.00,0.00,0.00,0.00,0.20,17.60
S156,1487057226,0.00,0.00,0.00,0.00,0.20,17.60
S156,1487057525,0.00,0.00,0.00,0.00,0.20,17.70
S156,1487057824,0.00,0.00,0.00,0.00,0.20,17.70
S156,1487058123,0.00,0.00,0.00,0.00,0.20,17.70
S156,1487058422,0.00,0.00,0.00,0.00,0.20,17.60
S156,1487058721,0.00,0.00,0.00,0.00,0.20,17.70
S156,1487059020,0.00,0.00,0.00,0.00,0.20,17.60
S156,1487059319,0.00,0.00,0.00,0.00,0.20,17.60
S156,1487059618,0.00,0.00,0.00,0.00,0.20,17.70
S156,1487059917,0.00,0.00,0.00,0.00,0.20,17.70
S156,1487060216,0.00,0.00,0.00,0.00,0.20,17.70
S156,1487060515,0.00,0.00,0.00,0.00,0.20,17.70
S156,1487060814,0.00,0.00,0.00,0.00,0.20,17.70
S156,1487061113,0.00,0.00,0.00,0.00,0.20,17.70
S156,1487061412,0.00,0.00,0.00,0.00,0.20,17.70
S156,1487061711,0.00,0.00,0.00,0.00,0.20,17.70
S156,1487062010,0.00,0.00,0.00,0.00,0.20,17.70
S156,1487062309,0.00,0.00,0.00,0.00,0.20,17.70
S156,1487062608,0.00,0.00,0.00,0.00,0.20,17.70
S156,1487062907,0.00,0.00,0.00,0.00,0.20,17.70
S156,1487063206,0.00,0.00,0.00,0.00,0.20,17.70
S156,1487063505,0.00,0.00,0.00,0.00,0.20,17.70
S156,1487063804,0.00,0.00,0.00,0.00,0.20,17.70
S156,1487064103,0.00,0.00,0.00,0.00,0.20,17.70
S156,1487064402,0.00,0.00,0.00,0.00,0.20,17.70
S156,1487064701,0.00,0.00,0.00,0.00,0.20,17.70
S156,1487065001,0.00,0.00,0.00,0.00,0.20,17.70
S156,1487065300,0.00,0.00,0.00,0.00,0.20,17.70
S156,1487065599,0.00,0.00,0.00,0.00,0.20,17.70
S156,1487065898,0.00,0.00,0.00,0.00,0.20,17.70
S156,1487066197,0.00,0.00,0.00,0.00,0.20,17.70
S156,1487066496,0.00,0.00,0.00,0.00,0.20,17.70
S156,1487066795,0.00,0.00,0.00,0.00,0.20,17.70
S156,1487067094,0.00,0.00,0.00,0.00,0.20,17.70
S156,1487067393,0.00,0.00,0.00,0.00,0.20,17.70
S156,1487067692,0.00,0.00,0.00,0.00,0.20,17.70
S156,1487067991,0.00,0.00,0.00,0.00,0.20,17.70
S156,1487068290,0.00,0.00,0.00,0.00,0.20,17.70
S156,1487068589,0.00,0.00,0.00,0.00,0.20,17.70
S156,1487068888,0.00,0.00,0.00,0.00,0.20,17.70
S156,1487069187,0.00,0.00,0.00,0.00,0.20,17.70
S156,1487069486,0.00,0.00,0.00,0.00,0.20,17.70
S156,1487069785,0.00,0.00,0.00,0.00,0.20,17.70
S156,1487070084,0.00,0.00,0.00,0.00,0.20,17.70
S156,1487070383,0.00,0.00,0.00,0.00,0.20,17.70
S156,1487070682,0.00,0.00,0.00,0.00,0.20,17.70
S156,1487070981,0.00,0.00,0.00,0.00,0.20,17.70
S156,1487071280,0.00,0.00,0.00,0.00,0.20,17.70
S156,1487071579,0.00,0.00,0.00,0.00,0.20,17.70
S156,1487071878,0.00,0.00,0.00,0.00,0.20,17.70
S156,1487072177,0.00,0.00,0.00,0.00,0.20,17.70
S156,1487072476,0.00,0.00,0.00,0.00,0.20,17.70
S156,1487072775,0.00,0.00,0.00,0.00,0.20,17.70
S156,1487073074,0.00,0.00,0.00,0.00,0.20,17.70
S156,1487073373,0.00,0.00,0.00,0.00,0.20,17.70
S156,1487073672,0.00,0.00,0.00,0.00,0.20,17.70
S156,1487073971,0.00,0.00,0.00,0.00,0.20,17.70
S156,1487074270,0.00,0.00,0.00,0.00,0.20,17.70
S156,1487074569,0.00,0.00,0.00,0.00,0.20,17.70
S156,1487074868,0.00,0.00,0.00,0.00,0.20,17.70
S156,1487075167,0.00,0.00,0.00,0.00,0.20,17.70
S156,1487075466,0.00,0.00,0.00,0.00,0.20,17.70
S156,1487075765,0.00,0.00,0.00,0.00,0.20,17.70
S156,1487076064,0.00,0.00,0.00,0.00,0.20,17.70
S156,1487076363,0.00,0.00,0.00,0.00,0.20,17.70
S156,1487076662,0.00,0.00,0.00,0.00,0.20,17.70
S156,1487076961,0.00,0.00,0.00,0.00,0.20,17.70
S156,1487077260,0.00,0.00,0.00,0.00,0.20,17.70
S156,1487077559,0.00,0.00,0.00,0.00,0.20,17.70
S156,1487077858,0.00,0.00,0.00,0.00,0.20,17.70
S156,1487078157,0.00,0.00,0.00,0.00,0.20,17.70
S156,1487078456,0.00,0.00,0.00,0.00,0.20,17.70
S156,1487078755,0.00,0.00,0.00,0.00,0.20,17.70
S156,1487079054,0.00,0.00,0.00,0.00,0.20,17.70
S156,1487079353,0.00,0.00,0.00,0.00,0.20,17.70
S156,1487079652,0.00,0.00,0.00,0.00,0.20,17.70
S156,1487079951,0.00,0.00,0.00,0.00,0.20,17.70
S156,1487080250,0.00,0.00,0.00,0.00,0.20,17.70
S156,1487080549,0.00,0.00,0.00,0.00,0.20,17.70
S156,1487080848,0.00,0.00,0.00,0.00,0.20,17.70
S156,1487081147,0.00,0.00,0.00,0.00,0.20,17.70
S156,1487081446,0.00,0.00,0.00,0.00,0.20,17.70
S156,1487081745,0.00,0.00,0.00,0.00,0.20,17.70
S156,1487082044,0.00,0.00,0.00,0.00,0.20,17.70
S156,1487082343,0.00,0.00,0.00,0.00,0.20,17.70
S156,1487082642,0.00,0.00,0.00,0.00,0.20,17.70
S156,1487082941,0.00,0.00,0.00,0.00,0.20,17.70
S156,1487083240,0.00,0.00,0.00,0.00,0.20,17.70
S156,1487083539,0.00,0.00,0.00,0.00,0.20,17.70
S156,1487083838,0.00,0.00,0.00,0.00,0.20,17.70
S156,1487084137,0.00,0.00,0.00,0.00,0.20,17.70
S156,1487084436,0.00,0.00,0.00,0.00,0.20,17.70
S156,1487084735,0.00,0.00,0.00,0.00,0.20,17.70
S156,1487085034,0.00,0.00,0.00,0.00,0.20,17.70
S156,1487085333,0.00,0.00,0.00,0.00,0.20,17.70
S156,1487085632,0.00,0.00,0.00,0.00,0.20,17.70
S156,1487085931,0.00,0.00,0.00,0.00,0.20,17.70
S156,1487086230,0.00,0.00,0.00,0.00,0.20,17.70
S156,1487086529,0.00,0.00,0.00,0.00,0.20,17.70
S156,1487086828,0.00,0.00,0.00,0.00,0.20,17.70
S156,1487087127,0.00,0.00,0.00,0.00,0.20,17.70
S156,1487087426,0.00,0.00,0.00,0.00,0.20,17.70
S156,1487087725,0.00,0.00,0.00,0.00,0.20,17.70
S156,1487088024,0.00,0.00,0.00,0.00,0.20,17.70
S156,1487088323,0.00,0.00,0.00,0.00,0.20,17.70
S156,1487088622,0.00,0.00,0.00,0.00,0.20,17.70
S156,1487088921,0.00,0.00,0.00,0.00,0.20,17.70
S156,1487089220,0.00,0.00,0.00,0.00,0.20,17.70
S156,1487089519,0.00,0.00,0.00,0.00,0.20,17.70
S156,1487089818,0.00,0.00,0.00,0.00,0.20,17.70
S156,1487090117,0.00,0.00,0.00,0.00,0.20,17.70
S156,1487090416,0.00,0.00,0.00,0.00,0.20,17.70
S156,1487090715,0.00,0.00,0.00,0.00,0.20,17.70
S156,1487091014,0.00,0.00,0.00,0.00,0.20,17.70
S156,1487091313,0.00,0.00,0.00,0.00,0.20,17.70
S156,1487091612,0.00,0.00,0.00,0.00,0.20,17.70
S156,1487091911,0.00,0.00,0.00,0.00,0.20,17.70
S156,1487092210,0.00,0.00,0.00,0.00,0.20,17.70
S156,1487092509,0.00,0.00,0.00,0.00,0.20,17.70
S156,1487092808,0.00,0.00,0.00,0.00,0.20,17.70
S156,1487093107,0.00,0.00,0.00,0.00,0.20,17.70
S156,1487093406,0.00,0.00,0.00,0.00,0.20,17.70
S156,1487093705,0.00,0.00,0.00,0.00,0.20,17.70
S156,1487094004,0.00,0.00,0.00,0.00,0.20,17.70
S156,1487094303,0.00,0.00,0.00,0.00,0.20,17.70
S156,1487094602,0.00,0.00,0.00,0.00,0.20,17.70
S156,1487094901,0.00,0.00,0.00,0.00,0.20,17.70
S156,1487095200,0.00,0.00,0.00,0.00,0.20,17.70
S156,1487095499,0.00,0.00,0.00,0.00,0.20,17.70
S156,1487095798,0.00,0.00,0.00,0.00,0.20,17.70
S156,1487096097,0.00,0.00,0.00,0.00,0.20,17.70
S156,1487096396,0.00,0.00,0.00,0.00,0.20,17.70
S156,1487096695,0.00,0.00,0.00,0.00,0.20,17.70
S156,1487096994,0.00,0.00,0.00,0.00,0.20,17.70
S156,1487097293,0.00,0.00,0.00,0.00,0.20,17.70
S156,1487097592,0.00,0.00,0.00,0.00,0.20,17.70
S156,1487097891,0.00,0.00,0.00,0.00,0.20,17.70
S156,1487098190,0.00,0.00,0.00,0.00,0.20,17.70
S156,1487098489,0.00,0.00,0.00,0.00,0.20,17.70
S156,1487098788,0.00,0.00,0.00,0.00,0.20,17.70
S156,1487099087,0.00,0.00,0.00,0.00,0.20,17.70
S156,1487099386,0.00,0.00,0.00,0.00,0.20,17.70
S156,1487099685,0.00,0.00,0.00,0.00,0.20,17.70
S156,1487099984,0.00,0.00,0.00,0.00,0.20,17.70
S156,1487100283,0.00,0.00,0.00,0.00,0.20,17.70
S156,1487100582,0.00,0.00,0.00,0.00,0.20,17.70
S156,1487100881,0.00,0.00,0.00,0.00,0.20,17.70
S156,1487101180,0.00,0.00,0.00,0.00,0.20,17.70
S156,1487101479,0.00,0.00,0.00,0.00,0.20,17.70
S156,1487101778,0.00,0.00,0.00,0.00,0.20,17.70
S156,1487102077,0.00,0.00,0.00,0.00,0.20,17.70
S156,1487102376,0.00,0.00,0.00,0.00,0.20,17.70
S156,1487102675,0.00,0.00,0.00,0.00,0.20,17.70
S156,1487102974,0.00,0.00,0.00,0.00,0.20,17.70
S156,1487103274,0.00,0.00,0.00,0.00,0.20,17.70
S156,1487103573,0.00,0.00,0.00,0.00,0.20,17.70
S156,1487103872,0.00,0.00,0.00,0.00,0.20,17.70
S156,1487104171,0.00,0.00,0.00,0.00,0.20,17.70
S156,1487104470,0.00,0.00,0.00,0.00,0.20,17.70
S156,1487104769,0.00,0.00,0.00,0.00,0.20,17.70
S156,1487105068,0.00,0.00,0.00,0.00,0.20,17.70
S156,1487105367,0.00,0.00,0.00,0.00,0.20,17.70
S156,1487105666,0.00,0.00,0.00,0.00,0.20,17.70
S156,1487105965,0.00,0.00,0.00,0.00,0.20,17.70
S156,1487106264,0.00,0.00,0.00,0.00,0.20,17.70
S156,1487106563,0.00,0.00,0.00,0.00,0.20,17.70
S156,1487106862,0.00,0.00,0.00,0.00,0.20,17.70
S156,1487107161,0.00,0.00,0.00,0.00,0.20,17.70
S156,1487107460,0.00,0.00,0.00,0.00,0.20,17.70
S156,1487107759,0.00,0.00,0.00,0.00,0.20,17.70
S156,1487108058,0.00,0.00,0.00,0.00,0.20,17.70
S156,1487108357,0.00,0.00,0.00,0.00,0.20,17.70
S156,1487108656,0.00,0.00,0.00,0.00,0.20,17.70
S156,1487108955,0.00,0.00,0.00,0.00,0.20,17.70
S156,1487109254,0.00,0.00,0.00,0.00,0.20,17.60
S156,1487109553,0.00,0.00,0.00,0.00,0.20,17.60
S156,1487109852,0.00,0.00,0.00,0.00,0.20,17.70
S156,1487110151,0.00,0.00,0.00,0.00,0.20,17.70
S156,1487110450,0.00,0.00,0.00,0.00,0.20,17.70
S156,1487110749,0.00,0.00,0.00,0.00,0.20,17.70
S156,1487111048,0.00,0.00,0.00,0.00,0.20,17.60
S156,1487111347,0.00,0.00,0.00,0.00,0.20,17.60
S156,1487111646,0.00,0.00,0.00,0.00,0.20,17.70
S156,1487111945,0.00,0.00,0.00,0.00,0.20,17.60
S156,1487112244,0.00,0.00,0.00,0.00,0.20,17.60
S156,1487112543,0.00,0.00,0.00,0.00,0.20,17.60
S156,1487112842,0.00,0.00,0.00,0.00,0.20,17.60
S156,1487113141,0.00,0.00,0.00,0.00,0.20,17.60
S156,1487113440,0.00,0.00,0.00,0.00,0.20,17.60
S156,1487113739,0.00,0.00,0.00,0.00,0.20,17.70
S156,1487114038,0.00,0.00,0.00,0.00,0.20,17.70
S156,1487114337,0.00,0.00,0.00,0.00,0.20,17.60
S156,1487114636,0.00,0.00,0.00,0.00,0.20,17.60
S156,1487114935,0.00,0.00,0.00,0.00,0.20,17.60
S156,1487115234,0.00,0.00,0.00,0.00,0.20,17.60
S156,1487115533,0.00,0.00,0.00,0.00,0.20,17.70
S156,1487115832,0.00,0.00,0.00,0.00,0.20,17.60
S156,1487116131,0.00,0.00,0.00,0.00,0.20,17.60
S156,1487116430,0.00,0.00,0.00,0.00,0.20,17.60
S156,1487116729,0.00,0.00,0.00,0.00,0.20,17.60
S156,1487117028,0.00,0.00,0.00,0.00,0.20,17.60
S156,1487117327,0.00,0.00,0.00,0.00,0.20,17.60
S156,1487117626,0.00,0.00,0.00,0.00,0.20,17.60
S156,1487117925,0.00,0.00,0.00,0.00,0.20,17.60
S156,1487118224,0.00,0.00,0.00,0.00,0.20,17.60
S156,1487118523,0.00,0.00,0.00,0.00,0.20,17.60
S156,1487118822,0.00,0.00,0.00,0.00,0.20,17.60
S156,1487119121,0.00,0.00,0.00,0.00,0.20,17.60
S156,1487119420,0.00,0.00,0.00,0.00,0.20,17.60
S156,1487119719,0.00,0.00,0.00,0.00,0.20,17.60
S156,1487120018,0.00,0.00,0.00,0.00,0.20,17.60
S156,1487120317,0.00,0.00,0.00,0.00,0.20,17.60
S156,1487120616,0.00,0.00,0.00,0.00,0.20,17.60
S156,1487120915,0.00,0.00,0.00,0.00,0.20,17.60
S156,1487121214,0.00,0.00,0.00,0.00,0.20,17.60
S156,1487121513,0.00,0.00,0.00,0.00,0.20,17.60
S156,1487121812,0.00,0.00,0.00,0.00,0.20,17.60
S156,1487122111,0.00,0.00,0.00,0.00,0.20,17.60
S156,1487122410,0.00,0.00,0.00,0.00,0.20,17.60
S156,1487122709,0.00,0.00,0.00,0.00,0.20,17.60
S156,1487123008,0.00,0.00,0.00,0.00,0.20,17.60
S156,1487123307,0.00,0.00,0.00,0.00,0.20,17.60
S156,1487123606,0.00,0.00,0.00,0.00,0.20,17.60
S156,1487123905,0.00,0.00,0.00,0.00,0.20,17.60
S156,1487124204,0.00,0.00,0.00,0.00,0.20,17.60
S156,1487124503,0.00,0.00,0.00,0.00,0.20,17.60
S156,1487124802,0.00,0.00,0.00,0.00,0.20,17.60
S156,1487125101,0.00,0.00,0.00,0.00,0.20,17.60
S156,1487125400,0.00,0.00,0.00,0.00,0.20,17.60
S156,1487125699,0.00,0.00,0.00,0.00,0.20,17.60
S156,1487125998,0.00,0.00,0.00,0.00,0.20,17.60
S156,1487126297,0.00,0.00,0.00,0.00,0.20,17.60
S156,1487126596,0.00,0.00,0.00,0.00,0.20,17.60
S156,1487126895,0.00,0.00,0.00,0.00,0.20,17.60
S156,1487127194,0.00,0.00,0.00,0.00,0.20,17.60
S156,1487127493,0.00,0.00,0.00,0.00,0.20,17.60
S156,1487127792,0.00,0.00,0.00,0.00,0.20,17.60
S156,1487128091,0.00,0.00,0.00,0.00,0.20,17.60
S156,1487128390,0.00,0.00,0.00,0.00,0.20,17.60
S156,1487128689,0.00,0.00,0.00,0.00,0.20,17.60
S156,1487128988,0.00,0.00,0.00,0.00,0.20,17.60
S156,1487129287,0.00,0.00,0.00,0.00,0.20,17.60
S156,1487129586,0.00,0.00,0.00,0.00,0.20,17.60
S156,1487129885,0.00,0.00,0.00,0.00,0.20,17.60
S156,1487130184,0.00,0.00,0.00,0.00,0.20,17.60
S156,1487130483,0.00,0.00,0.00,0.00,0.20,17.60
S156,1487130782,0.00,0.00,0.00,0.00,0.20,17.60
S156,1487131081,0.00,0.00,0.00,0.00,0.20,17.60
S156,1487131380,0.00,0.00,0.00,0.00,0.20,17.60
S156,1487131679,0.00,0.00,0.00,0.00,0.20,17.60
S156,1487131978,0.00,0.00,0.00,0.00,0.20,17.60
S156,1487132277,0.00,0.00,0.00,0.00,0.20,17.60
S156,1487132576,0.00,0.00,0.00,0.00,0.20,17.60
S156,1487132875,0.00,0.00,0.00,0.00,0.20,17.60
S156,1487133174,0.00,0.00,0.00,0.00,0.20,17.60
S156,1487133473,0.00,0.00,0.00,0.00,0.20,17.60
S156,1487133772,0.00,0.00,0.00,0.00,0.20,17.60
S156,1487134071,0.00,0.00,0.00,0.00,0.20,17.60
S156,1487134370,0.00,0.00,0.00,0.00,0.20,17.60
S156,1487134669,0.00,0.00,0.00,0.00,0.20,17.60
S156,1487134968,0.00,0.00,0.00,0.00,0.20,17.60
S156,1487135267,0.00,0.00,0.00,0.00,0.20,17.60
S156,1487135566,0.00,0.00,0.00,0.00,0.20,17.60
S156,1487135865,0.00,0.00,0.00,0.00,0.20,17.60
S156,1487136164,0.00,0.00,0.00,0.00,0.20,17.60
S156,1487136463,0.00,0.00,0.00,0.00,0.20,17.60
S156,1487136762,0.00,0.00,0.00,0.00,0.20,17.60
S156,1487137061,0.00,0.00,0.00,0.00,0.20,17.60
S156,1487137360,0.00,0.00,0.00,0.00,0.20,17.60
S156,1487137659,0.00,0.00,0.00,0.00,0.20,17.60
S156,1487137958,0.00,0.00,0.00,0.00,0.20,17.60
S156,1487138257,0.00,0.00,0.00,0.00,0.20,17.60
S156,1487138556,0.00,0.00,0.00,0.00,0.20,17.60
S156,1487138855,0.00,0.00,0.00,0.00,0.20,17.60
S156,1487139154,0.00,0.00,0.00,0.00,0.20,17.60
S156,1487139453,0.00,0.00,0.00,0.00,0.20,17.60
S156,1487139752,0.00,0.00,0.00,0.00,0.20,17.60
S156,1487140051,0.00,0.00,0.00,0.00,0.20,17.60
S156,1487140350,0.00,0.00,0.00,0.00,0.20,17.60
S156,1487140649,0.00,0.00,0.00,0.00,0.20,17.60
S156,1487140948,0.00,0.00,0.00,0.00,0.20,17.60
S156,1487141247,0.00,0.00,0.00,0.00,0.20,17.60
S156,1487141547,0.00,0.00,0.00,0.00,0.20,17.60
S156,1487141846,0.00,0.00,0.00,0.00,0.20,17.60
S156,1487142145,0.00,0.00,0.00,0.00,0.20,17.60
S156,1487142444,0.00,0.00,0.00,0.00,0.20,17.60
S156,1487142743,0.00,0.00,0.00,0.00,0.20,17.60
S156,1487143042,0.00,0.00,0.00,0.00,0.20,17.60
S156,1487143341,0.00,0.00,0.00,0.00,0.20,17.60
S156,1487143640,0.00,0.00,0.00,0.00,0.20,17.60
S156,1487143939,0.00,0.00,0.00,0.00,0.20,17.60
S156,1487144238,0.00,0.00,0.00,0.00,0.20,17.60
S156,1487144537,0.00,0.00,0.00,0.00,0.20,17.60
S156,1487144836,0.00,0.00,0.00,0.00,0.20,17.60
S156,1487145135,0.00,0.00,0.00,0.00,0.20,17.60
S156,1487145434,0.00,0.00,0.00,0.00,0.20,17.60
S156,1487145733,0.00,0.00,0.00,0.00,0.20,17.60
S156,1487146032,0.00,0.00,0.00,0.00,0.20,17.60
S156,1487146331,0.00,0.00,0.00,0.00,0.20,17.70
S156,1487146630,0.00,0.00,0.00,0.00,0.20,17.70
S156,1487146929,0.00,0.00,0.00,0.00,0.20,17.60
S156,1487147228,0.00,0.00,0.00,0.00,0.20,17.70
S156,1487147527,0.00,0.00,0.00,0.00,0.20,17.60
S156,1487147826,0.00,0.00,0.00,0.00,0.20,17.60
S156,1487148125,0.00,0.00,0.00,0.00,0.20,17.60
S156,1487148424,0.00,0.00,0.00,0.00,0.20,17.60
S156,1487148723,0.00,0.00,0.00,0.00,0.20,17.60
S156,1487149022,0.00,0.00,0.00,0.00,0.20,17.70
S156,1487149321,0.00,0.00,0.00,0.00,0.20,17.60
S156,1487149620,0.00,0.00,0.00,0.00,0.20,17.60
S156,1487149919,0.00,0.00,0.00,0.00,0.20,17.60
S156,1487150218,0.00,0.00,0.00,0.00,0.20,17.60
S156,1487150517,0.00,0.00,0.00,0.00,0.20,17.60
S156,1487150816,0.00,0.00,0.00,0.00,0.20,17.60
S156,1487151115,0.00,0.00,0.00,0.00,0.20,17.60
S156,1487151414,0.00,0.00,0.00,0.00,0.20,17.60
S156,1487151713,0.00,0.00,0.00,0.00,0.20,17.60
S156,1487152012,0.00,0.00,0.00,0.00,0.20,17.60
S156,1487152311,0.00,0.00,0.00,0.00,0.20,17.70
S156,1487152610,0.00,0.00,0.00,0.00,0.20,17.70
S156,1487152909,0.00,0.00,0.00,0.00,0.20,17.70
S156,1487153208,0.00,0.00,0.00,0.00,0.20,17.70
S156,1487153507,0.00,0.00,0.00,0.00,0.20,17.70
S156,1487153806,0.00,0.00,0.00,0.00,0.20,17.70
S156,1487154105,0.00,0.00,0.00,0.00,0.20,17.70
S156,1487154404,0.00,0.00,0.00,0.00,0.20,17.70
S156,1487154703,0.00,0.00,0.00,0.00,0.20,17.70
S156,1487155002,0.00,0.00,0.00,0.00,0.20,17.70
S156,1487155301,0.00,0.00,0.00,0.00,0.20,17.70
S156,1487155600,0.00,0.00,0.00,0.00,0.20,17.70
S156,1487155899,0.00,0.00,0.00,0.00,0.20,17.70
S156,1487156198,0.00,0.00,0.00,0.00,0.20,17.70
S156,1487156497,0.00,0.00,0.00,0.00,0.20,17.60
S156,1487156796,0.00,0.00,0.00,0.00,0.20,17.70
S156,1487157095,0.00,0.00,0.00,0.00,0.20,17.70
S156,1487157394,0.00,0.00,0.00,0.00,0.20,17.70
S156,1487157693,0.00,0.00,0.00,0.00,0.20,17.70
S156,1487157992,0.00,0.00,0.00,0.00,0.20,17.70
S156,1487158291,0.00,0.00,0.00,0.00,0.20,17.70
S156,1487158590,0.00,0.00,0.00,0.00,0.20,17.70
S156,1487158889,0.00,0.00,0.00,0.00,0.20,17.70
S156,1487159188,0.00,0.00,0.00,0.00,0.20,17.70
S156,1487159487,0.00,0.00,0.00,0.00,0.20,17.70
S156,1487159786,0.00,0.00,0.00,0.00,0.20,17.70
