Device,Time,DHT1-OUT Temp,DHT1-OUT Hum,DHT2-IN Temp,DHT2-IN Hum,Soil,Infrared
S108,1486911899,21.80,12.40,21.60,12.70,0.10,17.60
S108,1486912198,21.80,13.30,21.70,11.40,0.10,17.60
S108,1486912497,21.80,13.70,21.70,11.70,0.10,17.60
S108,1486912796,21.80,13.30,21.70,11.70,0.10,17.60
S108,1486913095,21.80,13.30,21.70,11.50,0.10,17.60
S108,1486913394,21.80,13.30,21.70,11.40,0.10,17.60
S108,1486913693,21.70,13.00,21.60,11.70,0.20,17.60
S108,1486913992,21.70,13.20,21.70,11.80,0.10,17.60
S108,1486914291,21.70,13.50,21.70,11.80,0.10,17.60
S108,1486914590,21.70,13.30,21.80,11.80,0.10,17.60
S108,1486914889,21.70,13.30,21.80,11.50,0.10,17.60
S108,1486915188,21.70,13.10,21.80,11.50,0.10,17.60
S108,1486915487,21.70,13.40,21.70,11.50,0.10,17.60
S108,1486915786,21.70,13.30,21.70,11.50,0.10,17.60
S108,1486916085,21.70,13.20,21.60,11.40,0.10,17.60
S108,1486916384,21.60,12.90,21.50,11.50,0.10,17.60
S108,1486916683,21.60,12.80,21.50,11.20,0.20,17.60
S108,1486916982,21.60,13.10,21.50,11.40,0.10,17.60
S108,1486917281,21.60,13.10,21.40,11.70,0.10,17.60
S108,1486917580,21.60,13.00,21.50,11.60,0.10,17.60
S108,1486917879,21.60,12.70,21.50,11.70,0.10,17.60
S108,1486918178,21.60,12.70,21.40,11.20,0.10,17.60
S108,1486918477,21.60,12.50,21.40,11.20,0.10,17.60
S108,1486918776,21.60,12.90,21.30,11.20,0.10,17.60
S108,1486919075,21.50,12.90,21.30,11.30,0.10,17.60
S108,1486919374,21.50,13.20,21.40,11.50,0.10,17.60
S108,1486919673,21.50,12.90,21.40,11.50,0.10,17.60
S108,1486919973,21.50,13.10,21.40,11.30,0.10,17.60
S108,1486920272,21.50,12.70,21.40,11.20,0.10,17.60
S108,1486920571,21.50,12.70,21.40,11.00,0.10,17.60
S108,1486920870,21.50,12.90,21.30,10.90,0.10,17.60
S108,1486921169,21.50,13.00,21.30,11.20,0.10,17.60
S108,1486921469,21.50,12.90,21.40,11.20,0.10,17.60
S108,1486921768,21.50,13.20,21.40,11.50,0.10,17.60
S108,1486922067,21.50,13.10,21.40,11.50,0.20,17.60
S108,1486922367,21.50,13.20,21.40,11.50,0.10,17.60
S108,1486922666,21.50,12.90,21.40,11.10,0.10,17.60
S108,1486922966,21.50,12.70,21.30,10.80,0.10,17.60
S108,1486923265,21.50,12.90,21.30,11.30,0.10,17.60
S108,1486923564,21.40,13.10,21.30,11.30,0.10,17.60
S108,1486923863,21.50,13.10,21.30,11.50,0.10,17.60
S108,1486924162,21.50,12.90,21.30,11.40,0.10,17.60
S108,1486924461,21.40,13.20,21.30,11.50,0.10,17.60
S108,1486924761,21.40,13.00,21.30,11.20,0.10,17.60
S108,1486925060,21.40,12.80,21.20,10.90,0.10,17.60
S108,1486925359,21.40,12.90,21.30,11.30,0.10,17.60
S108,1486925658,21.40,12.70,21.30,11.30,0.10,17.60
S108,1486925958,21.40,13.10,21.30,11.40,0.10,17.60
S108,1486926257,21.40,13.10,21.30,11.50,0.10,17.60
S108,1486926557,21.40,12.90,21.30,11.20,0.10,17.60
S108,1486926856,21.40,13.00,21.30,10.90,0.10,17.60
S108,1486927155,21.40,12.60,21.20,10.90,0.10,17.60
S108,1486927454,21.40,12.80,21.20,11.20,0.10,17.60
S108,1486927753,21.40,12.80,21.30,11.20,0.10,17.60
S108,1486928052,21.40,12.60,21.30,11.20,0.10,17.60
S108,1486928352,21.40,12.80,21.30,11.70,0.10,17.60
S108,1486928651,21.40,12.80,21.30,11.10,0.10,17.60
S108,1486928950,21.40,12.80,21.30,10.80,0.10,17.60
S108,1486929250,21.40,12.70,21.20,10.90,0.10,17.60
S108,1486929549,21.40,12.80,21.30,11.10,0.10,17.60
S108,1486929848,21.40,12.40,21.30,11.30,0.10,17.60
S108,1486930147,21.40,12.70,21.30,11.20,0.10,17.60
S108,1486930446,21.40,12.70,21.30,11.30,0.10,17.60
S108,1486930746,21.40,13.10,21.30,10.90,0.10,17.60
S108,1486931045,21.40,12.60,21.20,10.80,0.10,17.60
S108,1486931344,21.40,12.70,21.20,10.90,0.10,17.60
S108,1486931643,21.40,12.70,21.20,11.10,0.10,17.60
S108,1486931942,21.40,12.80,21.30,11.10,0.20,17.60
S108,1486932241,21.40,13.00,21.30,11.30,0.10,17.60
S108,1486932541,21.40,12.90,21.30,11.30,0.10,17.60
S108,1486932840,21.40,12.70,21.30,11.10,0.20,17.60
S108,1486933139,21.40,12.40,21.20,10.80,0.10,17.60
S108,1486933438,21.40,12.80,21.20,10.90,0.10,17.60
S108,1486933737,21.40,12.80,21.10,11.20,0.10,17.60
S108,1486934036,21.40,12.80,21.10,11.20,0.10,17.60
S108,1486934336,21.40,12.90,21.10,11.40,0.10,17.60
S108,1486934635,21.30,12.70,21.10,11.40,0.10,17.60
S108,1486934934,21.30,12.60,21.00,10.90,0.10,17.60
S108,1486935233,21.30,12.40,20.80,11.00,0.10,17.60
S108,1486935532,21.30,12.30,20.70,11.00,0.20,17.60
S108,1486935831,21.20,12.20,20.60,11.10,0.10,17.60
S108,1486936131,21.20,12.50,20.60,11.10,0.10,17.60
S108,1486936430,21.10,12.30,20.50,11.10,0.20,17.60
S108,1486936729,21.00,12.20,20.40,11.20,0.20,17.60
S108,1486937028,21.00,12.60,20.30,11.40,0.20,17.60
S108,1486937327,21.00,12.80,20.30,11.50,0.10,17.60
S108,1486937626,20.90,12.70,20.20,11.50,0.20,17.60
S108,1486937925,20.80,12.60,20.20,11.70,0.10,17.60
S108,1486938224,20.80,12.70,20.20,11.80,0.10,17.60
S108,1486938523,20.80,12.60,20.30,12.00,0.10,17.60
S108,1486938822,20.80,13.10,20.20,12.00,0.10,17.60
S108,1486939121,20.70,13.10,20.20,12.10,0.10,17.60
S108,1486939420,20.70,12.90,20.20,12.10,0.20,17.60
S108,1486939719,20.70,13.10,20.20,12.20,0.10,17.60
S108,1486940018,20.70,13.20,20.20,12.30,0.10,17.60
S108,1486940318,20.60,13.00,20.20,12.30,0.10,17.60
S108,1486940617,20.60,13.20,20.10,12.30,0.10,17.60
S108,1486940916,20.60,13.50,20.10,12.30,0.10,17.60
S108,1486941215,20.60,13.50,20.10,12.40,0.10,17.60
S108,1486941514,20.50,13.20,20.00,12.40,0.10,17.60
S108,1486941813,20.50,13.50,20.00,12.60,0.10,17.60
S108,1486942112,20.50,13.40,20.00,12.60,0.10,17.60
S108,1486942411,20.50,13.70,20.00,12.70,0.10,17.60
S108,1486942710,20.40,13.70,20.00,12.80,0.10,17.60
S108,1486943009,20.40,13.60,19.90,12.80,0.10,17.60
S108,1486943308,20.40,13.80,19.90,12.80,0.10,17.60
S108,1486943607,20.40,13.80,19.80,12.80,0.10,17.60
S108,1486943906,20.30,13.70,19.80,12.80,0.20,17.60
S108,1486944205,20.30,13.80,19.80,12.80,0.10,17.60
S108,1486944504,20.30,13.90,19.80,12.90,0.10,17.60
S108,1486944803,20.30,13.70,19.60,12.90,0.10,17.60
S108,1486945102,20.20,13.70,19.60,13.10,0.10,17.60
S108,1486945401,20.20,13.90,19.50,13.00,0.10,17.60
S108,1486945700,20.10,13.60,19.50,13.10,0.10,17.60
S108,1486945999,20.10,13.70,19.50,13.20,0.10,17.60
S108,1486946298,20.10,13.90,19.40,13.20,0.10,17.60
S108,1486946597,20.00,14.30,19.40,13.30,0.10,17.60
S108,1486946896,20.00,13.90,19.30,13.80,0.10,17.60
S108,1486947195,19.90,13.90,19.30,13.30,0.10,17.60
S108,1486947494,19.90,14.10,19.20,13.40,0.10,17.60
S108,1486947793,19.80,14.00,19.20,13.30,0.10,17.60
S108,1486948092,19.80,13.90,19.20,13.30,0.10,17.60
S108,1486948391,19.80,14.30,19.20,13.30,0.10,17.60
S108,1486948690,19.80,14.00,19.20,13.40,0.10,17.60
S108,1486948989,19.70,13.90,19.10,13.40,0.10,17.60
S108,1486949288,19.70,14.10,19.10,13.30,0.10,17.60
S108,1486949587,19.70,14.40,19.10,13.40,0.10,17.60
S108,1486949886,19.60,14.20,19.00,13.30,0.10,17.60
S108,1486950186,19.60,14.10,19.00,13.30,0.10,17.60
S108,1486950485,19.60,14.20,19.00,13.40,0.10,17.60
S108,1486950784,19.60,14.00,19.00,13.50,0.10,17.60
S108,1486951083,19.50,14.40,18.90,13.50,0.10,17.60
S108,1486951382,19.50,14.40,18.90,13.70,0.10,17.60
S108,1486951681,19.50,14.50,18.90,13.80,0.10,17.60
S108,1486951980,19.40,14.40,18.90,13.90,0.10,17.60
S108,1486952279,19.40,14.50,18.90,13.90,0.20,17.60
S108,1486952578,19.40,14.50,18.90,13.90,0.10,17.60
S108,1486952877,19.40,14.40,18.80,13.90,0.10,17.60
S108,1486953176,19.30,14.50,18.80,13.80,0.10,17.60
S108,1486953475,19.30,14.30,18.70,13.70,0.10,17.60
S108,1486953774,19.30,14.60,18.70,13.80,0.10,17.60
S108,1486954073,19.30,14.60,18.70,13.90,0.10,17.60
S108,1486954372,19.20,14.50,18.70,13.90,0.10,17.60
S108,1486954671,19.20,14.40,18.70,13.80,0.10,17.60
S108,1486954970,19.20,14.40,18.70,13.80,0.10,17.60
S108,1486955269,19.10,14.20,18.60,13.60,0.10,17.60
S108,1486955568,19.10,14.50,18.60,13.70,0.10,17.60
S108,1486955867,19.10,14.60,18.60,13.80,0.20,17.60
S108,1486956166,19.10,14.60,18.60,13.90,0.10,17.60
S108,1486956465,19.10,14.50,18.60,13.90,0.10,17.60
S108,1486956764,19.00,14.40,18.50,13.80,0.10,17.60
S108,1486957063,19.00,14.60,18.50,13.80,0.10,17.60
S108,1486957362,19.00,14.50,18.50,13.70,0.10,17.50
S108,1486957661,19.00,14.40,18.50,13.70,0.10,17.60
S108,1486957960,19.00,14.50,18.50,13.70,0.10,17.60
S108,1486958259,19.00,14.60,18.50,13.70,0.10,17.60
S108,1486958558,18.90,14.30,18.50,13.70,0.10,17.60
S108,1486958857,18.90,14.40,18.40,13.70,0.10,17.60
S108,1486959156,18.90,14.70,18.50,13.90,0.10,17.60
S108,1486959455,18.90,14.70,18.50,13.80,0.10,17.60
S108,1486959754,18.90,14.70,18.50,13.80,0.10,17.60
S108,1486960053,18.90,14.90,18.50,13.70,0.10,17.60
S108,1486960352,18.90,14.70,18.60,13.60,0.10,17.60
S108,1486960651,18.90,14.60,18.60,13.50,0.10,17.60
S108,1486960950,18.90,14.40,18.60,13.40,0.10,17.60
S108,1486961249,18.90,14.40,18.60,13.30,0.20,17.60
S108,1486961548,18.90,14.30,18.60,13.30,0.10,17.60
S108,1486961847,18.90,14.30,18.50,13.20,0.10,17.60
S108,1486962146,18.90,14.20,18.40,13.20,0.10,17.60
S108,1486962445,18.90,14.30,18.40,13.20,0.10,17.60
S108,1486962744,18.80,13.90,18.40,13.10,0.20,17.60
S108,1486963043,18.80,14.20,18.40,13.10,0.10,17.60
S108,1486963342,18.80,14.40,18.40,13.20,0.10,17.60
S108,1486963641,18.80,14.70,18.40,13.40,0.10,17.60
S108,1486963940,18.80,14.90,18.50,13.50,0.10,17.60
S108,1486964239,18.80,15.00,18.60,13.60,0.10,17.60
S108,1486964538,18.80,15.10,18.70,13.70,0.10,17.60
S108,1486964837,18.80,15.10,18.70,13.50,0.10,17.60
S108,1486965136,18.80,15.20,18.80,13.60,0.10,17.60
S108,1486965435,18.90,15.30,18.80,13.60,0.10,17.60
S108,1486965734,18.90,15.30,18.90,13.70,0.20,17.60
S108,1486966033,18.90,15.30,19.00,13.60,0.10,17.60
S108,1486966332,19.00,15.20,19.00,13.50,0.10,17.60
S108,1486966631,19.00,15.30,19.10,13.70,0.10,17.60
S108,1486966930,19.00,15.30,19.10,13.60,0.10,17.60
S108,1486967229,19.00,15.20,19.10,13.60,0.10,17.60
S108,1486967528,19.10,15.30,19.20,13.60,0.10,17.60
S108,1486967827,19.10,15.30,19.20,13.60,0.10,17.60
S108,1486968126,19.10,15.30,19.20,13.50,0.10,17.60
S108,1486968425,19.20,15.30,19.30,13.60,0.10,17.60
S108,1486968724,19.20,15.20,19.30,13.50,0.10,17.60
S108,1486969023,19.20,15.30,19.30,13.50,0.10,17.60
S108,1486969322,19.30,15.30,19.40,13.50,0.10,17.60
S108,1486969621,19.30,15.20,19.40,13.50,0.10,17.60
S108,1486969920,19.30,15.30,19.40,13.40,0.10,17.60
S108,1486970219,19.30,15.20,19.40,13.40,0.10,17.60
S108,1486970518,19.40,15.20,19.50,13.40,0.20,17.60
S108,1486970817,19.40,15.20,19.50,13.50,0.10,17.60
S108,1486971116,19.50,15.20,19.50,13.30,0.10,17.60
S108,1486971415,19.50,15.20,19.60,13.20,0.10,17.60
S108,1486971714,19.50,15.10,19.60,13.20,0.10,17.60
S108,1486972013,19.50,14.80,19.60,13.10,0.10,17.60
S108,1486972312,19.50,14.90,19.60,13.10,0.10,17.60
S108,1486972611,19.60,15.10,19.60,13.20,0.10,17.60
S108,1486972910,19.60,15.10,19.60,13.10,0.10,17.60
S108,1486973209,19.60,15.00,19.70,13.20,0.10,17.60
S108,1486973508,19.60,14.90,19.70,13.00,0.10,17.60
S108,1486973807,19.70,15.00,19.70,13.00,0.20,17.60
S108,1486974106,19.70,15.00,19.70,12.80,0.10,17.60
S108,1486974405,19.70,14.90,19.80,13.10,0.10,17.60
S108,1486974704,19.70,14.90,19.80,12.80,0.20,17.60
S108,1486975003,19.70,14.80,19.80,12.70,0.10,17.60
S108,1486975302,19.80,14.90,19.90,12.80,0.10,17.60
S108,1486975601,19.80,14.90,19.90,12.90,0.10,17.60
S108,1486975900,19.80,14.80,19.90,12.90,0.10,17.60
S108,1486976199,19.80,14.80,20.00,12.90,0.10,17.60
S108,1486976498,19.80,14.80,20.00,12.70,0.10,17.60
S108,1486976797,19.90,14.90,20.10,12.90,0.10,17.60
S108,1486977096,19.90,14.80,20.20,13.20,0.10,17.60
S108,1486977395,20.00,15.10,20.30,13.00,0.10,17.60
S108,1486977694,20.00,14.90,20.30,13.00,0.10,17.60
S108,1486977993,20.10,14.90,20.40,13.00,0.10,17.60
S108,1486978292,20.10,14.80,20.40,12.70,0.10,17.60
S108,1486978591,20.20,14.70,20.40,12.70,0.10,17.60
S108,1486978890,20.20,14.70,20.40,12.70,0.10,17.60
S108,1486979189,20.30,14.70,20.40,12.60,0.10,17.60
S108,1486979488,20.30,14.50,20.40,12.60,0.10,17.60
S108,1486979787,20.30,14.60,20.50,12.70,0.10,17.60
S108,1486980086,20.30,14.60,20.50,12.60,0.10,17.60
S108,1486980385,20.40,14.60,20.60,12.70,0.10,17.60
S108,1486980684,20.40,14.50,20.60,12.60,0.10,17.60
S108,1486980983,20.40,14.50,20.60,12.60,0.10,17.60
S108,1486981282,20.40,14.50,20.60,12.60,0.10,17.60
S108,1486981581,20.50,14.60,20.60,12.50,0.10,17.60
S108,1486981880,20.50,14.60,20.70,12.60,0.10,17.60
S108,1486982179,20.50,14.60,20.70,12.60,0.10,17.60
S108,1486982478,20.50,14.50,20.70,12.60,0.10,17.60
S108,1486982777,20.60,14.20,20.80,12.70,0.10,17.60
S108,1486983076,20.60,14.20,20.80,12.60,0.10,17.60
S108,1486983375,20.60,14.10,20.90,12.80,0.10,17.60
S108,1486983674,20.70,14.30,20.90,12.60,0.20,17.60
S108,1486983973,20.80,14.30,20.90,12.50,0.10,17.60
S108,1486984272,20.80,14.20,20.90,12.50,0.10,17.60
S108,1486984571,20.80,13.80,20.90,12.50,0.10,17.60
S108,1486984870,20.80,14.10,20.90,12.70,0.10,17.60
S108,1486985169,20.80,14.10,20.90,12.50,0.10,17.60
S108,1486985468,20.90,14.20,21.00,12.70,0.10,17.60
S108,1486985767,20.90,13.80,21.10,12.50,0.10,17.60
S108,1486986066,21.00,14.20,21.00,12.50,0.10,17.60
S108,1486986365,20.90,14.10,21.00,12.50,0.10,17.60
S108,1486986664,21.00,14.20,21.00,12.50,0.10,17.60
S108,1486986963,21.00,13.90,21.00,12.50,0.10,17.60
S108,1486987262,21.00,14.00,21.00,12.30,0.20,17.60
S108,1486987561,21.00,13.90,21.00,12.40,0.10,17.60
S108,1486987860,21.00,13.50,21.00,12.00,0.10,17.60
S108,1486988159,21.00,13.90,21.00,12.20,0.10,17.60
S108,1486988459,21.00,13.80,21.00,12.20,0.10,17.60
S108,1486988758,21.00,13.70,21.00,12.30,0.10,17.60
S108,1486989057,21.10,13.50,21.10,12.10,0.10,17.60
S108,1486989356,21.10,13.90,21.10,12.20,0.10,17.60
S108,1486989655,21.10,13.90,21.10,12.50,0.20,17.60
S108,1486989954,21.10,14.00,21.10,12.70,0.10,17.60
S108,1486990253,21.10,13.80,21.10,12.40,0.10,17.60
S108,1486990552,21.10,14.20,21.10,12.40,0.10,17.60
S108,1486990851,21.10,14.00,21.10,12.50,0.10,17.60
S108,1486991150,21.20,14.10,21.10,12.40,0.10,17.60
S108,1486991449,21.10,13.40,21.10,12.10,0.10,17.60
S108,1486991748,21.20,13.20,21.10,11.80,0.10,17.60
S108,1486992047,21.20,13.10,21.10,11.80,0.10,17.60
S108,1486992346,21.20,13.40,21.10,12.10,0.10,17.60
S108,1486992645,21.20,12.80,21.10,11.80,0.10,17.60
S108,1486992944,21.20,12.80,21.10,11.80,0.10,17.60
S108,1486993243,21.20,13.30,21.20,11.80,0.10,17.60
S108,1486993542,21.20,13.50,21.20,12.10,0.10,17.60
S108,1486993841,21.20,13.50,21.20,11.80,0.10,17.60
S108,1486994140,21.20,13.20,21.20,11.50,0.20,17.60
S108,1486994439,21.20,12.90,21.10,11.70,0.10,17.60
S108,1486994738,21.20,12.80,21.10,11.50,0.10,17.60
S108,1486995037,21.20,12.90,21.10,11.90,0.10,17.60
S108,1486995336,21.20,13.30,21.10,11.80,0.10,17.60
S108,1486995635,21.20,13.30,21.10,11.80,0.20,17.60
S108,1486995934,21.20,13.20,21.10,11.80,0.10,17.60
S108,1486996233,21.20,13.40,21.10,11.80,0.10,17.60
S108,1486996532,21.20,13.20,21.10,11.80,0.10,17.60
S108,1486996831,21.20,13.20,21.10,11.50,0.10,17.60
S108,1486997130,21.20,13.20,21.10,11.70,0.10,17.60
S108,1486997429,21.20,13.00,21.10,11.70,0.20,17.60
S108,1486997728,21.20,12.80,21.20,11.40,0.10,17.60
S108,1486998027,21.20,12.90,21.20,11.40,0.10,17.60
S108,1486998326,21.20,12.70,21.20,11.20,0.10,17.60
S108,1486998625,21.20,12.70,21.20,11.30,0.20,17.60
S108,1486998924,21.20,12.50,21.20,11.20,0.10,17.60
S108,1486999223,21.20,12.50,21.20,11.30,0.10,17.60
S108,1486999522,21.30,12.90,21.20,11.20,0.20,17.60
S108,1486999821,21.30,12.80,21.20,11.10,0.10,17.60
S108,1487000120,21.30,12.80,21.20,11.10,0.10,17.60
S108,1487000419,21.30,12.40,21.20,11.10,0.10,17.60
S108,1487000718,21.30,12.30,21.20,10.90,0.10,17.60
S108,1487001017,21.30,12.10,21.10,10.80,0.10,17.60
S108,1487001316,21.30,12.50,21.20,10.90,0.10,17.60
S108,1487001615,21.30,12.60,21.20,11.00,0.10,17.60
S108,1487001914,21.30,12.40,21.20,11.10,0.10,17.60
S108,1487002213,21.30,12.70,21.20,11.10,0.10,17.60
S108,1487002512,21.30,12.50,21.20,10.90,0.10,17.60
S108,1487002811,21.30,12.70,21.20,11.20,0.10,17.60
S108,1487003110,21.30,12.40,21.20,10.80,0.10,17.60
S108,1487003409,21.30,11.90,21.10,10.80,0.10,17.60
S108,1487003708,21.30,12.20,21.10,11.10,0.10,17.60
S108,1487004007,21.30,12.30,21.10,11.00,0.10,17.60
S108,1487004306,21.30,12.60,21.20,11.20,0.10,17.50
S108,1487004605,21.20,12.70,21.20,11.40,0.10,17.60
S108,1487004904,21.30,12.80,21.20,11.30,0.10,17.60
S108,1487005203,21.30,12.60,21.20,11.30,0.10,17.60
S108,1487005502,21.30,12.90,21.20,11.80,0.10,17.60
S108,1487005801,21.30,12.40,21.20,11.10,0.10,17.60
S108,1487006100,21.30,12.40,21.20,10.90,0.10,17.60
S108,1487006399,21.30,12.60,21.20,11.60,0.10,17.60
S108,1487006698,21.30,12.80,21.20,11.80,0.10,17.60
S108,1487006997,21.30,12.70,21.20,11.80,0.10,17.60
S108,1487007296,21.30,12.50,21.20,11.40,0.10,17.60
S108,1487007595,21.30,12.60,21.20,11.20,0.20,17.60
S108,1487007894,21.30,12.40,21.20,11.20,0.10,17.60
S108,1487008193,21.30,12.20,21.20,11.20,0.10,17.60
S108,1487008492,21.30,12.60,21.20,11.60,0.10,17.60
S108,1487008791,21.30,12.80,21.20,11.50,0.10,17.60
S108,1487009090,21.30,12.60,21.20,11.40,0.10,17.60
S108,1487009389,21.30,12.30,21.20,11.30,0.10,17.60
S108,1487009688,21.30,12.60,21.10,11.20,0.20,17.60
S108,1487009987,21.30,12.60,21.10,11.30,0.10,17.60
S108,1487010286,21.30,12.50,21.10,11.40,0.20,17.60
S108,1487010585,21.30,12.80,21.10,11.20,0.10,17.60
S108,1487010884,21.30,12.80,21.20,11.40,0.10,17.60
S108,1487011183,21.30,12.50,21.10,11.00,0.10,17.60
S108,1487011482,21.30,12.30,21.10,11.40,0.10,17.60
S108,1487011781,21.30,12.70,21.10,11.50,0.10,17.60
S108,1487012080,21.30,12.80,21.10,11.40,0.10,17.60
S108,1487012379,21.30,12.60,21.10,11.20,0.10,17.60
S108,1487012678,21.20,12.60,21.10,11.00,0.10,17.60
S108,1487012977,21.30,12.40,21.10,11.00,0.10,17.60
S108,1487013276,21.30,12.40,21.10,11.30,0.10,17.60
S108,1487013575,21.20,12.50,21.10,11.40,0.10,17.60
S108,1487013874,21.30,12.50,21.10,10.90,0.10,17.60
S108,1487014173,21.30,12.70,21.10,11.20,0.10,17.60
S108,1487014472,21.20,12.80,21.10,11.20,0.20,17.60
S108,1487014771,21.20,12.60,21.20,11.00,0.10,17.60
S108,1487015070,21.20,12.40,21.20,10.90,0.10,17.60
S108,1487015369,21.30,12.00,21.20,10.70,0.10,17.60
S108,1487015668,21.30,12.30,21.20,11.10,0.10,17.60
S108,1487015967,21.30,12.50,21.20,10.80,0.10,17.60
S108,1487016266,21.30,12.60,21.20,11.10,0.10,17.60
S108,1487016565,21.30,12.40,21.20,11.10,0.10,17.60
S108,1487016864,21.30,12.40,21.20,10.90,0.10,17.60
S108,1487017163,21.30,12.30,21.20,10.80,0.20,17.60
S108,1487017462,21.30,11.90,21.30,10.80,0.10,17.60
S108,1487017761,21.30,12.20,21.20,10.90,0.10,17.60
S108,1487018060,21.30,12.30,21.30,11.10,0.20,17.60
S108,1487018359,21.40,12.60,21.30,10.90,0.10,17.60
S108,1487018658,21.30,12.70,21.30,11.10,0.10,17.60
S108,1487018957,21.30,12.60,21.30,10.90,0.10,17.60
S108,1487019256,21.30,12.30,21.20,10.60,0.10,17.60
S108,1487019555,21.30,12.20,21.20,10.70,0.10,17.60
S108,1487019854,21.30,11.90,21.20,10.90,0.10,17.60
S108,1487020153,21.30,12.30,21.20,10.80,0.20,17.60
S108,1487020452,21.30,12.30,21.10,10.70,0.10,17.60
S108,1487020751,21.30,12.10,21.20,10.70,0.10,17.60
S108,1487021050,21.30,11.50,21.00,10.20,0.10,17.60
S108,1487021349,21.30,11.40,20.90,10.30,0.10,17.60
S108,1487021648,21.30,11.40,20.80,10.20,0.10,17.60
S108,1487021947,21.20,11.40,20.70,10.20,0.10,17.60
S108,1487022246,21.20,11.50,20.60,10.20,0.10,17.60
S108,1487022545,21.20,11.40,20.60,10.40,0.10,17.60
S108,1487022844,21.10,11.40,20.50,10.40,0.10,17.60
S108,1487023143,21.00,11.40,20.40,10.40,0.10,17.60
S108,1487023442,21.00,11.50,20.30,10.40,0.10,17.60
S108,1487023741,20.90,11.20,20.20,10.40,0.10,17.60
S108,1487024040,20.80,11.20,20.10,10.40,0.10,17.60
S108,1487024339,20.70,11.30,20.00,10.50,0.10,17.60
S108,1487024638,20.70,11.50,20.00,10.60,0.20,17.60
S108,1487024937,20.60,11.30,19.90,10.60,0.10,17.60
S108,1487025236,20.60,11.50,19.90,10.70,0.10,17.60
S108,1487025535,20.50,11.80,19.80,10.90,0.10,17.60
S108,1487025834,20.40,11.70,19.80,11.00,0.10,17.60
S108,1487026133,20.40,11.80,19.70,11.20,0.10,17.60
S108,1487026432,20.30,11.80,19.60,11.10,0.10,17.60
S108,1487026732,20.30,12.00,19.60,11.10,0.10,17.60
S108,1487027031,20.20,12.10,19.60,11.80,0.10,17.60
S108,1487027330,20.20,12.20,19.50,11.30,0.10,17.60
S108,1487027629,20.10,12.10,19.50,11.40,0.10,17.60
S108,1487027928,20.10,12.20,19.50,11.50,0.10,17.60
S108,1487028227,20.10,12.20,19.40,11.50,0.10,17.60
S108,1487028526,20.00,12.40,19.40,11.60,0.10,17.60
S108,1487028825,20.00,12.50,19.30,11.60,0.10,17.60
S108,1487029124,19.90,12.50,19.30,11.70,0.10,17.60
S108,1487029423,19.90,12.60,19.30,11.80,0.10,17.60
S108,1487029722,19.80,12.50,19.20,11.70,0.10,17.60
S108,1487030021,19.80,12.60,19.20,11.70,0.10,17.60
S108,1487030320,19.80,12.60,19.20,11.80,0.10,17.60
S108,1487030619,19.70,12.50,19.20,11.90,0.10,17.60
S108,1487030918,19.70,12.70,19.30,12.00,0.10,17.60
S108,1487031217,19.70,13.00,19.20,11.90,0.10,17.60
S108,1487031516,19.70,12.80,19.20,11.90,0.10,17.60
S108,1487031815,19.70,12.90,19.20,11.90,0.10,17.60
S108,1487032114,19.60,12.70,19.20,11.90,0.10,17.60
S108,1487032413,19.60,12.90,19.20,11.90,0.10,17.60
S108,1487032712,19.60,12.80,19.20,11.90,0.10,17.60
S108,1487033011,19.60,12.80,19.10,11.90,0.10,17.60
S108,1487033310,19.60,12.70,19.20,11.90,0.10,17.60
S108,1487033609,19.50,12.60,19.10,12.00,0.10,17.60
S108,1487033908,19.50,13.00,19.10,12.00,0.10,17.60
S108,1487034207,19.50,12.80,18.90,11.90,0.10,17.60
S108,1487034506,19.50,12.80,18.90,12.00,0.10,17.60
S108,1487034805,19.40,13.00,18.90,12.10,0.10,17.60
S108,1487035104,19.40,13.10,18.80,12.10,0.20,17.60
S108,1487035403,19.30,13.10,18.80,12.20,0.10,17.60
S108,1487035702,19.30,13.10,18.80,12.20,0.10,17.60
S108,1487036001,19.30,12.90,18.70,12.20,0.10,17.60
S108,1487036300,19.20,13.00,18.70,12.30,0.10,17.60
S108,1487036599,19.20,13.20,18.60,12.20,0.10,17.60
S108,1487036898,19.20,13.30,18.60,12.30,0.10,17.60
S108,1487037197,19.10,13.30,18.60,12.30,0.20,17.60
S108,1487037496,19.10,13.30,18.60,12.30,0.10,17.60
S108,1487037795,19.10,13.00,18.60,12.40,0.10,17.60
S108,1487038094,19.00,13.30,18.50,12.30,0.10,17.60
S108,1487038393,19.00,13.40,18.50,12.40,0.10,17.60
S108,1487038692,19.00,13.20,18.50,12.40,0.10,17.60
S108,1487038991,19.00,13.20,18.50,12.40,0.10,17.60
S108,1487039290,19.00,13.50,18.40,12.40,0.10,17.60
S108,1487039589,18.90,13.50,18.40,12.50,0.10,17.60
S108,1487039888,18.90,13.20,18.40,12.50,0.10,17.60
S108,1487040187,18.90,13.30,18.40,12.50,0.10,17.60
S108,1487040486,18.90,13.20,18.30,12.50,0.10,17.60
S108,1487040785,18.80,13.20,18.30,12.50,0.10,17.60
S108,1487041084,18.80,13.40,18.30,12.50,0.10,17.60
S108,1487041383,18.80,13.50,18.30,12.60,0.10,17.60
S108,1487041682,18.80,13.50,18.30,12.60,0.10,17.60
S108,1487041981,18.70,13.50,18.30,12.70,0.10,17.60
S108,1487042280,18.70,13.60,18.30,12.70,0.10,17.60
S108,1487042579,18.70,13.60,18.20,12.70,0.10,17.60
S108,1487042878,18.70,13.60,18.20,12.70,0.10,17.60
S108,1487043177,18.70,13.60,18.20,12.80,0.10,17.60
S108,1487043476,18.70,13.80,18.20,12.80,0.10,17.60
S108,1487043775,18.60,13.80,18.20,12.80,0.10,17.60
S108,1487044074,18.60,13.60,18.20,12.80,0.10,17.60
S108,1487044373,18.60,13.70,18.10,12.90,0.10,17.60
S108,1487044672,18.60,13.70,18.10,12.90,0.10,17.60
S108,1487044971,18.50,13.60,18.10,12.90,0.10,17.60
S108,1487045270,18.50,13.70,18.10,13.00,0.10,17.60
S108,1487045569,18.50,13.80,18.10,13.00,0.10,17.60
S108,1487045868,18.50,13.90,18.10,13.00,0.10,17.60
S108,1487046167,18.50,14.00,18.10,13.10,0.10,17.60
S108,1487046466,18.50,13.90,18.00,13.00,0.10,17.60
S108,1487046765,18.50,13.90,18.00,13.10,0.10,17.60
S108,1487047064,18.40,13.80,18.00,13.10,0.10,17.60
S108,1487047363,18.40,13.90,18.00,13.20,0.10,17.60
S108,1487047662,18.40,14.00,18.00,13.20,0.10,17.60
S108,1487047961,18.40,13.90,18.00,13.20,0.10,17.60
S108,1487048260,18.40,14.10,18.00,13.20,0.10,17.60
S108,1487048559,18.40,13.90,18.00,13.20,0.10,17.60
S108,1487048858,18.40,13.90,17.90,13.10,0.10,17.60
S108,1487049157,18.30,13.90,17.90,13.20,0.10,17.60
S108,1487049456,18.30,14.10,17.90,13.20,0.20,17.60
S108,1487049755,18.30,14.30,18.00,13.30,0.10,17.60
S108,1487050054,18.30,14.50,18.10,13.40,0.10,17.60
S108,1487050353,18.30,14.50,18.20,13.40,0.10,17.60
S108,1487050652,18.40,14.60,18.20,13.40,0.10,17.60
S108,1487050951,18.40,14.60,18.30,13.30,0.10,17.60
S108,1487051250,18.40,14.70,18.40,13.50,0.10,17.60
S108,1487051549,18.40,14.70,18.40,13.50,0.10,17.60
S108,1487051848,18.50,14.80,18.50,13.50,0.10,17.60
S108,1487052147,18.50,14.80,18.50,13.40,0.10,17.60
S108,1487052446,18.50,14.80,18.60,13.40,0.10,17.60
S108,1487052745,18.60,14.90,18.60,13.40,0.10,17.60
S108,1487053044,18.60,14.80,18.70,13.50,0.10,17.60
S108,1487053343,18.60,14.80,18.70,13.50,0.10,17.60
S108,1487053642,18.70,14.90,18.70,13.40,0.10,17.60
S108,1487053941,18.70,14.90,18.80,13.40,0.10,17.60
S108,1487054240,18.70,14.90,18.80,13.40,0.10,17.60
S108,1487054539,18.80,15.00,18.90,13.50,0.10,17.60
S108,1487054838,18.80,14.90,18.90,13.50,0.10,17.60
S108,1487055137,18.80,14.90,18.90,13.50,0.10,17.60
S108,1487055436,18.90,15.00,19.00,13.40,0.10,17.60
S108,1487055735,18.90,15.00,19.00,13.50,0.10,17.60
S108,1487056034,18.90,15.00,19.10,13.50,0.10,17.60
S108,1487056333,19.00,15.00,19.10,13.50,0.10,17.60
S108,1487056632,19.00,15.00,19.10,13.50,0.10,17.60
S108,1487056931,19.00,15.00,19.10,13.40,0.10,17.60
S108,1487057230,19.10,15.10,19.20,13.50,0.10,17.50
S108,1487057529,19.10,15.10,19.20,13.50,0.20,17.60
S108,1487057828,19.10,15.00,19.20,13.50,0.10,17.60
S108,1487058127,19.20,15.00,19.30,13.50,0.10,17.60
S108,1487058426,19.20,15.10,19.30,13.60,0.10,17.60
S108,1487058725,19.20,15.00,19.30,13.50,0.10,17.60
S108,1487059024,19.20,15.10,19.40,13.50,0.10,17.60
S108,1487059323,19.30,15.10,19.40,13.40,0.20,17.60
S108,1487059622,19.30,15.10,19.40,13.50,0.10,17.60
S108,1487059921,19.30,15.10,19.50,13.50,0.10,17.60
S108,1487060220,19.40,15.10,19.50,13.60,0.10,17.60
S108,1487060519,19.40,15.10,19.50,13.60,0.10,17.60
S108,1487060818,19.40,15.10,19.60,13.60,0.10,17.60
S108,1487061117,19.40,15.10,19.60,13.50,0.10,17.60
S108,1487061416,19.50,15.10,19.60,13.70,0.10,17.60
S108,1487061715,19.50,15.10,19.60,13.60,0.10,17.60
S108,1487062014,19.60,15.20,19.70,13.70,0.10,17.60
S108,1487062313,19.60,15.10,19.70,13.60,0.10,17.60
S108,1487062612,19.60,15.10,19.80,13.70,0.10,17.60
S108,1487062911,19.70,15.20,19.90,13.80,0.10,17.60
S108,1487063210,19.70,15.10,19.90,13.80,0.10,17.60
S108,1487063509,19.70,15.20,20.00,13.60,0.10,17.60
S108,1487063808,19.80,15.10,20.00,13.70,0.10,17.60
S108,1487064107,19.80,15.10,20.10,13.70,0.20,17.60
S108,1487064406,19.90,15.10,20.10,13.50,0.10,17.60
S108,1487064705,19.90,15.10,20.20,13.50,0.10,17.60
S108,1487065005,20.00,15.10,20.20,13.40,0.10,17.60
S108,1487065304,20.00,15.00,20.30,13.80,0.20,17.60
S108,1487065603,20.10,14.90,20.30,13.20,0.10,17.60
S108,1487065902,20.10,14.80,20.30,13.40,0.10,17.60
S108,1487066201,20.10,14.60,20.30,12.80,0.10,17.60
S108,1487066500,20.20,14.80,20.30,13.20,0.20,17.60
S108,1487066799,20.20,14.70,20.30,13.00,0.10,17.60
S108,1487067098,20.20,14.60,20.30,12.80,0.10,17.60
S108,1487067397,20.20,14.60,20.40,12.90,0.10,17.60
S108,1487067696,20.30,14.50,20.40,12.70,0.10,17.60
S108,1487067995,20.30,14.40,20.50,12.70,0.10,17.60
S108,1487068294,20.30,14.30,20.50,12.80,0.10,17.60
S108,1487068593,20.40,14.40,20.50,12.70,0.10,17.60
S108,1487068892,20.40,14.20,20.60,12.80,0.10,17.60
S108,1487069191,20.40,14.30,20.60,12.50,0.20,17.60
S108,1487069490,20.40,14.20,20.60,12.50,0.10,17.60
S108,1487069789,20.50,14.30,20.60,12.70,0.10,17.60
S108,1487070088,20.50,14.30,20.50,12.70,0.10,17.60
S108,1487070387,20.50,14.30,20.50,12.60,0.10,17.60
S108,1487070686,20.50,14.20,20.50,12.40,0.10,17.60
S108,1487070985,20.50,14.10,20.50,12.40,0.10,17.60
S108,1487071284,20.50,14.10,20.50,12.30,0.10,17.60
S108,1487071583,20.50,14.10,20.50,12.40,0.10,17.60
S108,1487071882,20.50,14.00,20.50,12.20,0.20,17.60
S108,1487072181,20.60,13.90,20.50,12.20,0.10,17.60
S108,1487072480,20.60,14.00,20.50,12.10,0.10,17.60
S108,1487072779,20.60,14.00,20.50,12.10,0.10,17.60
S108,1487073078,20.60,13.90,20.50,12.00,0.10,17.60
S108,1487073377,20.60,13.90,20.50,11.90,0.10,17.60
S108,1487073676,20.60,13.90,20.50,11.90,0.10,17.60
S108,1487073975,20.60,13.80,20.50,11.80,0.10,17.60
S108,1487074274,20.60,13.80,20.50,12.00,0.10,17.60
S108,1487074573,20.60,13.80,20.50,11.70,0.10,17.60
S108,1487074872,20.60,13.60,20.50,11.70,0.20,17.60
S108,1487075171,20.60,13.60,20.50,11.70,0.10,17.60
S108,1487075470,20.60,13.40,20.50,11.70,0.10,17.60
S108,1487075769,20.60,13.60,20.50,11.70,0.10,17.60
S108,1487076068,20.60,13.40,20.50,11.60,0.10,17.60
S108,1487076367,20.60,13.40,20.50,11.60,0.20,17.60
S108,1487076666,20.60,13.40,20.50,11.70,0.10,17.60
S108,1487076965,20.60,13.30,20.60,11.70,0.10,17.60
S108,1487077264,20.60,13.50,20.60,11.70,0.10,17.60
S108,1487077563,20.60,13.50,20.70,11.80,0.10,17.60
S108,1487077862,20.70,13.60,20.70,11.80,0.10,17.60
S108,1487078161,20.70,13.70,20.70,11.80,0.10,17.60
S108,1487078460,20.70,13.40,20.80,11.70,0.10,17.60
S108,1487078759,20.70,13.60,20.80,11.90,0.10,17.60
S108,1487079058,20.80,13.70,20.90,11.90,0.10,17.60
S108,1487079357,20.80,13.70,20.90,11.90,0.10,17.50
S108,1487079656,20.80,13.60,20.90,11.90,0.10,17.60
S108,1487079955,20.80,13.60,20.90,11.70,0.10,17.60
S108,1487080254,20.90,13.40,21.00,11.90,0.10,17.60
S108,1487080553,20.90,13.20,21.00,11.50,0.20,17.60
S108,1487080852,20.90,12.80,21.00,11.30,0.10,17.60
S108,1487081151,20.90,12.70,21.00,11.20,0.10,17.60
S108,1487081450,20.90,12.70,21.00,11.30,0.10,17.60
S108,1487081749,20.90,12.50,20.90,11.40,0.10,17.60
S108,1487082048,21.00,12.40,20.90,11.40,0.10,17.60
S108,1487082347,21.00,12.80,21.00,11.30,0.20,17.60
S108,1487082646,21.00,12.60,21.00,11.40,0.10,17.60
S108,1487082945,21.00,13.00,21.10,11.50,0.10,17.60
S108,1487083244,21.00,13.00,21.10,11.50,0.10,17.60
S108,1487083543,21.00,12.70,21.10,11.50,0.10,17.60
S108,1487083842,21.10,12.40,21.10,11.30,0.10,17.60
S108,1487084141,21.10,12.30,21.10,11.00,0.10,17.60
S108,1487084440,21.10,12.00,21.10,10.90,0.20,17.60
S108,1487084739,21.10,12.20,21.10,10.90,0.10,17.60
S108,1487085038,21.10,12.20,21.10,11.10,0.10,17.60
S108,1487085337,21.10,12.50,21.20,11.20,0.10,17.60
S108,1487085636,21.10,12.50,21.20,11.40,0.10,17.60
S108,1487085935,21.10,12.80,21.30,11.40,0.20,17.60
S108,1487086234,21.10,12.70,21.20,11.40,0.10,17.60
S108,1487086533,21.20,12.70,21.30,11.00,0.10,17.60
S108,1487086832,21.20,12.40,21.20,10.90,0.10,17.50
S108,1487087131,21.20,12.20,21.20,10.70,0.10,17.60
S108,1487087430,21.20,12.20,21.10,10.80,0.10,17.60
S108,1487087729,21.20,12.50,21.10,11.40,0.10,17.60
S108,1487088028,21.20,12.40,21.10,10.80,0.10,17.60
S108,1487088327,21.20,12.10,21.10,10.80,0.10,17.60
S108,1487088626,21.20,12.20,21.10,10.80,0.10,17.60
S108,1487088925,21.20,12.30,21.10,10.70,0.10,17.60
S108,1487089224,21.10,11.90,21.20,10.90,0.10,17.60
S108,1487089523,21.20,12.00,21.20,10.90,0.20,17.60
S108,1487089822,21.20,12.10,21.20,10.80,0.10,17.60
S108,1487090121,21.20,12.40,21.20,11.10,0.10,17.60
S108,1487090420,21.20,12.50,21.20,11.00,0.10,17.60
S108,1487090719,21.20,12.40,21.20,11.00,0.10,17.60
S108,1487091018,21.20,12.50,21.20,10.80,0.10,17.60
S108,1487091317,21.20,12.20,21.20,10.70,0.10,17.60
S108,1487091616,21.20,11.80,21.20,10.80,0.10,17.60
S108,1487091915,21.20,11.70,21.20,10.70,0.10,17.60
S108,1487092214,21.20,12.10,21.20,10.60,0.10,17.60
S108,1487092513,21.20,12.20,21.20,10.70,0.20,17.60
S108,1487092812,21.20,12.00,21.20,10.70,0.10,17.60
S108,1487093111,21.20,12.00,21.10,10.50,0.10,17.60
S108,1487093410,21.20,11.90,21.10,10.30,0.20,17.60
S108,1487093709,21.20,11.90,21.10,10.40,0.10,17.60
S108,1487094008,21.20,11.70,21.10,10.60,0.10,17.60
S108,1487094307,21.20,11.90,21.10,10.50,0.10,17.60
S108,1487094606,21.20,11.50,21.10,10.60,0.10,17.60
S108,1487094905,21.20,11.70,21.10,10.50,0.10,17.60
S108,1487095204,21.20,12.10,21.10,10.50,0.10,17.60
S108,1487095503,21.20,12.20,21.10,10.60,0.10,17.60
S108,1487095802,21.20,12.00,21.10,10.60,0.10,17.60
S108,1487096101,21.20,12.30,21.10,10.70,0.10,17.60
S108,1487096400,21.20,12.40,21.10,10.60,0.10,17.60
S108,1487096699,21.20,12.10,21.10,10.70,0.10,17.60
S108,1487096998,21.20,11.90,21.10,10.50,0.10,17.60
S108,1487097297,21.20,12.20,21.10,10.60,0.10,17.60
S108,1487097596,21.20,12.00,21.10,10.40,0.20,17.60
S108,1487097895,21.20,11.70,21.10,10.00,0.10,17.60
S108,1487098194,21.10,11.30,21.10,10.10,0.10,17.60
S108,1487098493,21.10,11.80,21.10,10.10,0.10,17.60
S108,1487098792,21.10,11.80,21.10,10.20,0.10,17.60
S108,1487099091,21.20,11.60,21.10,10.20,0.10,17.60
S108,1487099390,21.20,11.50,21.10,10.40,0.10,17.60
S108,1487099689,21.20,11.60,21.10,10.40,0.10,17.60
S108,1487099988,21.10,11.80,21.10,10.20,0.20,17.60
S108,1487100287,21.20,11.70,21.10,9.90,0.10,17.60
S108,1487100586,21.20,11.40,21.00,9.60,0.10,17.60
S108,1487100885,21.20,11.60,21.00,9.80,0.10,17.60
S108,1487101184,21.20,11.60,21.00,9.90,0.10,17.60
S108,1487101483,21.20,11.60,21.00,9.90,0.10,17.60
S108,1487101782,21.20,11.70,21.00,9.90,0.10,17.60
S108,1487102081,21.20,11.70,20.90,9.80,0.10,17.60
S108,1487102380,21.10,11.60,20.90,9.90,0.10,17.60
S108,1487102679,21.10,11.60,20.90,9.90,0.10,17.60
S108,1487102978,21.10,11.50,20.80,9.90,0.10,17.60
S108,1487103278,21.10,11.60,20.80,9.90,0.10,17.60
S108,1487103577,21.10,11.60,20.70,9.80,0.10,17.60
S108,1487103876,21.00,11.60,20.70,9.90,0.10,17.60
S108,1487104175,21.00,11.70,20.70,9.90,0.10,17.60
S108,1487104474,21.00,11.70,20.60,9.90,0.10,17.60
S108,1487104773,20.90,11.70,20.60,9.90,0.10,17.60
S108,1487105072,20.90,11.80,20.60,9.90,0.10,17.60
S108,1487105371,20.90,11.70,20.60,9.90,0.10,17.60
S108,1487105670,20.90,11.60,20.50,9.80,0.10,17.60
S108,1487105969,20.90,11.80,20.50,9.80,0.10,17.60
S108,1487106268,20.80,11.70,20.50,9.80,0.10,17.60
S108,1487106567,20.80,11.70,20.50,9.90,0.10,17.60
S108,1487106866,20.80,11.70,20.50,9.90,0.10,17.60
S108,1487107165,20.80,11.10,20.40,9.80,0.10,17.60
S108,1487107464,20.70,11.00,20.20,9.70,0.10,17.60
S108,1487107763,20.70,10.90,20.10,9.60,0.10,17.60
S108,1487108062,20.70,10.70,20.00,9.60,0.10,17.60
S108,1487108361,20.60,10.70,20.00,9.70,0.10,17.60
S108,1487108660,20.60,10.70,19.90,10.10,0.10,17.60
S108,1487108959,20.50,10.70,19.80,9.50,0.10,17.60
S108,1487109258,20.40,10.70,19.80,9.60,0.10,17.60
S108,1487109557,20.40,10.60,19.70,9.60,0.10,17.60
S108,1487109856,20.40,10.90,19.60,9.60,0.10,17.60
S108,1487110155,20.30,10.70,19.60,9.70,0.10,17.60
S108,1487110454,20.30,10.90,19.50,9.70,0.10,17.60
S108,1487110753,20.20,10.60,19.50,9.70,0.10,17.60
S108,1487111052,20.20,11.00,19.50,9.80,0.10,17.60
S108,1487111351,20.10,10.60,19.40,9.80,0.10,17.60
S108,1487111650,20.10,11.00,19.40,9.80,0.10,17.60
S108,1487111949,20.00,10.80,19.30,9.90,0.10,17.60
S108,1487112248,20.00,11.00,19.30,9.90,0.10,17.60
S108,1487112547,19.90,10.90,19.20,9.90,0.10,17.60
S108,1487112846,19.90,11.30,19.20,10.10,0.10,17.60
S108,1487113145,19.80,11.10,19.20,10.10,0.10,17.60
S108,1487113444,19.80,10.90,19.20,10.10,0.10,17.60
S108,1487113743,19.80,10.90,19.20,10.10,0.10,17.60
S108,1487114042,19.80,11.00,19.30,10.10,0.10,17.60
S108,1487114341,19.70,11.00,19.20,10.00,0.10,17.60
S108,1487114640,19.70,11.10,19.20,10.00,0.10,17.60
S108,1487114939,19.70,11.00,19.20,10.00,0.10,17.60
S108,1487115238,19.70,10.80,19.20,10.10,0.10,17.60
S108,1487115537,19.70,12.00,19.20,11.10,0.10,17.60
S108,1487115836,19.60,11.60,19.20,10.80,0.10,17.60
S108,1487116135,19.60,11.70,19.20,10.60,0.10,17.60
S108,1487116434,19.60,11.40,19.20,10.40,0.10,17.60
S108,1487116733,19.60,11.20,19.10,10.10,0.10,17.60
S108,1487117032,19.60,11.10,19.10,9.90,0.10,17.60
S108,1487117331,19.60,11.10,19.10,9.70,0.10,17.60
S108,1487117630,19.50,10.90,19.10,9.50,0.10,17.60
S108,1487117929,19.50,10.40,19.00,9.50,0.10,17.60
S108,1487118228,19.50,10.30,19.00,9.40,0.10,17.60
S108,1487118527,19.50,10.50,18.90,9.30,0.10,17.60
S108,1487118826,19.40,10.10,18.80,9.30,0.20,17.60
S108,1487119125,19.40,10.30,18.80,9.30,0.10,17.60
S108,1487119424,19.30,10.30,18.80,9.30,0.10,17.60
S108,1487119723,19.30,10.30,18.70,9.20,0.10,17.60
S108,1487120022,19.20,10.10,18.70,9.30,0.10,17.60
S108,1487120321,19.20,10.10,18.70,9.20,0.20,17.60
S108,1487120620,19.20,10.10,18.60,9.20,0.10,17.60
S108,1487120919,19.20,10.10,18.60,9.20,0.10,17.60
S108,1487121218,19.10,10.40,18.50,9.30,0.10,17.60
S108,1487121517,19.10,10.40,18.50,9.30,0.10,17.60
S108,1487121816,19.00,10.10,18.50,9.30,0.10,17.60
S108,1487122115,19.00,10.20,18.40,9.20,0.20,17.60
S108,1487122414,19.00,10.30,18.40,9.30,0.10,17.60
S108,1487122713,18.90,10.10,18.40,9.40,0.10,17.60
S108,1487123012,18.90,10.40,18.40,9.40,0.10,17.60
S108,1487123311,18.90,10.10,18.30,9.30,0.10,17.60
S108,1487123610,18.80,10.40,18.30,9.40,0.10,17.60
S108,1487123909,18.80,10.60,18.20,9.40,0.10,17.60
S108,1487124208,18.80,10.50,18.30,9.60,0.10,17.60
S108,1487124507,18.80,10.40,18.20,9.60,0.10,17.60
S108,1487124806,18.70,10.40,18.20,9.60,0.10,17.60
S108,1487125105,18.70,10.50,18.20,9.60,0.10,17.60
S108,1487125404,18.70,10.50,18.20,9.60,0.10,17.60
S108,1487125703,18.70,10.40,18.10,9.60,0.20,17.60
S108,1487126002,18.60,10.50,18.10,9.60,0.10,17.60
S108,1487126301,18.60,10.80,18.10,9.60,0.10,17.60
S108,1487126600,18.60,10.60,18.10,9.60,0.10,17.60
S108,1487126899,18.60,10.60,18.10,9.50,0.10,17.60
S108,1487127198,18.50,10.40,18.10,9.50,0.10,17.60
S108,1487127497,18.50,10.40,18.00,9.40,0.10,17.60
S108,1487127796,18.50,10.40,18.00,9.40,0.10,17.60
S108,1487128095,18.50,10.30,18.00,9.50,0.10,17.60
S108,1487128394,18.40,10.10,18.00,9.40,0.10,17.60
S108,1487128693,18.40,10.20,18.00,9.50,0.10,17.60
S108,1487128992,18.40,10.40,17.90,9.40,0.10,17.60
S108,1487129291,18.40,10.50,17.90,9.40,0.10,17.60
S108,1487129590,18.40,10.70,17.90,9.40,0.10,17.60
S108,1487129889,18.30,10.60,17.90,9.40,0.10,17.60
S108,1487130188,18.30,10.50,17.90,9.40,0.10,17.60
S108,1487130487,18.30,10.30,17.80,9.50,0.10,17.60
S108,1487130786,18.30,10.60,17.80,9.60,0.10,17.60
S108,1487131085,18.30,10.70,17.80,9.70,0.10,17.60
S108,1487131384,18.20,10.80,17.80,9.70,0.10,17.60
S108,1487131683,18.20,10.70,17.80,9.80,0.10,17.60
S108,1487131982,18.20,10.70,17.80,9.90,0.10,17.60
S108,1487132281,18.20,10.70,17.70,9.80,0.10,17.60
S108,1487132580,18.20,11.00,17.70,9.80,0.10,17.60
S108,1487132879,18.10,11.10,17.70,9.80,0.10,17.60
S108,1487133178,18.10,10.90,17.70,9.80,0.10,17.50
S108,1487133477,18.10,11.10,17.70,9.90,0.10,17.60
S108,1487133776,18.10,11.30,17.80,9.90,0.20,17.60
S108,1487134075,18.10,11.00,17.80,9.90,0.10,17.60
S108,1487134374,18.10,11.40,17.80,9.90,0.10,17.60
S108,1487134673,18.10,11.30,17.80,9.90,0.10,17.60
S108,1487134972,18.10,11.20,17.90,9.90,0.10,17.60
S108,1487135271,18.10,11.30,17.90,9.90,0.10,17.60
S108,1487135570,18.10,11.40,17.90,9.90,0.10,17.60
S108,1487135869,18.10,11.60,18.00,10.00,0.10,17.60
S108,1487136168,18.10,11.80,18.00,10.10,0.10,17.60
S108,1487136467,18.10,11.90,18.10,10.20,0.10,17.60
S108,1487136766,18.20,12.10,18.10,10.20,0.10,17.60
S108,1487137065,18.20,12.10,18.20,10.10,0.10,17.60
S108,1487137364,18.20,12.10,18.20,10.30,0.10,17.60
S108,1487137663,18.20,12.10,18.30,10.20,0.10,17.60
S108,1487137962,18.30,12.20,18.30,10.40,0.10,17.60
S108,1487138261,18.30,12.20,18.30,10.20,0.10,17.60
S108,1487138560,18.30,12.20,18.40,10.30,0.10,17.60
S108,1487138859,18.40,12.20,18.40,10.30,0.10,17.60
S108,1487139158,18.40,12.10,18.50,10.40,0.10,17.60
S108,1487139457,18.40,12.20,18.50,10.40,0.20,17.60
S108,1487139756,18.50,12.20,18.50,10.40,0.20,17.60
S108,1487140055,18.50,12.00,18.50,10.40,0.10,17.60
S108,1487140354,18.50,12.00,18.60,10.20,0.10,17.60
S108,1487140653,18.60,12.10,18.60,10.30,0.10,17.60
S108,1487140952,18.60,12.00,18.60,10.10,0.10,17.60
S108,1487141251,18.60,12.00,18.70,10.10,0.10,17.60
S108,1487141551,18.60,12.00,18.70,10.20,0.10,17.60
S108,1487141850,18.70,12.00,18.70,10.10,0.10,17.60
S108,1487142149,18.70,12.00,18.80,10.10,0.20,17.60
S108,1487142448,18.70,12.10,18.80,10.10,0.10,17.60
S108,1487142747,18.80,12.10,18.80,10.00,0.10,17.60
S108,1487143046,18.80,12.00,18.80,10.00,0.10,17.60
S108,1487143345,18.80,11.90,18.90,9.90,0.10,17.60
S108,1487143644,18.80,11.90,18.90,10.00,0.10,17.60
S108,1487143943,18.90,12.00,18.90,10.00,0.10,17.60
S108,1487144242,18.90,11.90,19.00,9.90,0.10,17.60
S108,1487144541,18.90,11.80,19.00,9.90,0.10,17.60
S108,1487144840,18.90,11.80,19.00,9.80,0.10,17.60
S108,1487145139,19.00,11.80,19.00,9.80,0.10,17.60
S108,1487145438,19.00,11.80,19.00,9.90,0.10,17.60
S108,1487145737,19.00,11.70,19.10,9.50,0.10,17.60
S108,1487146036,19.00,11.50,19.10,9.50,0.10,17.60
S108,1487146335,19.10,11.30,19.10,9.40,0.10,17.60
S108,1487146634,19.10,11.30,19.20,9.40,0.10,17.60
S108,1487146933,19.10,11.10,19.20,9.40,0.10,17.60
S108,1487147232,19.20,11.40,19.20,9.40,0.10,17.60
S108,1487147531,19.20,11.10,19.20,9.40,0.10,17.60
S108,1487147830,19.20,11.30,19.20,9.80,0.10,17.60
S108,1487148129,19.20,11.20,19.20,10.20,0.10,17.60
S108,1487148428,19.20,11.20,19.20,9.80,0.10,17.60
S108,1487148727,19.20,11.00,19.20,9.90,0.10,17.60
S108,1487149026,19.20,11.20,19.20,9.80,0.10,17.60
S108,1487149325,19.30,10.90,19.20,9.70,0.10,17.60
S108,1487149624,19.30,11.30,19.20,9.90,0.10,17.60
S108,1487149923,19.30,11.30,19.10,10.00,0.10,17.60
S108,1487150222,19.30,11.10,19.20,10.00,0.10,17.60
S108,1487150521,19.30,11.00,19.10,9.80,0.10,17.60
S108,1487150820,19.30,11.10,19.10,9.70,0.10,17.60
S108,1487151119,19.30,11.30,19.10,10.00,0.10,17.60
S108,1487151418,19.30,11.60,19.10,10.70,0.10,17.60
S108,1487151717,19.20,11.70,19.10,10.50,0.10,17.60
S108,1487152016,19.30,11.70,19.20,10.60,0.10,17.60
S108,1487152315,19.30,11.70,19.30,10.40,0.10,17.60
S108,1487152614,19.30,11.90,19.30,10.50,0.10,17.60
S108,1487152913,19.30,11.90,19.40,10.60,0.10,17.60
S108,1487153212,19.30,11.80,19.50,10.40,0.10,17.60
S108,1487153511,19.40,12.10,19.60,10.70,0.10,17.60
S108,1487153810,19.40,11.80,19.60,10.00,0.10,17.60
S108,1487154109,19.50,11.80,19.70,10.20,0.10,17.60
S108,1487154408,19.50,11.80,19.70,10.30,0.10,17.60
S108,1487154707,19.50,11.30,19.80,10.10,0.10,17.60
S108,1487155006,19.60,12.00,19.90,10.50,0.10,17.60
S108,1487155305,19.60,11.80,19.90,10.30,0.10,17.60
S108,1487155604,19.70,11.70,19.90,10.10,0.10,17.60
S108,1487155903,19.70,11.70,19.80,9.80,0.10,17.60
S108,1487156202,19.80,11.50,19.90,9.70,0.10,17.60
S108,1487156501,19.80,11.60,19.90,9.60,0.10,17.60
S108,1487156800,19.80,11.30,20.00,10.20,0.10,17.60
S108,1487157099,19.80,11.00,20.00,9.70,0.10,17.60
S108,1487157398,19.80,11.10,20.00,9.50,0.10,17.60
S108,1487157697,19.90,11.10,20.10,9.30,0.10,17.60
S108,1487157996,19.90,11.00,20.20,9.70,0.10,17.60
S108,1487158295,19.90,11.20,20.20,9.30,0.10,17.60
S108,1487158594,20.00,11.30,20.20,9.40,0.10,17.60
S108,1487158893,20.00,10.50,20.20,9.30,0.10,17.60
S108,1487159192,20.00,10.80,20.20,9.20,0.10,17.60
S108,1487159491,20.10,11.00,20.30,9.40,0.10,17.60
S108,1487159790,20.10,11.10,20.30,9.20,0.10,17.60
