Device,Time,DHT1-OUT Temp,DHT1-OUT Hum,DHT2-IN Temp,DHT2-IN Hum,Soil,Infrared
S105,1486911899,21.80,11.40,21.90,9.20,0.30,17.70
S105,1486912198,21.70,12.70,22.00,9.10,0.30,17.70
S105,1486912497,21.70,12.60,22.00,9.40,0.30,17.70
S105,1486912796,21.70,12.90,21.90,9.20,0.30,17.70
S105,1486913095,21.70,12.90,21.90,9.20,0.30,17.70
S105,1486913394,21.70,12.80,21.90,9.00,0.30,17.70
S105,1486913693,21.70,12.50,21.90,9.90,0.30,17.70
S105,1486913992,21.70,12.50,21.90,9.40,0.30,17.70
S105,1486914291,21.60,13.10,21.90,9.40,0.30,17.70
S105,1486914590,21.60,12.80,21.90,9.40,0.30,17.70
S105,1486914889,21.60,12.60,22.00,9.20,0.30,17.70
S105,1486915188,21.60,12.60,21.90,9.30,0.30,17.70
S105,1486915487,21.60,13.10,21.90,9.40,0.30,17.70
S105,1486915786,21.60,13.40,21.80,9.20,0.30,17.70
S105,1486916085,21.60,13.10,21.80,9.00,0.30,17.70
S105,1486916385,21.60,12.90,21.70,9.00,0.30,17.70
S105,1486916684,21.60,12.90,21.70,8.90,0.30,17.70
S105,1486916983,21.50,12.60,21.60,9.10,0.30,17.70
S105,1486917283,21.60,13.00,21.60,9.20,0.30,17.70
S105,1486917582,21.50,12.70,21.60,9.20,0.30,17.70
S105,1486917881,21.50,12.90,21.60,9.20,0.30,17.70
S105,1486918181,21.50,12.90,21.60,8.90,0.30,17.70
S105,1486918480,21.50,12.70,21.60,8.90,0.30,17.70
S105,1486918780,21.50,12.80,21.50,8.90,0.30,17.70
S105,1486919079,21.50,12.60,21.50,8.90,0.30,17.70
S105,1486919378,21.40,12.90,21.50,9.10,0.30,17.70
S105,1486919677,21.40,12.80,21.60,9.20,0.30,17.70
S105,1486919977,21.40,13.00,21.60,9.00,0.30,17.70
S105,1486920276,21.40,12.70,21.60,8.90,0.30,17.70
S105,1486920575,21.40,12.50,21.50,8.50,0.30,17.70
S105,1486920874,21.40,12.60,21.50,8.60,0.30,17.70
S105,1486921174,21.40,12.80,21.50,8.80,0.30,17.70
S105,1486921473,21.40,12.60,21.50,8.80,0.30,17.70
S105,1486921772,21.40,12.90,21.50,9.10,0.30,17.70
S105,1486922072,21.40,12.80,21.50,9.10,0.30,17.70
S105,1486922371,21.40,13.10,21.50,9.10,0.30,17.70
S105,1486922670,21.40,13.00,21.50,8.70,0.30,17.70
S105,1486922969,21.40,12.80,21.50,8.60,0.30,17.70
S105,1486923268,21.40,12.70,21.40,8.80,0.30,17.70
S105,1486923567,21.40,12.90,21.40,9.00,0.30,17.70
S105,1486923867,21.40,12.90,21.50,9.10,0.30,17.70
S105,1486924166,21.40,12.90,21.50,9.10,0.30,17.70
S105,1486924465,21.40,13.10,21.50,9.10,0.30,17.70
S105,1486924764,21.40,13.00,21.50,8.80,0.30,17.70
S105,1486925063,21.30,12.70,21.40,8.50,0.30,17.70
S105,1486925362,21.40,12.90,21.40,8.80,0.30,17.70
S105,1486925661,21.30,12.60,21.40,8.90,0.30,17.70
S105,1486925961,21.40,12.90,21.40,8.90,0.30,17.70
S105,1486926260,21.40,12.90,21.50,9.10,0.30,17.70
S105,1486926559,21.30,13.00,21.50,9.00,0.30,17.70
S105,1486926858,21.40,13.00,21.40,8.50,0.30,17.70
S105,1486927157,21.40,12.80,21.40,8.50,0.30,17.70
S105,1486927456,21.40,12.80,21.40,8.90,0.30,17.70
S105,1486927755,21.30,12.80,21.40,8.80,0.30,17.70
S105,1486928054,21.30,12.70,21.40,8.90,0.30,17.70
S105,1486928353,21.30,12.70,21.40,8.80,0.30,17.70
S105,1486928652,21.30,12.70,21.40,8.80,0.30,17.70
S105,1486928951,21.30,12.70,21.40,8.40,0.30,17.70
S105,1486929250,21.30,12.70,21.30,8.70,0.30,17.70
S105,1486929549,21.30,12.80,21.40,8.80,0.30,17.70
S105,1486929848,21.30,12.60,21.40,8.80,0.30,17.70
S105,1486930147,21.30,12.40,21.50,8.80,0.30,17.70
S105,1486930446,21.30,12.40,21.40,9.00,0.30,17.70
S105,1486930745,21.30,12.90,21.40,8.60,0.30,17.70
S105,1486931044,21.30,12.60,21.40,8.50,0.30,17.70
S105,1486931343,21.30,12.60,21.30,8.70,0.30,17.70
S105,1486931642,21.30,12.70,21.30,8.70,0.30,17.70
S105,1486931941,21.30,12.70,21.40,8.80,0.30,17.70
S105,1486932240,21.30,12.90,21.40,9.00,0.30,17.70
S105,1486932539,21.30,12.70,21.40,9.00,0.30,17.70
S105,1486932838,21.30,12.80,21.40,8.80,0.30,17.70
S105,1486933137,21.30,12.70,21.40,8.50,0.30,17.70
S105,1486933436,21.30,12.60,21.30,8.60,0.30,17.70
S105,1486933735,21.30,12.80,21.30,8.80,0.30,17.70
S105,1486934034,21.30,12.70,21.20,8.80,0.30,17.70
S105,1486934333,21.30,12.80,21.30,9.00,0.30,17.70
S105,1486934632,21.30,12.60,21.20,8.90,0.30,17.70
S105,1486934931,21.20,12.60,21.10,8.70,0.30,17.70
S105,1486935230,21.20,12.40,20.90,8.70,0.30,17.70
S105,1486935529,21.20,12.30,20.80,8.60,0.30,17.70
S105,1486935828,21.20,12.20,20.70,8.60,0.30,17.70
S105,1486936127,21.10,12.50,20.60,8.50,0.30,17.70
S105,1486936426,21.10,12.30,20.50,8.60,0.30,17.70
S105,1486936725,21.00,12.30,20.50,8.70,0.30,17.70
S105,1486937024,21.00,12.30,20.40,9.00,0.30,17.70
S105,1486937323,20.90,12.50,20.40,9.10,0.30,17.70
S105,1486937622,20.90,12.30,20.30,9.10,0.30,17.70
S105,1486937921,20.80,11.80,20.30,9.30,0.30,17.70
S105,1486938220,20.80,12.00,20.30,9.50,0.30,17.70
S105,1486938519,20.80,11.90,20.30,9.60,0.30,17.70
S105,1486938818,20.70,12.50,20.30,9.60,0.30,17.70
S105,1486939117,20.70,12.40,20.30,9.70,0.30,17.70
S105,1486939416,20.60,12.40,20.30,9.80,0.30,17.70
S105,1486939715,20.60,12.60,20.20,9.80,0.30,17.70
S105,1486940014,20.60,12.40,20.20,9.90,0.30,17.70
S105,1486940313,20.60,12.00,20.20,9.90,0.30,17.70
S105,1486940612,20.60,12.50,20.10,9.90,0.30,17.70
S105,1486940911,20.50,12.90,20.10,9.90,0.30,17.70
S105,1486941210,20.50,13.40,20.10,10.10,0.30,17.70
S105,1486941509,20.50,12.80,20.10,10.20,0.30,17.70
S105,1486941808,20.50,12.50,20.10,10.20,0.30,17.70
S105,1486942107,20.40,12.90,20.10,10.30,0.30,17.70
S105,1486942406,20.40,13.10,20.00,10.40,0.30,17.70
S105,1486942705,20.40,13.30,20.00,10.40,0.30,17.70
S105,1486943004,20.40,12.80,20.00,10.50,0.30,17.70
S105,1486943303,20.30,13.00,20.00,10.50,0.30,17.70
S105,1486943602,20.30,13.20,19.90,10.50,0.30,17.70
S105,1486943901,20.30,13.00,19.90,10.50,0.30,17.70
S105,1486944200,20.30,13.20,19.90,10.60,0.30,17.70
S105,1486944499,20.30,13.30,19.90,10.60,0.30,17.70
S105,1486944798,20.20,13.10,19.80,10.60,0.30,17.70
S105,1486945097,20.20,13.10,19.70,10.70,0.30,17.70
S105,1486945396,20.20,13.20,19.60,10.70,0.30,17.70
S105,1486945695,20.10,12.80,19.60,10.80,0.30,17.70
S105,1486945994,20.10,12.90,19.60,10.80,0.30,17.70
S105,1486946293,20.00,13.10,19.50,10.90,0.30,17.70
S105,1486946592,20.00,13.50,19.50,11.00,0.30,17.70
S105,1486946891,20.00,13.20,19.40,11.00,0.30,17.70
S105,1486947190,19.90,13.20,19.40,11.00,0.30,17.70
S105,1486947489,19.90,13.30,19.40,11.00,0.30,17.70
S105,1486947788,19.80,13.10,19.30,11.00,0.30,17.70
S105,1486948087,19.80,13.20,19.30,10.90,0.30,17.70
S105,1486948386,19.80,13.50,19.30,11.00,0.30,17.70
S105,1486948685,19.70,13.10,19.30,11.10,0.30,17.70
S105,1486948984,19.70,13.00,19.20,11.00,0.30,17.70
S105,1486949283,19.70,13.50,19.20,11.00,0.30,17.70
S105,1486949582,19.70,13.60,19.20,11.10,0.30,17.70
S105,1486949881,19.60,13.50,19.20,11.10,0.30,17.70
S105,1486950181,19.60,13.60,19.10,11.10,0.30,17.70
S105,1486950480,19.60,13.30,19.10,11.10,0.30,17.70
S105,1486950779,19.50,13.10,19.10,11.20,0.30,17.70
S105,1486951078,19.50,13.40,19.10,11.30,0.30,17.70
S105,1486951377,19.40,13.30,19.00,11.60,0.30,17.70
S105,1486951676,19.40,13.70,19.00,11.60,0.30,17.70
S105,1486951975,19.40,13.40,19.00,11.60,0.30,17.70
S105,1486952274,19.40,13.60,19.00,11.60,0.30,17.70
S105,1486952573,19.30,13.50,18.90,11.50,0.30,17.70
S105,1486952872,19.30,13.40,18.90,11.50,0.30,17.70
S105,1486953171,19.30,13.70,18.90,11.50,0.30,17.70
S105,1486953470,19.30,13.60,18.80,11.50,0.30,17.70
S105,1486953769,19.30,13.60,18.80,11.50,0.30,17.70
S105,1486954068,19.20,13.90,18.80,11.50,0.30,17.70
S105,1486954367,19.20,13.70,18.80,11.50,0.30,17.70
S105,1486954666,19.20,13.60,18.80,11.50,0.30,17.70
S105,1486954965,19.10,13.40,18.80,11.50,0.30,17.70
S105,1486955264,19.10,13.20,18.70,11.40,0.30,17.70
S105,1486955563,19.10,13.70,18.70,11.40,0.30,17.70
S105,1486955862,19.10,13.60,18.70,11.40,0.30,17.70
S105,1486956161,19.10,13.70,18.70,11.40,0.30,17.70
S105,1486956460,19.00,13.60,18.70,11.40,0.30,17.70
S105,1486956759,19.00,13.30,18.60,11.30,0.30,17.70
S105,1486957058,19.00,13.70,18.60,11.30,0.30,17.70
S105,1486957357,19.00,13.50,18.60,11.30,0.30,17.70
S105,1486957656,19.00,13.40,18.60,11.30,0.30,17.70
S105,1486957955,18.90,13.50,18.60,11.30,0.30,17.70
S105,1486958254,18.90,13.50,18.60,11.30,0.30,17.70
S105,1486958553,18.90,13.50,18.50,11.30,0.30,17.70
S105,1486958852,18.90,14.10,18.60,11.30,0.30,17.70
S105,1486959151,18.90,13.80,18.50,11.30,0.30,17.70
S105,1486959450,18.90,13.80,18.60,11.30,0.30,17.70
S105,1486959749,18.80,13.80,18.60,11.30,0.30,17.70
S105,1486960048,18.80,14.00,18.60,11.30,0.30,17.70
S105,1486960347,18.80,14.00,18.60,11.30,0.30,17.70
S105,1486960646,18.80,14.00,18.70,11.40,0.30,17.70
S105,1486960945,18.90,13.80,18.70,11.40,0.30,17.70
S105,1486961244,18.80,13.70,18.70,11.30,0.30,17.70
S105,1486961543,18.80,13.30,18.60,11.20,0.30,17.70
S105,1486961842,18.80,13.20,18.60,11.10,0.30,17.70
S105,1486962141,18.80,13.30,18.60,11.00,0.30,17.70
S105,1486962440,18.80,13.30,18.50,11.00,0.30,17.70
S105,1486962739,18.80,13.00,18.50,11.10,0.30,17.70
S105,1486963038,18.80,13.40,18.50,10.90,0.30,17.70
S105,1486963337,18.80,13.40,18.40,11.10,0.30,17.70
S105,1486963636,18.80,13.70,18.50,11.30,0.30,17.70
S105,1486963935,18.70,13.90,18.60,11.30,0.30,17.70
S105,1486964234,18.70,14.00,18.70,11.40,0.30,17.70
S105,1486964533,18.70,14.10,18.80,11.50,0.30,17.70
S105,1486964832,18.80,14.20,18.80,11.50,0.30,17.70
S105,1486965131,18.80,14.30,18.90,11.50,0.30,17.70
S105,1486965430,18.80,14.30,19.00,11.60,0.30,17.70
S105,1486965729,18.80,14.40,19.00,11.60,0.30,17.70
S105,1486966028,18.80,14.40,19.00,11.30,0.30,17.70
S105,1486966327,18.90,14.40,19.10,11.50,0.30,17.70
S105,1486966626,18.90,14.40,19.20,11.60,0.30,17.70
S105,1486966925,18.90,14.40,19.20,11.40,0.30,17.70
S105,1486967224,18.90,14.30,19.20,11.40,0.30,17.70
S105,1486967523,19.00,14.50,19.20,11.20,0.30,17.70
S105,1486967822,19.00,14.50,19.30,11.30,0.30,17.70
S105,1486968121,19.00,14.40,19.30,11.20,0.30,17.70
S105,1486968420,19.10,14.50,19.40,11.30,0.30,17.70
S105,1486968719,19.10,14.40,19.40,11.20,0.30,17.70
S105,1486969018,19.10,14.50,19.40,11.10,0.30,17.70
S105,1486969317,19.10,14.40,19.50,11.20,0.30,17.70
S105,1486969616,19.20,14.50,19.50,11.20,0.30,17.70
S105,1486969915,19.20,14.50,19.50,11.10,0.30,17.70
S105,1486970214,19.30,14.50,19.60,11.20,0.30,17.70
S105,1486970513,19.30,14.50,19.60,11.10,0.30,17.70
S105,1486970812,19.30,14.40,19.60,11.10,0.30,17.70
S105,1486971111,19.30,14.40,19.70,10.90,0.30,17.70
S105,1486971410,19.30,14.40,19.70,11.00,0.30,17.70
S105,1486971709,19.40,14.40,19.70,10.70,0.30,17.70
S105,1486972008,19.40,14.10,19.70,10.80,0.30,17.70
S105,1486972307,19.40,14.20,19.70,10.80,0.30,17.70
S105,1486972606,19.40,14.20,19.70,10.70,0.30,17.70
S105,1486972905,19.50,14.30,19.80,10.80,0.30,17.70
S105,1486973204,19.50,14.30,19.80,10.70,0.30,17.70
S105,1486973503,19.50,14.30,19.80,10.70,0.30,17.70
S105,1486973802,19.50,14.30,19.80,10.70,0.30,17.70
S105,1486974101,19.60,14.40,19.90,10.60,0.30,17.70
S105,1486974400,19.60,14.20,19.90,10.60,0.30,17.70
S105,1486974699,19.60,14.30,19.90,10.50,0.30,17.70
S105,1486974998,19.60,14.30,20.00,10.60,0.30,17.70
S105,1486975297,19.70,14.30,20.00,10.60,0.30,17.70
S105,1486975596,19.70,14.30,20.00,10.50,0.30,17.70
S105,1486975895,19.70,14.30,20.00,10.60,0.30,17.70
S105,1486976194,19.70,14.20,20.10,10.50,0.30,17.70
S105,1486976493,19.70,14.30,20.10,10.50,0.30,17.70
S105,1486976792,19.80,14.40,20.20,10.60,0.30,17.70
S105,1486977091,19.80,14.10,20.30,10.80,0.30,17.70
S105,1486977390,19.90,14.40,20.40,10.60,0.30,17.70
S105,1486977689,19.90,14.30,20.40,10.60,0.30,17.70
S105,1486977988,20.00,14.30,20.50,10.60,0.30,17.70
S105,1486978287,20.00,14.40,20.50,10.50,0.30,17.70
S105,1486978586,20.00,14.30,20.50,10.30,0.30,17.70
S105,1486978885,20.10,14.40,20.50,10.30,0.30,17.70
S105,1486979184,20.10,14.40,20.60,10.40,0.30,17.70
S105,1486979483,20.10,14.30,20.60,10.30,0.30,17.70
S105,1486979782,20.20,14.30,20.60,10.30,0.30,17.70
S105,1486980081,20.20,14.30,20.60,10.30,0.30,17.70
S105,1486980380,20.30,14.40,20.70,10.30,0.30,17.70
S105,1486980679,20.30,14.40,20.70,10.30,0.30,17.70
S105,1486980978,20.30,14.30,20.70,10.20,0.30,17.70
S105,1486981277,20.30,14.20,20.70,10.20,0.30,17.70
S105,1486981576,20.40,14.30,20.80,10.30,0.30,17.70
S105,1486981875,20.40,14.30,20.80,10.20,0.30,17.70
S105,1486982174,20.40,14.20,20.80,10.10,0.30,17.70
S105,1486982473,20.40,14.10,20.80,10.20,0.30,17.70
S105,1486982772,20.40,13.60,20.90,10.30,0.30,17.70
S105,1486983071,20.50,13.70,21.00,10.20,0.30,17.70
S105,1486983370,20.50,13.70,21.00,10.30,0.30,17.70
S105,1486983669,20.60,14.20,21.00,10.20,0.30,17.70
S105,1486983968,20.60,14.20,21.00,10.20,0.30,17.70
S105,1486984267,20.60,13.80,21.00,10.00,0.30,17.70
S105,1486984566,20.60,13.40,21.10,10.10,0.30,17.70
S105,1486984865,20.70,14.00,21.10,10.30,0.30,17.70
S105,1486985164,20.70,13.90,21.10,10.10,0.30,17.70
S105,1486985463,20.70,13.60,21.10,10.20,0.30,17.70
S105,1486985762,20.70,13.50,21.20,10.00,0.30,17.70
S105,1486986061,20.80,13.90,21.20,10.10,0.30,17.70
S105,1486986360,20.80,14.10,21.20,10.10,0.30,17.70
S105,1486986659,20.80,14.20,21.10,10.10,0.30,17.70
S105,1486986958,20.80,14.10,21.20,10.00,0.30,17.70
S105,1486987257,20.80,14.00,21.10,9.80,0.30,17.70
S105,1486987556,20.90,14.10,21.10,9.80,0.30,17.70
S105,1486987855,20.90,13.00,21.20,9.60,0.30,17.70
S105,1486988154,20.90,13.80,21.20,9.80,0.30,17.70
S105,1486988454,20.90,13.80,21.20,9.70,0.30,17.70
S105,1486988753,20.90,13.90,21.20,9.80,0.30,17.70
S105,1486989052,20.90,13.40,21.20,9.70,0.30,17.70
S105,1486989351,20.90,13.70,21.20,9.70,0.30,17.70
S105,1486989650,20.90,13.60,21.20,10.10,0.30,17.70
S105,1486989949,20.90,14.00,21.20,10.10,0.30,17.70
S105,1486990248,20.90,13.60,21.20,10.00,0.30,17.70
S105,1486990547,21.00,14.00,21.30,10.10,0.30,17.70
S105,1486990846,21.00,13.90,21.30,10.20,0.30,17.70
S105,1486991145,21.00,14.00,21.30,10.00,0.30,17.70
S105,1486991444,21.00,13.40,21.20,9.30,0.30,17.70
S105,1486991743,21.00,13.10,21.20,9.20,0.30,17.70
S105,1486992042,21.00,13.10,21.20,9.30,0.30,17.70
S105,1486992341,21.00,13.20,21.20,9.50,0.30,17.70
S105,1486992640,21.00,12.20,21.20,9.30,0.30,17.70
S105,1486992939,21.00,12.30,21.20,9.30,0.30,17.70
S105,1486993238,21.00,12.80,21.30,9.40,0.30,17.70
S105,1486993537,21.00,13.30,21.30,9.40,0.30,17.70
S105,1486993836,21.10,13.40,21.30,9.30,0.30,17.70
S105,1486994135,21.10,13.20,21.30,9.00,0.30,17.70
S105,1486994434,21.10,12.70,21.30,9.00,0.30,17.70
S105,1486994733,21.10,12.70,21.20,8.90,0.30,17.70
S105,1486995032,21.10,12.80,21.30,9.10,0.30,17.70
S105,1486995331,21.10,13.20,21.30,9.30,0.30,17.70
S105,1486995630,21.10,13.30,21.30,9.20,0.30,17.70
S105,1486995929,21.10,13.20,21.30,9.20,0.30,17.70
S105,1486996228,21.10,13.40,21.30,9.30,0.30,17.70
S105,1486996527,21.10,13.10,21.30,9.30,0.30,17.70
S105,1486996826,21.10,13.20,21.30,9.00,0.30,17.70
S105,1486997125,21.10,13.10,21.30,9.00,0.30,17.70
S105,1486997424,21.10,13.00,21.30,9.00,0.30,17.70
S105,1486997723,21.10,13.00,21.30,9.00,0.30,17.70
S105,1486998022,21.10,13.00,21.30,8.70,0.30,17.70
S105,1486998321,21.10,12.80,21.30,8.60,0.30,17.70
S105,1486998620,21.10,12.90,21.30,8.70,0.30,17.70
S105,1486998919,21.10,12.70,21.30,8.60,0.30,17.70
S105,1486999218,21.10,12.70,21.30,8.60,0.30,17.70
S105,1486999517,21.10,12.80,21.30,8.70,0.30,17.70
S105,1486999816,21.10,12.90,21.30,8.70,0.30,17.70
S105,1487000115,21.10,13.30,21.30,8.60,0.30,17.70
S105,1487000414,21.10,12.30,21.30,8.60,0.30,17.70
S105,1487000713,21.20,12.60,21.30,8.40,0.30,17.70
S105,1487001012,21.20,12.20,21.30,8.40,0.30,17.70
S105,1487001311,21.10,12.50,21.30,8.50,0.30,17.70
S105,1487001610,21.10,12.50,21.30,8.50,0.30,17.70
S105,1487001909,21.20,12.60,21.30,8.60,0.30,17.70
S105,1487002208,21.20,13.30,21.30,8.70,0.30,17.70
S105,1487002507,21.20,12.80,21.30,8.50,0.30,17.70
S105,1487002806,21.20,12.80,21.30,8.60,0.30,17.70
S105,1487003105,21.20,12.50,21.30,8.30,0.30,17.70
S105,1487003404,21.20,12.20,21.30,8.30,0.30,17.70
S105,1487003703,21.20,12.30,21.20,8.70,0.30,17.70
S105,1487004002,21.10,12.40,21.30,9.80,0.30,17.70
S105,1487004301,21.10,12.40,21.30,8.90,0.30,17.70
S105,1487004600,21.10,12.70,21.30,8.90,0.30,17.70
S105,1487004899,21.20,12.90,21.30,8.70,0.30,17.70
S105,1487005198,21.20,12.80,21.40,8.80,0.30,17.70
S105,1487005497,21.20,12.90,21.40,9.70,0.30,17.70
S105,1487005796,21.20,12.30,21.30,8.70,0.30,17.70
S105,1487006095,21.20,12.60,21.30,8.40,0.30,17.70
S105,1487006394,21.20,12.60,21.30,9.00,0.30,17.70
S105,1487006693,21.20,12.80,21.30,9.00,0.30,17.70
S105,1487006992,21.20,12.80,21.30,8.90,0.30,17.70
S105,1487007291,21.20,12.80,21.30,9.90,0.30,17.70
S105,1487007590,21.20,12.70,21.30,8.50,0.30,17.70
S105,1487007889,21.20,12.60,21.30,8.60,0.30,17.70
S105,1487008188,21.20,12.50,21.30,8.70,0.30,17.70
S105,1487008487,21.20,12.70,21.30,9.50,0.30,17.70
S105,1487008786,21.20,12.80,21.30,9.00,0.30,17.70
S105,1487009085,21.20,12.80,21.30,9.00,0.30,17.70
S105,1487009384,21.20,12.40,21.30,8.70,0.30,17.70
S105,1487009683,21.20,12.70,21.30,8.60,0.30,17.70
S105,1487009982,21.20,12.60,21.30,8.70,0.30,17.70
S105,1487010281,21.20,12.70,21.30,9.00,0.30,17.70
S105,1487010580,21.20,12.90,21.30,9.00,0.30,17.70
S105,1487010879,21.20,12.70,21.30,8.80,0.30,17.70
S105,1487011178,21.20,12.70,21.30,8.60,0.30,17.70
S105,1487011477,21.20,12.40,21.20,8.70,0.30,17.70
S105,1487011776,21.20,12.50,21.20,8.90,0.30,17.70
S105,1487012075,21.10,12.70,21.20,8.90,0.30,17.70
S105,1487012374,21.20,12.60,21.30,8.70,0.30,17.70
S105,1487012673,21.20,12.80,21.30,8.60,0.30,17.70
S105,1487012972,21.20,12.50,21.30,8.50,0.30,17.70
S105,1487013271,21.10,12.30,21.20,8.40,0.30,17.70
S105,1487013570,21.10,12.40,21.20,8.60,0.30,17.70
S105,1487013869,21.10,12.30,21.20,8.60,0.30,17.70
S105,1487014168,21.10,12.70,21.30,8.80,0.30,17.70
S105,1487014467,21.10,12.70,21.30,8.70,0.30,17.70
S105,1487014766,21.10,12.50,21.40,8.50,0.30,17.70
S105,1487015065,21.10,12.60,21.40,8.50,0.30,17.70
S105,1487015364,21.10,12.10,21.40,8.20,0.30,17.70
S105,1487015663,21.10,12.20,21.30,8.50,0.30,17.70
S105,1487015962,21.20,12.50,21.40,8.40,0.30,17.70
S105,1487016261,21.20,12.70,21.40,8.40,0.30,17.70
S105,1487016560,21.20,12.30,21.40,8.50,0.30,17.70
S105,1487016859,21.20,12.50,21.40,8.40,0.30,17.70
S105,1487017158,21.20,12.50,21.40,8.30,0.30,17.70
S105,1487017457,21.20,12.10,21.40,8.30,0.30,17.70
S105,1487017756,21.20,12.30,21.50,8.50,0.30,17.70
S105,1487018055,21.20,12.20,21.40,8.60,0.30,17.70
S105,1487018354,21.20,12.70,21.40,8.50,0.30,17.70
S105,1487018653,21.20,12.60,21.40,8.60,0.30,17.70
S105,1487018952,21.20,12.70,21.40,8.40,0.30,17.70
S105,1487019251,21.20,12.40,21.40,8.20,0.30,17.70
S105,1487019550,21.20,12.20,21.30,8.20,0.30,17.70
S105,1487019849,21.20,12.00,21.30,8.30,0.30,17.70
S105,1487020148,21.20,12.30,21.30,8.30,0.30,17.70
S105,1487020447,21.20,12.40,21.30,8.20,0.30,17.70
S105,1487020746,21.20,12.30,21.30,8.70,0.30,17.70
S105,1487021045,21.20,11.90,21.20,7.90,0.30,17.70
S105,1487021344,21.20,11.30,21.10,7.90,0.30,17.70
S105,1487021643,21.20,11.50,20.90,7.80,0.30,17.70
S105,1487021942,21.10,11.30,20.80,7.80,0.30,17.70
S105,1487022241,21.10,11.30,20.70,7.80,0.30,17.70
S105,1487022540,21.10,11.30,20.60,7.90,0.30,17.70
S105,1487022839,21.00,11.20,20.50,8.00,0.30,17.70
S105,1487023138,21.00,11.10,20.30,8.10,0.30,17.70
S105,1487023437,20.90,11.30,20.20,8.10,0.30,17.70
S105,1487023736,20.80,11.00,20.10,8.20,0.30,17.70
S105,1487024035,20.80,10.90,20.00,8.10,0.30,17.70
S105,1487024334,20.80,10.80,20.00,8.10,0.30,17.70
S105,1487024633,20.70,10.70,20.00,8.10,0.30,17.70
S105,1487024932,20.60,11.10,19.90,8.00,0.30,17.70
S105,1487025231,20.60,11.40,19.80,8.30,0.30,17.70
S105,1487025530,20.50,11.40,19.80,8.50,0.30,17.70
S105,1487025829,20.50,11.40,19.70,8.60,0.30,17.70
S105,1487026128,20.40,11.40,19.60,8.70,0.30,17.70
S105,1487026427,20.40,11.50,19.60,8.80,0.30,17.70
S105,1487026727,20.30,11.60,19.50,8.90,0.30,17.70
S105,1487027026,20.30,11.60,19.50,9.00,0.30,17.70
S105,1487027325,20.20,11.80,19.50,9.10,0.30,17.70
S105,1487027624,20.20,11.90,19.50,9.10,0.30,17.70
S105,1487027923,20.10,11.90,19.40,9.10,0.30,17.70
S105,1487028222,20.10,12.00,19.40,9.20,0.30,17.70
S105,1487028521,20.00,12.00,19.30,9.20,0.30,17.70
S105,1487028820,20.00,12.00,19.30,9.30,0.30,17.70
S105,1487029119,20.00,12.10,19.30,9.30,0.30,17.70
S105,1487029418,19.90,12.10,19.30,9.40,0.30,17.70
S105,1487029717,19.90,11.90,19.30,9.50,0.30,17.70
S105,1487030016,19.80,12.20,19.20,9.40,0.30,17.70
S105,1487030315,19.80,12.00,19.10,9.50,0.30,17.70
S105,1487030614,19.80,12.20,19.20,9.60,0.30,17.70
S105,1487030913,19.70,12.30,19.20,9.60,0.30,17.70
S105,1487031212,19.70,12.40,19.20,9.60,0.30,17.70
S105,1487031511,19.70,12.40,19.10,9.60,0.30,17.70
S105,1487031810,19.70,12.20,19.20,9.60,0.30,17.70
S105,1487032109,19.70,12.20,19.20,9.60,0.30,17.70
S105,1487032408,19.60,12.40,19.10,9.50,0.30,17.70
S105,1487032707,19.60,12.40,19.10,9.60,0.30,17.70
S105,1487033006,19.60,11.90,19.10,9.60,0.30,17.70
S105,1487033305,19.60,12.30,19.10,9.60,0.30,17.70
S105,1487033604,19.60,12.50,19.10,9.60,0.30,17.70
S105,1487033903,19.50,12.20,19.00,9.60,0.30,17.70
S105,1487034202,19.50,12.10,18.90,9.70,0.30,17.70
S105,1487034501,19.50,12.10,18.90,9.70,0.30,17.70
S105,1487034800,19.50,12.20,18.80,9.70,0.30,17.70
S105,1487035099,19.40,12.10,18.80,9.80,0.30,17.70
S105,1487035398,19.30,12.40,18.80,9.80,0.30,17.70
S105,1487035697,19.30,12.50,18.80,9.80,0.30,17.70
S105,1487035996,19.30,12.00,18.80,9.90,0.30,17.70
S105,1487036295,19.20,12.20,18.70,9.80,0.30,17.70
S105,1487036594,19.20,12.60,18.70,9.90,0.30,17.70
S105,1487036893,19.20,12.50,18.70,9.90,0.30,17.70
S105,1487037192,19.20,12.70,18.60,9.90,0.30,17.70
S105,1487037491,19.10,12.70,18.60,10.00,0.30,17.70
S105,1487037790,19.10,12.30,18.60,10.00,0.30,17.70
S105,1487038089,19.10,12.70,18.60,10.00,0.30,17.70
S105,1487038388,19.00,12.70,18.60,10.00,0.30,17.70
S105,1487038687,19.00,12.30,18.50,10.00,0.30,17.70
S105,1487038986,19.00,12.50,18.50,10.10,0.30,17.70
S105,1487039285,18.90,12.60,18.50,10.10,0.30,17.70
S105,1487039584,18.90,12.70,18.50,10.10,0.30,17.70
S105,1487039883,18.90,12.20,18.50,10.20,0.30,17.70
S105,1487040182,18.90,12.40,18.40,10.10,0.30,17.70
S105,1487040481,18.90,12.30,18.40,10.20,0.30,17.70
S105,1487040780,18.80,12.40,18.40,10.30,0.30,17.70
S105,1487041079,18.80,12.60,18.40,10.30,0.30,17.70
S105,1487041378,18.80,12.90,18.30,10.30,0.30,17.70
S105,1487041677,18.80,12.80,18.30,10.30,0.30,17.70
S105,1487041976,18.80,12.70,18.30,10.30,0.30,17.70
S105,1487042275,18.70,12.70,18.30,10.40,0.30,17.70
S105,1487042574,18.70,12.80,18.30,10.50,0.30,17.70
S105,1487042873,18.70,12.80,18.30,10.50,0.30,17.70
S105,1487043172,18.70,12.90,18.30,10.50,0.30,17.70
S105,1487043471,18.70,13.00,18.30,10.60,0.30,17.70
S105,1487043770,18.60,12.90,18.20,10.60,0.30,17.70
S105,1487044069,18.60,12.80,18.20,10.60,0.30,17.70
S105,1487044368,18.60,12.80,18.20,10.60,0.30,17.70
S105,1487044667,18.50,12.80,18.20,10.70,0.30,17.70
S105,1487044966,18.60,12.80,18.20,10.70,0.30,17.70
S105,1487045265,18.50,12.90,18.10,10.70,0.30,17.70
S105,1487045564,18.50,12.90,18.10,10.80,0.30,17.70
S105,1487045863,18.50,13.20,18.10,10.90,0.30,17.70
S105,1487046162,18.50,13.20,18.10,11.00,0.30,17.70
S105,1487046461,18.50,13.20,18.10,11.00,0.30,17.70
S105,1487046760,18.40,13.10,18.10,11.00,0.30,17.70
S105,1487047059,18.40,12.80,18.10,11.00,0.30,17.70
S105,1487047358,18.40,13.00,18.10,11.00,0.30,17.70
S105,1487047657,18.40,13.10,18.10,11.00,0.30,17.70
S105,1487047956,18.40,13.10,18.10,11.00,0.30,17.70
S105,1487048255,18.40,13.30,18.00,10.90,0.30,17.70
S105,1487048554,18.40,13.10,18.00,10.90,0.30,17.70
S105,1487048853,18.30,12.90,18.00,10.90,0.30,17.70
S105,1487049152,18.30,12.90,18.00,10.90,0.30,17.70
S105,1487049451,18.30,13.20,18.00,10.90,0.30,17.70
S105,1487049750,18.30,13.40,18.10,11.00,0.30,17.70
S105,1487050049,18.30,13.60,18.20,11.10,0.30,17.70
S105,1487050348,18.30,13.60,18.30,11.10,0.30,17.70
S105,1487050647,18.30,13.70,18.40,11.20,0.30,17.70
S105,1487050946,18.30,13.70,18.40,11.20,0.30,17.70
S105,1487051245,18.30,13.80,18.50,11.30,0.30,17.70
S105,1487051544,18.40,13.90,18.50,11.30,0.30,17.70
S105,1487051843,18.40,14.00,18.60,11.30,0.30,17.70
S105,1487052142,18.40,14.00,18.60,11.30,0.30,17.70
S105,1487052441,18.40,14.00,18.70,11.40,0.30,17.70
S105,1487052740,18.50,14.10,18.70,11.30,0.30,17.70
S105,1487053039,18.50,14.10,18.80,11.40,0.30,17.70
S105,1487053338,18.50,14.10,18.80,11.40,0.30,17.70
S105,1487053637,18.60,14.20,18.90,11.40,0.30,17.70
S105,1487053936,18.60,14.20,18.90,11.10,0.30,17.70
S105,1487054235,18.60,14.20,18.90,11.30,0.30,17.70
S105,1487054534,18.70,14.30,19.00,11.30,0.30,17.70
S105,1487054833,18.70,14.30,19.00,11.20,0.30,17.70
S105,1487055132,18.70,14.30,19.10,11.30,0.30,17.70
S105,1487055431,18.80,14.30,19.10,11.20,0.30,17.70
S105,1487055730,18.80,14.30,19.10,11.20,0.30,17.70
S105,1487056029,18.80,14.30,19.20,11.20,0.30,17.70
S105,1487056328,18.80,14.30,19.20,11.20,0.30,17.70
S105,1487056627,18.90,14.40,19.20,11.20,0.30,17.70
S105,1487056926,18.90,14.40,19.30,11.20,0.30,17.70
S105,1487057225,18.90,14.40,19.30,11.20,0.30,17.70
S105,1487057524,19.00,14.50,19.30,11.30,0.30,17.70
S105,1487057823,19.00,14.40,19.30,11.20,0.30,17.70
S105,1487058122,19.00,14.40,19.40,11.30,0.30,17.70
S105,1487058421,19.10,14.50,19.40,11.30,0.30,17.70
S105,1487058720,19.10,14.50,19.40,11.30,0.30,17.70
S105,1487059019,19.10,14.50,19.50,11.20,0.30,17.70
S105,1487059318,19.10,14.50,19.50,11.30,0.30,17.70
S105,1487059617,19.20,14.60,19.60,11.20,0.30,17.70
S105,1487059916,19.20,14.60,19.60,11.20,0.30,17.70
S105,1487060215,19.20,14.50,19.60,11.20,0.30,17.70
S105,1487060514,19.30,14.60,19.60,11.20,0.30,17.70
S105,1487060813,19.30,14.60,19.70,11.30,0.30,17.70
S105,1487061112,19.30,14.60,19.70,11.30,0.30,17.70
S105,1487061411,19.40,14.60,19.70,11.20,0.30,17.70
S105,1487061710,19.40,14.60,19.80,11.30,0.30,17.70
S105,1487062009,19.40,14.60,19.80,11.30,0.30,17.70
S105,1487062308,19.40,14.60,19.80,11.20,0.30,17.70
S105,1487062607,19.50,14.70,19.90,11.30,0.30,17.70
S105,1487062906,19.50,14.60,20.00,11.40,0.30,17.70
S105,1487063205,19.50,14.50,20.10,11.30,0.30,17.70
S105,1487063504,19.60,14.70,20.10,11.10,0.30,17.70
S105,1487063803,19.60,14.60,20.20,11.20,0.30,17.70
S105,1487064102,19.70,14.60,20.30,11.20,0.30,17.70
S105,1487064401,19.70,14.60,20.30,11.10,0.30,17.70
S105,1487064700,19.80,14.70,20.40,11.00,0.30,17.70
S105,1487065000,19.80,14.60,20.40,10.90,0.30,17.70
S105,1487065299,19.80,14.60,20.40,10.90,0.30,17.70
S105,1487065598,19.90,14.50,20.50,10.70,0.30,17.70
S105,1487065897,19.90,14.50,20.50,10.80,0.30,17.70
S105,1487066196,20.00,14.50,20.40,10.40,0.30,17.70
S105,1487066495,20.00,14.40,20.40,10.50,0.30,17.70
S105,1487066794,20.00,14.30,20.50,10.40,0.30,17.70
S105,1487067093,20.10,14.30,20.50,10.50,0.30,17.70
S105,1487067392,20.10,14.30,20.50,10.30,0.30,17.70
S105,1487067691,20.10,14.30,20.60,10.20,0.30,17.70
S105,1487067990,20.20,14.30,20.60,10.20,0.30,17.70
S105,1487068289,20.20,14.20,20.70,10.20,0.30,17.70
S105,1487068588,20.20,14.20,20.70,10.10,0.30,17.70
S105,1487068887,20.20,14.00,20.70,10.10,0.30,17.70
S105,1487069186,20.30,14.20,20.70,10.10,0.30,17.70
S105,1487069485,20.30,14.20,20.70,10.00,0.30,17.70
S105,1487069784,20.30,14.10,20.70,10.00,0.30,17.70
S105,1487070083,20.30,14.00,20.70,10.10,0.30,17.70
S105,1487070382,20.40,14.10,20.70,10.00,0.30,17.70
S105,1487070681,20.40,14.10,20.70,9.90,0.30,17.70
S105,1487070980,20.40,14.10,20.60,9.80,0.30,17.70
S105,1487071279,20.40,14.00,20.60,9.70,0.30,17.70
S105,1487071578,20.40,14.00,20.60,9.90,0.30,17.70
S105,1487071877,20.40,13.90,20.60,9.80,0.30,17.70
S105,1487072176,20.40,13.90,20.60,9.80,0.30,17.70
S105,1487072475,20.40,13.80,20.60,9.70,0.30,17.70
S105,1487072774,20.40,13.80,20.60,9.80,0.30,17.70
S105,1487073073,20.40,13.80,20.60,9.60,0.30,17.70
S105,1487073372,20.40,13.80,20.60,9.50,0.30,17.70
S105,1487073671,20.40,13.70,20.60,9.50,0.30,17.70
S105,1487073970,20.40,13.70,20.60,9.40,0.30,17.70
S105,1487074269,20.40,13.70,20.60,9.40,0.30,17.70
S105,1487074568,20.40,13.60,20.70,9.40,0.30,17.70
S105,1487074867,20.50,13.70,20.70,9.30,0.30,17.70
S105,1487075166,20.50,13.60,20.70,9.10,0.30,17.70
S105,1487075466,20.50,13.60,20.70,9.20,0.30,17.70
S105,1487075765,20.50,13.40,20.70,9.20,0.30,17.70
S105,1487076064,20.50,13.50,20.60,9.10,0.30,17.70
S105,1487076363,20.50,13.40,20.60,9.10,0.30,17.70
S105,1487076662,20.50,13.40,20.70,9.00,0.30,17.70
S105,1487076961,20.50,13.00,20.70,9.20,0.30,17.70
S105,1487077260,20.50,13.30,20.80,9.20,0.30,17.70
S105,1487077559,20.50,13.30,20.80,9.30,0.30,17.70
S105,1487077858,20.50,13.40,20.90,9.30,0.30,17.70
S105,1487078157,20.60,13.50,20.90,9.30,0.30,17.70
S105,1487078456,20.60,13.50,20.90,9.20,0.30,17.70
S105,1487078755,20.60,13.40,21.00,9.20,0.30,17.70
S105,1487079054,20.60,13.50,21.00,9.30,0.30,17.70
S105,1487079353,20.70,13.60,21.00,9.40,0.30,17.70
S105,1487079652,20.70,13.50,21.00,9.20,0.30,17.70
S105,1487079951,20.70,13.50,21.00,9.20,0.30,17.70
S105,1487080250,20.70,13.50,21.10,9.30,0.30,17.70
S105,1487080549,20.70,13.20,21.10,8.80,0.30,17.70
S105,1487080848,20.80,12.70,21.10,8.80,0.30,17.70
S105,1487081147,20.80,12.50,21.10,8.60,0.30,17.70
S105,1487081446,20.80,12.80,21.10,8.70,0.30,17.70
S105,1487081745,20.80,12.20,21.10,8.80,0.30,17.70
S105,1487082044,20.80,12.10,21.10,8.60,0.30,17.70
S105,1487082343,20.90,12.40,21.20,8.90,0.30,17.70
S105,1487082642,20.90,12.50,21.20,8.90,0.30,17.70
S105,1487082941,20.90,11.80,21.30,9.00,0.30,17.70
S105,1487083240,20.90,12.60,21.30,9.00,0.30,17.70
S105,1487083539,20.90,12.00,21.30,9.00,0.30,17.70
S105,1487083838,20.90,12.20,21.30,8.90,0.30,17.70
S105,1487084137,20.90,11.90,21.30,8.60,0.30,17.70
S105,1487084436,20.90,12.00,21.30,8.60,0.30,17.70
S105,1487084735,20.90,12.00,21.20,8.40,0.30,17.70
S105,1487085034,21.00,11.90,21.30,8.80,0.30,17.70
S105,1487085333,21.00,12.30,21.30,8.70,0.30,17.70
S105,1487085632,21.00,12.20,21.30,9.00,0.30,17.70
S105,1487085931,21.00,12.60,21.30,9.00,0.30,17.70
S105,1487086230,21.00,12.60,21.40,9.00,0.30,17.70
S105,1487086529,21.00,12.60,21.40,8.60,0.30,17.70
S105,1487086828,21.00,12.20,21.30,8.30,0.30,17.70
S105,1487087127,21.00,11.60,21.30,8.10,0.30,17.70
S105,1487087426,21.10,11.70,21.20,8.20,0.30,17.70
S105,1487087725,21.10,11.90,21.20,9.30,0.30,17.70
S105,1487088024,21.10,12.20,21.20,8.20,0.30,17.70
S105,1487088323,21.10,12.00,21.20,8.30,0.30,17.70
S105,1487088622,21.10,12.20,21.20,8.30,0.30,17.70
S105,1487088921,21.10,12.00,21.30,8.40,0.30,17.70
S105,1487089220,21.10,11.70,21.30,8.40,0.30,17.70
S105,1487089519,21.10,11.60,21.30,8.40,0.30,17.70
S105,1487089818,21.10,11.90,21.30,8.50,0.30,17.70
S105,1487090117,21.10,12.10,21.30,8.60,0.30,17.70
S105,1487090416,21.10,12.10,21.30,8.90,0.30,17.70
S105,1487090715,21.10,12.10,21.40,8.50,0.30,17.70
S105,1487091014,21.10,12.40,21.30,8.20,0.30,17.70
S105,1487091313,21.10,12.20,21.30,8.20,0.30,17.70
S105,1487091612,21.10,11.20,21.30,8.20,0.30,17.70
S105,1487091911,21.10,11.30,21.30,8.20,0.30,17.70
S105,1487092210,21.10,11.60,21.30,8.00,0.30,17.70
S105,1487092509,21.10,11.60,21.30,8.20,0.30,17.70
S105,1487092808,21.10,11.70,21.30,8.10,0.30,17.70
S105,1487093107,21.10,11.90,21.30,8.00,0.30,17.70
S105,1487093406,21.10,11.90,21.20,7.80,0.30,17.70
S105,1487093705,21.10,11.80,21.20,7.90,0.30,17.70
S105,1487094004,21.10,11.90,21.20,8.20,0.30,17.70
S105,1487094303,21.10,12.00,21.20,8.00,0.30,17.70
S105,1487094602,21.10,12.00,21.20,8.10,0.30,17.70
S105,1487094901,21.10,11.80,21.20,8.00,0.30,17.70
S105,1487095200,21.10,12.00,21.20,8.10,0.30,17.70
S105,1487095499,21.10,12.10,21.20,8.20,0.30,17.70
S105,1487095798,21.10,12.20,21.20,8.20,0.30,17.70
S105,1487096097,21.10,12.30,21.20,8.10,0.30,17.70
S105,1487096396,21.00,12.10,21.20,8.20,0.30,17.70
S105,1487096695,21.10,11.80,21.30,8.20,0.30,17.70
S105,1487096994,21.10,11.40,21.30,8.10,0.30,17.70
S105,1487097293,21.10,11.90,21.30,8.20,0.30,17.70
S105,1487097592,21.10,11.50,21.30,8.00,0.30,17.70
S105,1487097891,21.10,11.80,21.20,7.40,0.30,17.70
S105,1487098190,21.10,11.20,21.20,7.60,0.30,17.70
S105,1487098489,21.10,11.70,21.20,7.50,0.30,17.70
S105,1487098788,21.10,11.80,21.20,7.80,0.30,17.70
S105,1487099087,21.10,11.50,21.30,7.90,0.30,17.70
S105,1487099386,21.10,11.00,21.20,7.90,0.30,17.70
S105,1487099685,21.10,10.90,21.20,7.90,0.30,17.70
S105,1487099984,21.10,11.50,21.20,7.80,0.30,17.70
S105,1487100283,21.10,11.80,21.20,7.40,0.30,17.70
S105,1487100582,21.10,11.70,21.20,7.20,0.30,17.70
S105,1487100881,21.10,11.70,21.10,7.40,0.30,17.70
S105,1487101180,21.10,11.70,21.10,7.40,0.30,17.70
S105,1487101479,21.00,11.80,21.20,7.50,0.30,17.70
S105,1487101778,21.10,11.90,21.10,7.50,0.30,17.70
S105,1487102077,21.00,11.80,21.10,7.50,0.30,17.70
S105,1487102376,21.00,11.80,21.10,7.50,0.30,17.70
S105,1487102675,21.00,11.70,21.00,7.40,0.30,17.70
S105,1487102974,21.00,11.80,21.00,7.40,0.30,17.70
S105,1487103274,21.00,11.80,20.90,7.40,0.30,17.70
S105,1487103573,21.00,11.90,20.90,7.40,0.30,17.70
S105,1487103872,20.90,11.70,20.90,7.50,0.30,17.70
S105,1487104171,20.90,11.80,20.80,7.40,0.30,17.70
S105,1487104470,20.90,11.70,20.80,7.50,0.30,17.70
S105,1487104769,20.90,11.70,20.80,7.50,0.30,17.70
S105,1487105068,20.90,11.80,20.70,7.40,0.30,17.70
S105,1487105367,20.80,11.70,20.70,7.50,0.30,17.70
S105,1487105666,20.80,11.60,20.70,7.40,0.30,17.70
S105,1487105965,20.80,11.70,20.70,7.40,0.30,17.70
S105,1487106264,20.80,11.70,20.70,7.50,0.30,17.70
S105,1487106563,20.70,11.70,20.60,7.40,0.30,17.70
S105,1487106862,20.70,11.70,20.60,7.40,0.30,17.70
S105,1487107161,20.70,11.30,20.50,7.30,0.30,17.70
S105,1487107460,20.70,11.00,20.30,7.20,0.30,17.70
S105,1487107759,20.60,11.00,20.20,7.10,0.30,17.70
S105,1487108058,20.60,10.60,20.10,7.20,0.30,17.70
S105,1487108357,20.60,10.90,20.00,7.20,0.30,17.70
S105,1487108656,20.50,10.70,19.90,7.10,0.30,17.70
S105,1487108955,20.50,10.50,19.80,7.20,0.30,17.70
S105,1487109254,20.40,10.50,19.80,7.10,0.30,17.70
S105,1487109553,20.40,10.40,19.70,7.10,0.30,17.70
S105,1487109852,20.30,10.40,19.60,7.10,0.30,17.70
S105,1487110151,20.20,10.70,19.60,7.20,0.30,17.70
S105,1487110450,20.20,10.50,19.60,7.30,0.30,17.70
S105,1487110749,20.20,10.30,19.50,7.40,0.30,17.70
S105,1487111048,20.10,10.60,19.50,7.40,0.30,17.70
S105,1487111347,20.10,10.20,19.40,7.30,0.30,17.70
S105,1487111646,20.10,10.60,19.40,7.40,0.30,17.70
S105,1487111945,20.00,10.10,19.40,7.40,0.30,17.70
S105,1487112244,20.00,10.10,19.30,7.60,0.30,17.70
S105,1487112543,19.90,10.70,19.30,7.60,0.30,17.70
S105,1487112842,19.90,10.80,19.30,7.60,0.30,17.70
S105,1487113141,19.80,10.60,19.30,7.60,0.30,17.70
S105,1487113440,19.80,10.50,19.30,7.60,0.30,17.70
S105,1487113739,19.70,10.40,19.40,7.70,0.30,17.70
S105,1487114038,19.80,10.40,19.30,7.60,0.30,17.70
S105,1487114337,19.70,10.70,19.30,7.60,0.30,17.70
S105,1487114636,19.70,10.70,19.30,7.60,0.30,17.70
S105,1487114935,19.70,10.50,19.30,7.60,0.30,17.70
S105,1487115234,19.70,9.90,19.30,7.60,0.30,17.70
S105,1487115533,19.60,11.00,19.30,8.80,0.30,17.70
S105,1487115832,19.60,10.90,19.30,8.30,0.30,17.70
S105,1487116131,19.60,11.20,19.20,8.00,0.30,17.70
S105,1487116430,19.60,11.20,19.20,7.70,0.30,17.70
S105,1487116729,19.60,10.70,19.20,7.60,0.30,17.70
S105,1487117028,19.60,10.30,19.20,7.60,0.30,17.70
S105,1487117327,19.50,10.90,19.10,7.30,0.30,17.70
S105,1487117626,19.50,10.80,19.20,7.20,0.30,17.70
S105,1487117925,19.50,9.80,19.10,7.00,0.30,17.70
S105,1487118224,19.40,10.10,19.00,6.90,0.30,17.70
S105,1487118523,19.40,10.00,19.00,7.00,0.30,17.70
S105,1487118822,19.40,10.20,18.90,6.90,0.30,17.70
S105,1487119121,19.30,9.70,18.90,6.80,0.30,17.70
S105,1487119420,19.30,9.70,18.80,6.80,0.30,17.70
S105,1487119719,19.30,9.70,18.80,6.80,0.30,17.70
S105,1487120018,19.30,9.60,18.70,6.70,0.30,17.70
S105,1487120317,19.20,9.60,18.70,6.80,0.30,17.70
S105,1487120616,19.20,9.60,18.70,6.80,0.30,17.70
S105,1487120915,19.20,9.60,18.60,6.80,0.30,17.70
S105,1487121214,19.10,9.80,18.60,6.80,0.30,17.70
S105,1487121513,19.10,9.50,18.60,6.90,0.30,17.70
S105,1487121812,19.00,9.50,18.50,6.80,0.30,17.70
S105,1487122111,19.00,9.50,18.50,6.80,0.30,17.70
S105,1487122410,19.00,9.50,18.50,6.90,0.30,17.70
S105,1487122709,18.90,9.40,18.50,7.00,0.30,17.70
S105,1487123008,18.90,9.50,18.40,6.90,0.30,17.70
S105,1487123307,18.90,9.40,18.40,7.00,0.30,17.70
S105,1487123606,18.90,9.40,18.40,7.00,0.30,17.70
S105,1487123905,18.80,9.80,18.30,7.00,0.30,17.70
S105,1487124204,18.80,9.30,18.30,7.00,0.30,17.70
S105,1487124503,18.80,9.60,18.30,7.00,0.30,17.70
S105,1487124802,18.70,9.50,18.30,7.00,0.30,17.70
S105,1487125101,18.70,9.30,18.30,7.00,0.30,17.70
S105,1487125400,18.70,9.60,18.30,7.10,0.30,17.70
S105,1487125699,18.60,9.20,18.20,7.00,0.30,17.70
S105,1487125998,18.60,9.80,18.20,7.10,0.30,17.70
S105,1487126297,18.60,10.00,18.20,7.00,0.30,17.70
S105,1487126596,18.60,9.70,18.20,7.00,0.30,17.70
S105,1487126895,18.60,9.70,18.20,6.90,0.30,17.70
S105,1487127194,18.50,9.10,18.10,6.80,0.30,17.70
S105,1487127493,18.50,9.60,18.10,6.80,0.30,17.70
S105,1487127792,18.50,9.70,18.10,6.80,0.30,17.70
S105,1487128091,18.50,9.10,18.10,6.80,0.30,17.70
S105,1487128390,18.40,9.10,18.10,6.80,0.30,17.70
S105,1487128689,18.40,9.10,18.00,6.80,0.30,17.70
S105,1487128988,18.40,9.20,18.00,6.80,0.30,17.70
S105,1487129287,18.40,9.50,18.00,6.90,0.30,17.70
S105,1487129586,18.40,9.80,18.00,6.80,0.30,17.70
S105,1487129885,18.30,9.80,17.90,6.70,0.30,17.70
S105,1487130184,18.30,9.60,17.90,6.80,0.30,17.70
S105,1487130483,18.30,9.10,17.90,7.00,0.30,17.70
S105,1487130782,18.30,9.70,17.90,7.10,0.30,17.70
S105,1487131081,18.20,9.70,17.90,7.10,0.30,17.70
S105,1487131380,18.20,9.70,17.90,7.20,0.30,17.70
S105,1487131679,18.20,9.60,17.90,7.30,0.30,17.70
S105,1487131978,18.20,9.70,17.80,7.30,0.30,17.70
S105,1487132277,18.20,9.80,17.80,7.30,0.30,17.70
S105,1487132576,18.20,10.10,17.80,7.40,0.30,17.70
S105,1487132875,18.10,10.20,17.80,7.50,0.30,17.70
S105,1487133174,18.10,9.80,17.80,7.50,0.30,17.70
S105,1487133473,18.10,9.90,17.80,7.60,0.30,17.70
S105,1487133772,18.10,10.30,17.80,7.60,0.30,17.70
S105,1487134071,18.10,10.10,17.80,7.50,0.30,17.70
S105,1487134370,18.10,10.50,17.90,7.50,0.30,17.70
S105,1487134669,18.10,10.50,17.90,7.50,0.30,17.70
S105,1487134968,18.10,10.30,17.90,7.40,0.30,17.70
S105,1487135267,18.10,10.50,17.90,7.40,0.30,17.70
S105,1487135566,18.10,10.80,17.90,7.50,0.30,17.70
S105,1487135865,18.10,10.90,18.00,7.60,0.30,17.70
S105,1487136164,18.10,11.00,18.10,7.80,0.30,17.70
S105,1487136463,18.10,11.10,18.20,7.80,0.30,17.70
S105,1487136762,18.10,11.20,18.30,7.90,0.30,17.70
S105,1487137061,18.10,11.20,18.30,7.90,0.30,17.70
S105,1487137360,18.10,11.20,18.40,8.00,0.30,17.70
S105,1487137659,18.20,11.30,18.40,8.00,0.30,17.70
S105,1487137958,18.20,11.30,18.40,8.00,0.30,17.70
S105,1487138257,18.20,11.30,18.50,8.00,0.30,17.70
S105,1487138556,18.20,11.40,18.50,8.00,0.30,17.70
S105,1487138855,18.30,11.40,18.60,8.00,0.30,17.70
S105,1487139154,18.30,11.40,18.60,7.90,0.30,17.70
S105,1487139453,18.30,11.40,18.60,7.90,0.30,17.70
S105,1487139752,18.40,11.50,18.70,7.80,0.30,17.70
S105,1487140051,18.40,11.30,18.70,7.70,0.30,17.70
S105,1487140350,18.40,11.30,18.70,7.50,0.30,17.70
S105,1487140649,18.40,11.30,18.70,7.50,0.30,17.70
S105,1487140948,18.50,11.30,18.80,7.60,0.30,17.70
S105,1487141247,18.50,11.30,18.80,7.60,0.30,17.70
S105,1487141547,18.50,11.30,18.80,7.60,0.30,17.70
S105,1487141846,18.60,11.40,18.80,7.50,0.30,17.70
S105,1487142145,18.60,11.30,18.90,7.50,0.30,17.70
S105,1487142444,18.60,11.40,18.90,7.50,0.30,17.70
S105,1487142743,18.60,11.40,19.00,7.40,0.30,17.70
S105,1487143042,18.70,11.40,19.00,7.40,0.30,17.70
S105,1487143341,18.70,11.30,19.00,7.40,0.30,17.70
S105,1487143640,18.70,11.30,19.00,7.40,0.30,17.70
S105,1487143939,18.70,11.30,19.10,7.50,0.30,17.70
S105,1487144238,18.80,11.30,19.10,7.50,0.30,17.70
S105,1487144537,18.80,11.20,19.10,7.50,0.30,17.70
S105,1487144836,18.80,11.20,19.10,7.50,0.30,17.70
S105,1487145135,18.80,11.20,19.20,7.40,0.30,17.70
S105,1487145434,18.90,11.30,19.20,7.40,0.30,17.70
S105,1487145733,18.90,11.20,19.20,7.10,0.30,17.70
S105,1487146032,18.90,11.00,19.30,7.10,0.30,17.70
S105,1487146331,18.90,10.90,19.30,7.00,0.30,17.70
S105,1487146630,19.00,10.80,19.30,6.90,0.30,17.70
S105,1487146929,19.00,10.80,19.30,6.90,0.30,17.70
S105,1487147228,19.00,11.00,19.30,6.90,0.30,17.70
S105,1487147527,19.00,10.80,19.30,6.90,0.30,17.70
S105,1487147826,19.10,10.90,19.20,7.60,0.30,17.70
S105,1487148125,19.10,10.70,19.20,7.60,0.30,17.70
S105,1487148424,19.10,10.80,19.30,7.60,0.30,17.70
S105,1487148723,19.10,10.80,19.30,7.60,0.30,17.70
S105,1487149022,19.10,10.90,19.30,7.50,0.30,17.70
S105,1487149321,19.10,10.50,19.30,7.30,0.30,17.70
S105,1487149620,19.20,10.50,19.30,7.60,0.30,17.70
S105,1487149919,19.10,10.60,19.30,7.70,0.30,17.70
S105,1487150218,19.10,10.50,19.20,7.60,0.30,17.70
S105,1487150517,19.10,10.40,19.20,7.60,0.30,17.70
S105,1487150816,19.20,10.90,19.20,7.40,0.30,17.70
S105,1487151115,19.20,10.80,19.20,7.60,0.30,17.70
S105,1487151414,19.20,10.70,19.20,8.20,0.30,17.70
S105,1487151713,19.20,10.90,19.30,8.40,0.30,17.70
S105,1487152012,19.20,11.00,19.30,8.10,0.30,17.70
S105,1487152311,19.20,11.10,19.40,8.00,0.30,17.70
S105,1487152610,19.20,11.10,19.50,7.90,0.30,17.70
S105,1487152909,19.20,11.20,19.60,8.00,0.30,17.70
S105,1487153208,19.20,11.30,19.70,7.90,0.30,17.70
S105,1487153507,19.30,11.50,19.70,7.90,0.30,17.70
S105,1487153806,19.30,11.20,19.80,8.00,0.30,17.70
S105,1487154105,19.30,11.20,19.80,8.00,0.30,17.70
S105,1487154404,19.40,11.30,19.90,7.90,0.30,17.70
S105,1487154703,19.40,10.60,19.90,7.60,0.30,17.70
S105,1487155002,19.40,11.20,20.00,8.10,0.30,17.70
S105,1487155301,19.50,11.10,20.00,7.90,0.30,17.70
S105,1487155600,19.50,11.40,20.00,7.70,0.30,17.70
S105,1487155899,19.50,11.30,20.00,7.30,0.30,17.70
S105,1487156198,19.60,11.20,20.00,7.20,0.30,17.70
S105,1487156497,19.60,11.30,20.10,7.10,0.30,17.70
S105,1487156796,19.70,11.10,20.10,7.10,0.30,17.70
S105,1487157095,19.70,10.80,20.10,7.10,0.30,17.70
S105,1487157394,19.70,11.00,20.10,7.00,0.30,17.70
S105,1487157693,19.70,10.80,20.20,6.90,0.30,17.70
S105,1487157992,19.80,10.20,20.40,7.40,0.30,17.70
S105,1487158291,19.80,10.70,20.30,7.00,0.30,17.70
S105,1487158590,19.80,10.90,20.30,6.90,0.30,17.70
S105,1487158889,19.80,10.00,20.40,6.90,0.30,17.70
S105,1487159188,19.90,10.40,20.40,7.00,0.30,17.70
S105,1487159487,19.90,10.40,20.40,6.90,0.30,17.70
S105,1487159786,20.00,10.70,20.50,6.70,0.30,17.70
