Device,Time,DHT1-OUT Temp,DHT1-OUT Hum,DHT2-IN Temp,DHT2-IN Hum,Soil,Infrared
S131,1486911899,0.00,0.00,0.00,0.00,0.10,17.40
S131,1486912198,0.00,0.00,0.00,0.00,0.10,17.40
S131,1486912497,0.00,0.00,0.00,0.00,0.10,17.40
S131,1486912796,0.00,0.00,0.00,0.00,0.10,17.40
S131,1486913095,0.00,0.00,0.00,0.00,0.10,17.40
S131,1486913394,0.00,0.00,0.00,0.00,0.10,17.50
S131,1486913693,0.00,0.00,0.00,0.00,0.10,17.40
S131,1486913992,0.00,0.00,0.00,0.00,0.10,17.40
S131,1486914291,0.00,0.00,0.00,0.00,0.10,17.40
S131,1486914590,0.00,0.00,0.00,0.00,0.10,17.50
S131,1486914889,0.00,0.00,0.00,0.00,0.10,17.40
S131,1486915188,0.00,0.00,0.00,0.00,0.10,17.40
S131,1486915487,0.00,0.00,0.00,0.00,0.10,17.50
S131,1486915786,0.00,0.00,0.00,0.00,0.10,17.40
S131,1486916085,0.00,0.00,0.00,0.00,0.10,17.40
S131,1486916384,0.00,0.00,0.00,0.00,0.10,17.50
S131,1486916683,0.00,0.00,0.00,0.00,0.10,17.50
S131,1486916982,0.00,0.00,0.00,0.00,0.20,17.50
S131,1486917281,0.00,0.00,0.00,0.00,0.10,17.40
S131,1486917580,0.00,0.00,0.00,0.00,0.10,17.50
S131,1486917879,0.00,0.00,0.00,0.00,0.10,17.50
S131,1486918178,0.00,0.00,0.00,0.00,0.10,17.50
S131,1486918477,0.00,0.00,0.00,0.00,0.10,17.40
S131,1486918776,0.00,0.00,0.00,0.00,0.10,17.50
S131,1486919075,0.00,0.00,0.00,0.00,0.10,17.50
S131,1486919374,0.00,0.00,0.00,0.00,0.10,17.40
S131,1486919673,0.00,0.00,0.00,0.00,0.10,17.50
S131,1486919973,0.00,0.00,0.00,0.00,0.10,17.40
S131,1486920272,0.00,0.00,0.00,0.00,0.10,17.50
S131,1486920571,0.00,0.00,0.00,0.00,0.10,17.40
S131,1486920870,0.00,0.00,0.00,0.00,0.10,17.50
S131,1486921169,0.00,0.00,0.00,0.00,0.10,17.40
S131,1486921469,0.00,0.00,0.00,0.00,0.10,17.50
S131,1486921768,0.00,0.00,0.00,0.00,0.10,17.50
S131,1486922067,0.00,0.00,0.00,0.00,0.10,17.50
S131,1486922367,0.00,0.00,0.00,0.00,0.10,17.50
S131,1486922666,0.00,0.00,0.00,0.00,0.10,17.50
S131,1486922966,0.00,0.00,0.00,0.00,0.10,17.40
S131,1486923265,0.00,0.00,0.00,0.00,0.10,17.50
S131,1486923564,0.00,0.00,0.00,0.00,0.10,17.40
S131,1486923863,0.00,0.00,0.00,0.00,0.10,17.40
S131,1486924162,0.00,0.00,0.00,0.00,0.10,17.40
S131,1486924461,0.00,0.00,0.00,0.00,0.10,17.40
S131,1486924761,0.00,0.00,0.00,0.00,0.10,17.50
S131,1486925060,0.00,0.00,0.00,0.00,0.10,17.40
S131,1486925359,0.00,0.00,0.00,0.00,0.10,17.50
S131,1486925658,0.00,0.00,0.00,0.00,0.10,17.50
S131,1486925958,0.00,0.00,0.00,0.00,0.10,17.50
S131,1486926257,0.00,0.00,0.00,0.00,0.10,17.40
S131,1486926557,0.00,0.00,0.00,0.00,0.10,17.40
S131,1486926856,0.00,0.00,0.00,0.00,0.10,17.50
S131,1486927155,0.00,0.00,0.00,0.00,0.10,17.50
S131,1486927454,0.00,0.00,0.00,0.00,0.10,17.50
S131,1486927753,0.00,0.00,0.00,0.00,0.10,17.40
S131,1486928052,0.00,0.00,0.00,0.00,0.10,17.50
S131,1486928352,0.00,0.00,0.00,0.00,0.10,17.50
S131,1486928651,0.00,0.00,0.00,0.00,0.10,17.40
S131,1486928950,0.00,0.00,0.00,0.00,0.10,17.50
S131,1486929250,0.00,0.00,0.00,0.00,0.10,17.50
S131,1486929549,0.00,0.00,0.00,0.00,0.10,17.40
S131,1486929848,0.00,0.00,0.00,0.00,0.10,17.50
S131,1486930148,0.00,0.00,0.00,0.00,0.10,17.50
S131,1486930447,0.00,0.00,0.00,0.00,0.10,17.40
S131,1486930747,0.00,0.00,0.00,0.00,0.10,17.50
S131,1486931046,0.00,0.00,0.00,0.00,0.10,17.40
S131,1486931345,0.00,0.00,0.00,0.00,0.10,17.40
S131,1486931644,0.00,0.00,0.00,0.00,0.10,17.40
S131,1486931943,0.00,0.00,0.00,0.00,0.10,17.40
S131,1486932242,0.00,0.00,0.00,0.00,0.10,17.50
S131,1486932542,0.00,0.00,0.00,0.00,0.10,17.50
S131,1486932841,0.00,0.00,0.00,0.00,0.10,17.50
S131,1486933140,0.00,0.00,0.00,0.00,0.10,17.50
S131,1486933439,0.00,0.00,0.00,0.00,0.10,17.40
S131,1486933738,0.00,0.00,0.00,0.00,0.10,17.50
S131,1486934037,0.00,0.00,0.00,0.00,0.10,17.50
S131,1486934336,0.00,0.00,0.00,0.00,0.10,17.50
S131,1486934635,0.00,0.00,0.00,0.00,0.10,17.50
S131,1486934934,0.00,0.00,0.00,0.00,0.10,17.50
S131,1486935233,0.00,0.00,0.00,0.00,0.10,17.50
S131,1486935532,0.00,0.00,0.00,0.00,0.10,17.50
S131,1486935831,0.00,0.00,0.00,0.00,0.10,17.50
S131,1486936131,0.00,0.00,0.00,0.00,0.10,17.40
S131,1486936430,0.00,0.00,0.00,0.00,0.10,17.50
S131,1486936729,0.00,0.00,0.00,0.00,0.10,17.50
S131,1486937028,0.00,0.00,0.00,0.00,0.10,17.50
S131,1486937327,0.00,0.00,0.00,0.00,0.10,17.40
S131,1486937626,0.00,0.00,0.00,0.00,0.10,17.50
S131,1486937925,0.00,0.00,0.00,0.00,0.10,17.40
S131,1486938224,0.00,0.00,0.00,0.00,0.10,17.50
S131,1486938523,0.00,0.00,0.00,0.00,0.10,17.40
S131,1486938822,0.00,0.00,0.00,0.00,0.10,17.40
S131,1486939121,0.00,0.00,0.00,0.00,0.10,17.40
S131,1486939420,0.00,0.00,0.00,0.00,0.10,17.50
S131,1486939719,0.00,0.00,0.00,0.00,0.10,17.50
S131,1486940018,0.00,0.00,0.00,0.00,0.10,17.40
S131,1486940318,0.00,0.00,0.00,0.00,0.10,17.40
S131,1486940617,0.00,0.00,0.00,0.00,0.10,17.50
S131,1486940916,0.00,0.00,0.00,0.00,0.10,17.50
S131,1486941215,0.00,0.00,0.00,0.00,0.10,17.40
S131,1486941514,0.00,0.00,0.00,0.00,0.10,17.50
S131,1486941813,0.00,0.00,0.00,0.00,0.10,17.50
S131,1486942112,0.00,0.00,0.00,0.00,0.10,17.40
S131,1486942411,0.00,0.00,0.00,0.00,0.10,17.40
S131,1486942710,0.00,0.00,0.00,0.00,0.10,17.40
S131,1486943009,0.00,0.00,0.00,0.00,0.10,17.50
S131,1486943308,0.00,0.00,0.00,0.00,0.10,17.50
S131,1486943607,0.00,0.00,0.00,0.00,0.10,17.50
S131,1486943906,0.00,0.00,0.00,0.00,0.10,17.40
S131,1486944205,0.00,0.00,0.00,0.00,0.10,17.40
S131,1486944504,0.00,0.00,0.00,0.00,0.10,17.40
S131,1486944803,0.00,0.00,0.00,0.00,0.10,17.40
S131,1486945102,0.00,0.00,0.00,0.00,0.10,17.40
S131,1486945401,0.00,0.00,0.00,0.00,0.10,17.50
S131,1486945700,0.00,0.00,0.00,0.00,0.10,17.40
S131,1486945999,0.00,0.00,0.00,0.00,0.10,17.40
S131,1486946298,0.00,0.00,0.00,0.00,0.10,17.50
S131,1486946597,0.00,0.00,0.00,0.00,0.10,17.50
S131,1486946896,0.00,0.00,0.00,0.00,0.10,17.50
S131,1486947195,0.00,0.00,0.00,0.00,0.10,17.50
S131,1486947494,0.00,0.00,0.00,0.00,0.10,17.50
S131,1486947793,0.00,0.00,0.00,0.00,0.10,17.50
S131,1486948092,0.00,0.00,0.00,0.00,0.10,17.50
S131,1486948391,0.00,0.00,0.00,0.00,0.10,17.50
S131,1486948690,0.00,0.00,0.00,0.00,0.10,17.40
S131,1486948989,0.00,0.00,0.00,0.00,0.10,17.50
S131,1486949288,0.00,0.00,0.00,0.00,0.10,17.50
S131,1486949587,0.00,0.00,0.00,0.00,0.10,17.50
S131,1486949886,0.00,0.00,0.00,0.00,0.10,17.40
S131,1486950186,0.00,0.00,0.00,0.00,0.10,17.50
S131,1486950485,0.00,0.00,0.00,0.00,0.10,17.50
S131,1486950784,0.00,0.00,0.00,0.00,0.10,17.40
S131,1486951083,0.00,0.00,0.00,0.00,0.10,17.50
S131,1486951382,0.00,0.00,0.00,0.00,0.10,17.40
S131,1486951681,0.00,0.00,0.00,0.00,0.10,17.40
S131,1486951980,0.00,0.00,0.00,0.00,0.10,17.40
S131,1486952279,0.00,0.00,0.00,0.00,0.10,17.40
S131,1486952578,0.00,0.00,0.00,0.00,0.10,17.40
S131,1486952877,0.00,0.00,0.00,0.00,0.10,17.50
S131,1486953176,0.00,0.00,0.00,0.00,0.10,17.50
S131,1486953475,0.00,0.00,0.00,0.00,0.10,17.40
S131,1486953774,0.00,0.00,0.00,0.00,0.10,17.40
S131,1486954073,0.00,0.00,0.00,0.00,0.10,17.40
S131,1486954372,0.00,0.00,0.00,0.00,0.10,17.50
S131,1486954671,0.00,0.00,0.00,0.00,0.10,17.40
S131,1486954970,0.00,0.00,0.00,0.00,0.10,17.40
S131,1486955269,0.00,0.00,0.00,0.00,0.10,17.50
S131,1486955568,0.00,0.00,0.00,0.00,0.10,17.40
S131,1486955867,0.00,0.00,0.00,0.00,0.10,17.50
S131,1486956166,0.00,0.00,0.00,0.00,0.10,17.50
S131,1486956465,0.00,0.00,0.00,0.00,0.10,17.40
S131,1486956764,0.00,0.00,0.00,0.00,0.10,17.50
S131,1486957063,0.00,0.00,0.00,0.00,0.10,17.50
S131,1486957362,0.00,0.00,0.00,0.00,0.10,17.50
S131,1486957661,0.00,0.00,0.00,0.00,0.10,17.40
S131,1486957960,0.00,0.00,0.00,0.00,0.10,17.40
S131,1486958259,0.00,0.00,0.00,0.00,0.10,17.50
S131,1486958558,0.00,0.00,0.00,0.00,0.10,17.40
S131,1486958857,0.00,0.00,0.00,0.00,0.10,17.40
S131,1486959156,0.00,0.00,0.00,0.00,0.20,17.50
S131,1486959455,0.00,0.00,0.00,0.00,0.10,17.40
S131,1486959754,0.00,0.00,0.00,0.00,0.10,17.50
S131,1486960053,0.00,0.00,0.00,0.00,0.10,17.40
S131,1486960352,0.00,0.00,0.00,0.00,0.10,17.50
S131,1486960651,0.00,0.00,0.00,0.00,0.10,17.50
S131,1486960950,0.00,0.00,0.00,0.00,0.10,17.50
S131,1486961249,0.00,0.00,0.00,0.00,0.10,17.40
S131,1486961548,0.00,0.00,0.00,0.00,0.10,17.50
S131,1486961847,0.00,0.00,0.00,0.00,0.10,17.40
S131,1486962146,0.00,0.00,0.00,0.00,0.10,17.50
S131,1486962445,0.00,0.00,0.00,0.00,0.10,17.50
S131,1486962744,0.00,0.00,0.00,0.00,0.10,17.50
S131,1486963043,0.00,0.00,0.00,0.00,0.20,17.50
S131,1486963342,0.00,0.00,0.00,0.00,0.10,17.40
S131,1486963641,0.00,0.00,0.00,0.00,0.10,17.40
S131,1486963940,0.00,0.00,0.00,0.00,0.10,17.50
S131,1486964239,0.00,0.00,0.00,0.00,0.10,17.50
S131,1486964538,0.00,0.00,0.00,0.00,0.10,17.40
S131,1486964837,0.00,0.00,0.00,0.00,0.10,17.50
S131,1486965136,0.00,0.00,0.00,0.00,0.20,17.50
S131,1486965435,0.00,0.00,0.00,0.00,0.10,17.40
S131,1486965734,0.00,0.00,0.00,0.00,0.10,17.50
S131,1486966033,0.00,0.00,0.00,0.00,0.10,17.40
S131,1486966332,0.00,0.00,0.00,0.00,0.10,17.40
S131,1486966631,0.00,0.00,0.00,0.00,0.10,17.40
S131,1486966930,0.00,0.00,0.00,0.00,0.10,17.50
S131,1486967229,0.00,0.00,0.00,0.00,0.10,17.40
S131,1486967528,0.00,0.00,0.00,0.00,0.10,17.40
S131,1486967827,0.00,0.00,0.00,0.00,0.10,17.50
S131,1486968126,0.00,0.00,0.00,0.00,0.10,17.40
S131,1486968425,0.00,0.00,0.00,0.00,0.10,17.40
S131,1486968724,0.00,0.00,0.00,0.00,0.10,17.40
S131,1486969023,0.00,0.00,0.00,0.00,0.10,17.40
S131,1486969322,0.00,0.00,0.00,0.00,0.10,17.50
S131,1486969621,0.00,0.00,0.00,0.00,0.10,17.40
S131,1486969920,0.00,0.00,0.00,0.00,0.10,17.50
S131,1486970219,0.00,0.00,0.00,0.00,0.10,17.40
S131,1486970518,0.00,0.00,0.00,0.00,0.10,17.40
S131,1486970817,0.00,0.00,0.00,0.00,0.10,17.50
S131,1486971116,0.00,0.00,0.00,0.00,0.10,17.50
S131,1486971415,0.00,0.00,0.00,0.00,0.10,17.40
S131,1486971714,0.00,0.00,0.00,0.00,0.10,17.40
S131,1486972013,0.00,0.00,0.00,0.00,0.10,17.50
S131,1486972313,0.00,0.00,0.00,0.00,0.10,17.40
S131,1486972612,0.00,0.00,0.00,0.00,0.10,17.40
S131,1486972911,0.00,0.00,0.00,0.00,0.10,17.40
S131,1486973210,0.00,0.00,0.00,0.00,0.10,17.40
S131,1486973509,0.00,0.00,0.00,0.00,0.10,17.40
S131,1486973808,0.00,0.00,0.00,0.00,0.10,17.40
S131,1486974107,0.00,0.00,0.00,0.00,0.10,17.50
S131,1486974406,0.00,0.00,0.00,0.00,0.10,17.40
S131,1486974705,0.00,0.00,0.00,0.00,0.10,17.50
S131,1486975004,0.00,0.00,0.00,0.00,0.10,17.50
S131,1486975303,0.00,0.00,0.00,0.00,0.10,17.40
S131,1486975602,0.00,0.00,0.00,0.00,0.10,17.40
S131,1486975901,0.00,0.00,0.00,0.00,0.10,17.40
S131,1486976200,0.00,0.00,0.00,0.00,0.10,17.40
S131,1486976499,0.00,0.00,0.00,0.00,0.10,17.50
S131,1486976798,0.00,0.00,0.00,0.00,0.10,17.40
S131,1486977097,0.00,0.00,0.00,0.00,0.10,17.40
S131,1486977396,0.00,0.00,0.00,0.00,0.10,17.50
S131,1486977695,0.00,0.00,0.00,0.00,0.10,17.40
S131,1486977994,0.00,0.00,0.00,0.00,0.10,17.40
S131,1486978293,0.00,0.00,0.00,0.00,0.10,17.50
S131,1486978592,0.00,0.00,0.00,0.00,0.10,17.50
S131,1486978891,0.00,0.00,0.00,0.00,0.10,17.50
S131,1486979190,0.00,0.00,0.00,0.00,0.10,17.50
S131,1486979489,0.00,0.00,0.00,0.00,0.10,17.50
S131,1486979788,0.00,0.00,0.00,0.00,0.10,17.40
S131,1486980087,0.00,0.00,0.00,0.00,0.10,17.40
S131,1486980386,0.00,0.00,0.00,0.00,0.10,17.40
S131,1486980685,0.00,0.00,0.00,0.00,0.10,17.40
S131,1486980984,0.00,0.00,0.00,0.00,0.10,17.50
S131,1486981283,0.00,0.00,0.00,0.00,0.10,17.50
S131,1486981582,0.00,0.00,0.00,0.00,0.10,17.40
S131,1486981881,0.00,0.00,0.00,0.00,0.10,17.50
S131,1486982180,0.00,0.00,0.00,0.00,0.10,17.50
S131,1486982479,0.00,0.00,0.00,0.00,0.10,17.40
S131,1486982778,0.00,0.00,0.00,0.00,0.10,17.40
S131,1486983077,0.00,0.00,0.00,0.00,0.10,17.40
S131,1486983376,0.00,0.00,0.00,0.00,0.10,17.50
S131,1486983675,0.00,0.00,0.00,0.00,0.10,17.40
S131,1486983974,0.00,0.00,0.00,0.00,0.10,17.40
S131,1486984273,0.00,0.00,0.00,0.00,0.10,17.50
S131,1486984572,0.00,0.00,0.00,0.00,0.10,17.40
S131,1486984871,0.00,0.00,0.00,0.00,0.10,17.40
S131,1486985170,0.00,0.00,0.00,0.00,0.10,17.40
S131,1486985469,0.00,0.00,0.00,0.00,0.10,17.40
S131,1486985768,0.00,0.00,0.00,0.00,0.10,17.40
S131,1486986067,0.00,0.00,0.00,0.00,0.10,17.50
S131,1486986366,0.00,0.00,0.00,0.00,0.10,17.50
S131,1486986665,0.00,0.00,0.00,0.00,0.10,17.40
S131,1486986964,0.00,0.00,0.00,0.00,0.10,17.50
S131,1486987263,0.00,0.00,0.00,0.00,0.10,17.50
S131,1486987562,0.00,0.00,0.00,0.00,0.10,17.50
S131,1486987861,0.00,0.00,0.00,0.00,0.10,17.50
S131,1486988160,0.00,0.00,0.00,0.00,0.10,17.40
S131,1486988460,0.00,0.00,0.00,0.00,0.10,17.50
S131,1486988759,0.00,0.00,0.00,0.00,0.10,17.50
S131,1486989058,0.00,0.00,0.00,0.00,0.10,17.40
S131,1486989357,0.00,0.00,0.00,0.00,0.10,17.50
S131,1486989656,0.00,0.00,0.00,0.00,0.10,17.40
S131,1486989955,0.00,0.00,0.00,0.00,0.10,17.50
S131,1486990254,0.00,0.00,0.00,0.00,0.10,17.40
S131,1486990553,0.00,0.00,0.00,0.00,0.10,17.40
S131,1486990852,0.00,0.00,0.00,0.00,0.10,17.50
S131,1486991151,0.00,0.00,0.00,0.00,0.10,17.40
S131,1486991450,0.00,0.00,0.00,0.00,0.10,17.40
S131,1486991749,0.00,0.00,0.00,0.00,0.10,17.40
S131,1486992048,0.00,0.00,0.00,0.00,0.10,17.40
S131,1486992347,0.00,0.00,0.00,0.00,0.10,17.50
S131,1486992646,0.00,0.00,0.00,0.00,0.10,17.40
S131,1486992945,0.00,0.00,0.00,0.00,0.10,17.50
S131,1486993244,0.00,0.00,0.00,0.00,0.10,17.50
S131,1486993543,0.00,0.00,0.00,0.00,0.10,17.50
S131,1486993842,0.00,0.00,0.00,0.00,0.10,17.40
S131,1486994141,0.00,0.00,0.00,0.00,0.10,17.50
S131,1486994440,0.00,0.00,0.00,0.00,0.10,17.50
S131,1486994739,0.00,0.00,0.00,0.00,0.10,17.50
S131,1486995038,0.00,0.00,0.00,0.00,0.10,17.40
S131,1486995337,0.00,0.00,0.00,0.00,0.10,17.50
S131,1486995636,0.00,0.00,0.00,0.00,0.10,17.40
S131,1486995935,0.00,0.00,0.00,0.00,0.10,17.50
S131,1486996234,0.00,0.00,0.00,0.00,0.10,17.50
S131,1486996533,0.00,0.00,0.00,0.00,0.10,17.50
S131,1486996832,0.00,0.00,0.00,0.00,0.10,17.40
S131,1486997131,0.00,0.00,0.00,0.00,0.10,17.40
S131,1486997430,0.00,0.00,0.00,0.00,0.10,17.50
S131,1486997729,0.00,0.00,0.00,0.00,0.10,17.40
S131,1486998028,0.00,0.00,0.00,0.00,0.10,17.50
S131,1486998327,0.00,0.00,0.00,0.00,0.10,17.50
S131,1486998626,0.00,0.00,0.00,0.00,0.10,17.40
S131,1486998925,0.00,0.00,0.00,0.00,0.10,17.50
S131,1486999224,0.00,0.00,0.00,0.00,0.10,17.50
S131,1486999523,0.00,0.00,0.00,0.00,0.10,17.50
S131,1486999822,0.00,0.00,0.00,0.00,0.10,17.50
S131,1487000121,0.00,0.00,0.00,0.00,0.10,17.50
S131,1487000420,0.00,0.00,0.00,0.00,0.10,17.50
S131,1487000719,0.00,0.00,0.00,0.00,0.10,17.50
S131,1487001018,0.00,0.00,0.00,0.00,0.10,17.40
S131,1487001317,0.00,0.00,0.00,0.00,0.10,17.50
S131,1487001616,0.00,0.00,0.00,0.00,0.10,17.40
S131,1487001915,0.00,0.00,0.00,0.00,0.10,17.40
S131,1487002214,0.00,0.00,0.00,0.00,0.10,17.40
S131,1487002513,0.00,0.00,0.00,0.00,0.10,17.50
S131,1487002812,0.00,0.00,0.00,0.00,0.10,17.40
S131,1487003111,0.00,0.00,0.00,0.00,0.10,17.40
S131,1487003410,0.00,0.00,0.00,0.00,0.10,17.50
S131,1487003709,0.00,0.00,0.00,0.00,0.10,17.50
S131,1487004008,0.00,0.00,0.00,0.00,0.10,17.50
S131,1487004307,0.00,0.00,0.00,0.00,0.10,17.40
S131,1487004606,0.00,0.00,0.00,0.00,0.10,17.50
S131,1487004905,0.00,0.00,0.00,0.00,0.10,17.50
S131,1487005204,0.00,0.00,0.00,0.00,0.10,17.40
S131,1487005503,0.00,0.00,0.00,0.00,0.10,17.40
S131,1487005802,0.00,0.00,0.00,0.00,0.10,17.40
S131,1487006101,0.00,0.00,0.00,0.00,0.10,17.40
S131,1487006400,0.00,0.00,0.00,0.00,0.10,17.40
S131,1487006699,0.00,0.00,0.00,0.00,0.10,17.40
S131,1487006998,0.00,0.00,0.00,0.00,0.10,17.50
S131,1487007297,0.00,0.00,0.00,0.00,0.10,17.40
S131,1487007596,0.00,0.00,0.00,0.00,0.10,17.40
S131,1487007895,0.00,0.00,0.00,0.00,0.10,17.50
S131,1487008194,0.00,0.00,0.00,0.00,0.10,17.50
S131,1487008493,0.00,0.00,0.00,0.00,0.10,17.50
S131,1487008792,0.00,0.00,0.00,0.00,0.10,17.40
S131,1487009091,0.00,0.00,0.00,0.00,0.10,17.50
S131,1487009390,0.00,0.00,0.00,0.00,0.10,17.40
S131,1487009689,0.00,0.00,0.00,0.00,0.10,17.50
S131,1487009988,0.00,0.00,0.00,0.00,0.10,17.40
S131,1487010287,0.00,0.00,0.00,0.00,0.10,17.40
S131,1487010586,0.00,0.00,0.00,0.00,0.10,17.50
S131,1487010885,0.00,0.00,0.00,0.00,0.10,17.50
S131,1487011184,0.00,0.00,0.00,0.00,0.10,17.40
S131,1487011483,0.00,0.00,0.00,0.00,0.10,17.40
S131,1487011782,0.00,0.00,0.00,0.00,0.10,17.40
S131,1487012081,0.00,0.00,0.00,0.00,0.10,17.50
S131,1487012380,0.00,0.00,0.00,0.00,0.10,17.50
S131,1487012679,0.00,0.00,0.00,0.00,0.10,17.40
S131,1487012978,0.00,0.00,0.00,0.00,0.10,17.40
S131,1487013277,0.00,0.00,0.00,0.00,0.10,17.50
S131,1487013576,0.00,0.00,0.00,0.00,0.10,17.40
S131,1487013875,0.00,0.00,0.00,0.00,0.10,17.50
S131,1487014174,0.00,0.00,0.00,0.00,0.10,17.40
S131,1487014473,0.00,0.00,0.00,0.00,0.10,17.40
S131,1487014772,0.00,0.00,0.00,0.00,0.10,17.40
S131,1487015071,0.00,0.00,0.00,0.00,0.10,17.40
S131,1487015370,0.00,0.00,0.00,0.00,0.10,17.50
S131,1487015669,0.00,0.00,0.00,0.00,0.10,17.40
S131,1487015968,0.00,0.00,0.00,0.00,0.10,17.40
S131,1487016267,0.00,0.00,0.00,0.00,0.10,17.50
S131,1487016566,0.00,0.00,0.00,0.00,0.10,17.40
S131,1487016865,0.00,0.00,0.00,0.00,0.10,17.50
S131,1487017164,0.00,0.00,0.00,0.00,0.10,17.50
S131,1487017463,0.00,0.00,0.00,0.00,0.10,17.50
S131,1487017762,0.00,0.00,0.00,0.00,0.10,17.40
S131,1487018061,0.00,0.00,0.00,0.00,0.10,17.50
S131,1487018360,0.00,0.00,0.00,0.00,0.10,17.50
S131,1487018659,0.00,0.00,0.00,0.00,0.10,17.50
S131,1487018958,0.00,0.00,0.00,0.00,0.10,17.50
S131,1487019257,0.00,0.00,0.00,0.00,0.10,17.40
S131,1487019556,0.00,0.00,0.00,0.00,0.10,17.40
S131,1487019855,0.00,0.00,0.00,0.00,0.10,17.50
S131,1487020154,0.00,0.00,0.00,0.00,0.10,17.40
S131,1487020453,0.00,0.00,0.00,0.00,0.10,17.40
S131,1487020752,0.00,0.00,0.00,0.00,0.10,17.50
S131,1487021051,0.00,0.00,0.00,0.00,0.10,17.40
S131,1487021350,0.00,0.00,0.00,0.00,0.10,17.50
S131,1487021649,0.00,0.00,0.00,0.00,0.10,17.50
S131,1487021948,0.00,0.00,0.00,0.00,0.10,17.50
S131,1487022247,0.00,0.00,0.00,0.00,0.10,17.50
S131,1487022546,0.00,0.00,0.00,0.00,0.10,17.50
S131,1487022845,0.00,0.00,0.00,0.00,0.10,17.50
S131,1487023144,0.00,0.00,0.00,0.00,0.10,17.40
S131,1487023443,0.00,0.00,0.00,0.00,0.10,17.40
S131,1487023742,0.00,0.00,0.00,0.00,0.10,17.50
S131,1487024041,0.00,0.00,0.00,0.00,0.10,17.40
S131,1487024340,0.00,0.00,0.00,0.00,0.10,17.50
S131,1487024639,0.00,0.00,0.00,0.00,0.10,17.40
S131,1487024938,0.00,0.00,0.00,0.00,0.10,17.40
S131,1487025237,0.00,0.00,0.00,0.00,0.10,17.40
S131,1487025536,0.00,0.00,0.00,0.00,0.10,17.40
S131,1487025835,0.00,0.00,0.00,0.00,0.10,17.40
S131,1487026134,0.00,0.00,0.00,0.00,0.10,17.40
S131,1487026433,0.00,0.00,0.00,0.00,0.10,17.50
S131,1487026733,0.00,0.00,0.00,0.00,0.10,17.50
S131,1487027032,0.00,0.00,0.00,0.00,0.10,17.40
S131,1487027331,0.00,0.00,0.00,0.00,0.10,17.40
S131,1487027630,0.00,0.00,0.00,0.00,0.10,17.40
S131,1487027929,0.00,0.00,0.00,0.00,0.10,17.50
S131,1487028228,0.00,0.00,0.00,0.00,0.10,17.40
S131,1487028527,0.00,0.00,0.00,0.00,0.10,17.50
S131,1487028826,0.00,0.00,0.00,0.00,0.10,17.50
S131,1487029125,0.00,0.00,0.00,0.00,0.10,17.40
S131,1487029424,0.00,0.00,0.00,0.00,0.10,17.40
S131,1487029723,0.00,0.00,0.00,0.00,0.10,17.40
S131,1487030022,0.00,0.00,0.00,0.00,0.10,17.40
S131,1487030321,0.00,0.00,0.00,0.00,0.10,17.40
S131,1487030620,0.00,0.00,0.00,0.00,0.10,17.40
S131,1487030919,0.00,0.00,0.00,0.00,0.10,17.50
S131,1487031218,0.00,0.00,0.00,0.00,0.10,17.50
S131,1487031517,0.00,0.00,0.00,0.00,0.10,17.40
S131,1487031816,0.00,0.00,0.00,0.00,0.10,17.50
S131,1487032115,0.00,0.00,0.00,0.00,0.10,17.40
S131,1487032414,0.00,0.00,0.00,0.00,0.10,17.40
S131,1487032713,0.00,0.00,0.00,0.00,0.10,17.50
S131,1487033012,0.00,0.00,0.00,0.00,0.10,17.50
S131,1487033311,0.00,0.00,0.00,0.00,0.10,17.40
S131,1487033610,0.00,0.00,0.00,0.00,0.10,17.40
S131,1487033909,0.00,0.00,0.00,0.00,0.10,17.50
S131,1487034208,0.00,0.00,0.00,0.00,0.10,17.40
S131,1487034507,0.00,0.00,0.00,0.00,0.10,17.40
S131,1487034806,0.00,0.00,0.00,0.00,0.10,17.50
S131,1487035105,0.00,0.00,0.00,0.00,0.10,17.50
S131,1487035404,0.00,0.00,0.00,0.00,0.10,17.40
S131,1487035703,0.00,0.00,0.00,0.00,0.10,17.40
S131,1487036003,0.00,0.00,0.00,0.00,0.10,17.40
S131,1487036302,0.00,0.00,0.00,0.00,0.10,17.50
S131,1487036601,0.00,0.00,0.00,0.00,0.10,17.40
S131,1487036900,0.00,0.00,0.00,0.00,0.10,17.50
S131,1487037199,0.00,0.00,0.00,0.00,0.10,17.40
S131,1487037498,0.00,0.00,0.00,0.00,0.10,17.40
S131,1487037797,0.00,0.00,0.00,0.00,0.10,17.40
S131,1487038096,0.00,0.00,0.00,0.00,0.10,17.40
S131,1487038395,0.00,0.00,0.00,0.00,0.10,17.40
S131,1487038694,0.00,0.00,0.00,0.00,0.10,17.50
S131,1487038993,0.00,0.00,0.00,0.00,0.10,17.40
S131,1487039292,0.00,0.00,0.00,0.00,0.10,17.50
S131,1487039591,0.00,0.00,0.00,0.00,0.10,17.50
S131,1487039890,0.00,0.00,0.00,0.00,0.10,17.50
S131,1487040189,0.00,0.00,0.00,0.00,0.10,17.50
S131,1487040488,0.00,0.00,0.00,0.00,0.10,17.40
S131,1487040787,0.00,0.00,0.00,0.00,0.10,17.40
S131,1487041086,0.00,0.00,0.00,0.00,0.10,17.50
S131,1487041385,0.00,0.00,0.00,0.00,0.10,17.50
S131,1487041684,0.00,0.00,0.00,0.00,0.10,17.50
S131,1487041983,0.00,0.00,0.00,0.00,0.10,17.40
S131,1487042282,0.00,0.00,0.00,0.00,0.10,17.40
S131,1487042581,0.00,0.00,0.00,0.00,0.10,17.40
S131,1487042880,0.00,0.00,0.00,0.00,0.10,17.50
S131,1487043179,0.00,0.00,0.00,0.00,0.10,17.50
S131,1487043478,0.00,0.00,0.00,0.00,0.10,17.40
S131,1487043777,0.00,0.00,0.00,0.00,0.10,17.50
S131,1487044076,0.00,0.00,0.00,0.00,0.10,17.50
S131,1487044375,0.00,0.00,0.00,0.00,0.10,17.40
S131,1487044674,0.00,0.00,0.00,0.00,0.10,17.50
S131,1487044973,0.00,0.00,0.00,0.00,0.10,17.40
S131,1487045272,0.00,0.00,0.00,0.00,0.10,17.50
S131,1487045571,0.00,0.00,0.00,0.00,0.10,17.40
S131,1487045870,0.00,0.00,0.00,0.00,0.10,17.50
S131,1487046169,0.00,0.00,0.00,0.00,0.10,17.40
S131,1487046468,0.00,0.00,0.00,0.00,0.10,17.40
S131,1487046767,0.00,0.00,0.00,0.00,0.10,17.40
S131,1487047066,0.00,0.00,0.00,0.00,0.10,17.40
S131,1487047365,0.00,0.00,0.00,0.00,0.10,17.50
S131,1487047664,0.00,0.00,0.00,0.00,0.10,17.40
S131,1487047963,0.00,0.00,0.00,0.00,0.10,17.40
S131,1487048262,0.00,0.00,0.00,0.00,0.10,17.50
S131,1487048561,0.00,0.00,0.00,0.00,0.10,17.50
S131,1487048860,0.00,0.00,0.00,0.00,0.10,17.50
S131,1487049159,0.00,0.00,0.00,0.00,0.10,17.40
S131,1487049458,0.00,0.00,0.00,0.00,0.10,17.50
S131,1487049757,0.00,0.00,0.00,0.00,0.10,17.40
S131,1487050056,0.00,0.00,0.00,0.00,0.10,17.40
S131,1487050355,0.00,0.00,0.00,0.00,0.10,17.40
S131,1487050654,0.00,0.00,0.00,0.00,0.10,17.50
S131,1487050953,0.00,0.00,0.00,0.00,0.10,17.50
S131,1487051252,0.00,0.00,0.00,0.00,0.10,17.40
S131,1487051551,0.00,0.00,0.00,0.00,0.10,17.40
S131,1487051850,0.00,0.00,0.00,0.00,0.10,17.40
S131,1487052149,0.00,0.00,0.00,0.00,0.10,17.40
S131,1487052448,0.00,0.00,0.00,0.00,0.20,17.50
S131,1487052747,0.00,0.00,0.00,0.00,0.10,17.40
S131,1487053046,0.00,0.00,0.00,0.00,0.10,17.50
S131,1487053345,0.00,0.00,0.00,0.00,0.10,17.50
S131,1487053644,0.00,0.00,0.00,0.00,0.10,17.40
S131,1487053943,0.00,0.00,0.00,0.00,0.10,17.40
S131,1487054242,0.00,0.00,0.00,0.00,0.10,17.50
S131,1487054541,0.00,0.00,0.00,0.00,0.10,17.40
S131,1487054840,0.00,0.00,0.00,0.00,0.10,17.40
S131,1487055139,0.00,0.00,0.00,0.00,0.10,17.50
S131,1487055438,0.00,0.00,0.00,0.00,0.10,17.50
S131,1487055737,0.00,0.00,0.00,0.00,0.10,17.40
S131,1487056036,0.00,0.00,0.00,0.00,0.10,17.50
S131,1487056335,0.00,0.00,0.00,0.00,0.10,17.50
S131,1487056634,0.00,0.00,0.00,0.00,0.10,17.50
S131,1487056933,0.00,0.00,0.00,0.00,0.10,17.50
S131,1487057232,0.00,0.00,0.00,0.00,0.10,17.50
S131,1487057531,0.00,0.00,0.00,0.00,0.10,17.50
S131,1487057830,0.00,0.00,0.00,0.00,0.10,17.50
S131,1487058129,0.00,0.00,0.00,0.00,0.10,17.50
S131,1487058428,0.00,0.00,0.00,0.00,0.10,17.40
S131,1487058727,0.00,0.00,0.00,0.00,0.10,17.50
S131,1487059026,0.00,0.00,0.00,0.00,0.10,17.40
S131,1487059325,0.00,0.00,0.00,0.00,0.10,17.50
S131,1487059624,0.00,0.00,0.00,0.00,0.10,17.50
S131,1487059923,0.00,0.00,0.00,0.00,0.10,17.40
S131,1487060222,0.00,0.00,0.00,0.00,0.10,17.40
S131,1487060521,0.00,0.00,0.00,0.00,0.10,17.40
S131,1487060820,0.00,0.00,0.00,0.00,0.10,17.50
S131,1487061119,0.00,0.00,0.00,0.00,0.10,17.50
S131,1487061418,0.00,0.00,0.00,0.00,0.10,17.40
S131,1487061717,0.00,0.00,0.00,0.00,0.10,17.40
S131,1487062016,0.00,0.00,0.00,0.00,0.10,17.40
S131,1487062315,0.00,0.00,0.00,0.00,0.10,17.50
S131,1487062614,0.00,0.00,0.00,0.00,0.10,17.40
S131,1487062913,0.00,0.00,0.00,0.00,0.10,17.40
S131,1487063212,0.00,0.00,0.00,0.00,0.10,17.50
S131,1487063511,0.00,0.00,0.00,0.00,0.10,17.50
S131,1487063810,0.00,0.00,0.00,0.00,0.10,17.50
S131,1487064109,0.00,0.00,0.00,0.00,0.10,17.50
S131,1487064408,0.00,0.00,0.00,0.00,0.10,17.40
S131,1487064707,0.00,0.00,0.00,0.00,0.10,17.40
S131,1487065007,0.00,0.00,0.00,0.00,0.10,17.50
S131,1487065306,0.00,0.00,0.00,0.00,0.10,17.50
S131,1487065605,0.00,0.00,0.00,0.00,0.10,17.40
S131,1487065904,0.00,0.00,0.00,0.00,0.10,17.50
S131,1487066203,0.00,0.00,0.00,0.00,0.10,17.50
S131,1487066502,0.00,0.00,0.00,0.00,0.10,17.40
S131,1487066801,0.00,0.00,0.00,0.00,0.10,17.40
S131,1487067100,0.00,0.00,0.00,0.00,0.10,17.50
S131,1487067399,0.00,0.00,0.00,0.00,0.10,17.40
S131,1487067698,0.00,0.00,0.00,0.00,0.10,17.50
S131,1487067997,0.00,0.00,0.00,0.00,0.10,17.40
S131,1487068296,0.00,0.00,0.00,0.00,0.10,17.50
S131,1487068595,0.00,0.00,0.00,0.00,0.10,17.50
S131,1487068894,0.00,0.00,0.00,0.00,0.10,17.50
S131,1487069193,0.00,0.00,0.00,0.00,0.10,17.50
S131,1487069492,0.00,0.00,0.00,0.00,0.10,17.50
S131,1487069791,0.00,0.00,0.00,0.00,0.10,17.50
S131,1487070090,0.00,0.00,0.00,0.00,0.10,17.50
S131,1487070389,0.00,0.00,0.00,0.00,0.10,17.40
S131,1487070688,0.00,0.00,0.00,0.00,0.10,17.50
S131,1487070987,0.00,0.00,0.00,0.00,0.10,17.40
S131,1487071286,0.00,0.00,0.00,0.00,0.10,17.50
S131,1487071585,0.00,0.00,0.00,0.00,0.10,17.40
S131,1487071884,0.00,0.00,0.00,0.00,0.10,17.50
S131,1487072183,0.00,0.00,0.00,0.00,0.20,17.50
S131,1487072482,0.00,0.00,0.00,0.00,0.10,17.50
S131,1487072781,0.00,0.00,0.00,0.00,0.10,17.40
S131,1487073080,0.00,0.00,0.00,0.00,0.10,17.50
S131,1487073379,0.00,0.00,0.00,0.00,0.10,17.40
S131,1487073678,0.00,0.00,0.00,0.00,0.10,17.40
S131,1487073977,0.00,0.00,0.00,0.00,0.10,17.40
S131,1487074276,0.00,0.00,0.00,0.00,0.10,17.50
S131,1487074575,0.00,0.00,0.00,0.00,0.10,17.50
S131,1487074874,0.00,0.00,0.00,0.00,0.10,17.50
S131,1487075173,0.00,0.00,0.00,0.00,0.10,17.50
S131,1487075472,0.00,0.00,0.00,0.00,0.10,17.40
S131,1487075771,0.00,0.00,0.00,0.00,0.10,17.40
S131,1487076070,0.00,0.00,0.00,0.00,0.10,17.50
S131,1487076369,0.00,0.00,0.00,0.00,0.10,17.40
S131,1487076668,0.00,0.00,0.00,0.00,0.10,17.40
S131,1487076967,0.00,0.00,0.00,0.00,0.10,17.50
S131,1487077266,0.00,0.00,0.00,0.00,0.10,17.40
S131,1487077565,0.00,0.00,0.00,0.00,0.10,17.40
S131,1487077864,0.00,0.00,0.00,0.00,0.10,17.50
S131,1487078163,0.00,0.00,0.00,0.00,0.10,17.50
S131,1487078462,0.00,0.00,0.00,0.00,0.10,17.50
S131,1487078761,0.00,0.00,0.00,0.00,0.10,17.40
S131,1487079060,0.00,0.00,0.00,0.00,0.10,17.40
S131,1487079359,0.00,0.00,0.00,0.00,0.10,17.50
S131,1487079658,0.00,0.00,0.00,0.00,0.10,17.50
S131,1487079957,0.00,0.00,0.00,0.00,0.10,17.40
S131,1487080256,0.00,0.00,0.00,0.00,0.10,17.40
S131,1487080555,0.00,0.00,0.00,0.00,0.10,17.40
S131,1487080854,0.00,0.00,0.00,0.00,0.10,17.50
S131,1487081153,0.00,0.00,0.00,0.00,0.10,17.50
S131,1487081452,0.00,0.00,0.00,0.00,0.10,17.50
S131,1487081751,0.00,0.00,0.00,0.00,0.10,17.50
S131,1487082050,0.00,0.00,0.00,0.00,0.10,17.40
S131,1487082349,0.00,0.00,0.00,0.00,0.10,17.50
S131,1487082648,0.00,0.00,0.00,0.00,0.10,17.50
S131,1487082947,0.00,0.00,0.00,0.00,0.10,17.40
S131,1487083246,0.00,0.00,0.00,0.00,0.10,17.50
S131,1487083545,0.00,0.00,0.00,0.00,0.10,17.50
S131,1487083844,0.00,0.00,0.00,0.00,0.10,17.50
S131,1487084143,0.00,0.00,0.00,0.00,0.10,17.50
S131,1487084442,0.00,0.00,0.00,0.00,0.10,17.50
S131,1487084741,0.00,0.00,0.00,0.00,0.10,17.50
S131,1487085040,0.00,0.00,0.00,0.00,0.10,17.50
S131,1487085339,0.00,0.00,0.00,0.00,0.10,17.40
S131,1487085638,0.00,0.00,0.00,0.00,0.10,17.50
S131,1487085937,0.00,0.00,0.00,0.00,0.10,17.40
S131,1487086236,0.00,0.00,0.00,0.00,0.10,17.50
S131,1487086535,0.00,0.00,0.00,0.00,0.10,17.40
S131,1487086834,0.00,0.00,0.00,0.00,0.10,17.40
S131,1487087133,0.00,0.00,0.00,0.00,0.10,17.50
S131,1487087432,0.00,0.00,0.00,0.00,0.10,17.40
S131,1487087731,0.00,0.00,0.00,0.00,0.10,17.50
S131,1487088030,0.00,0.00,0.00,0.00,0.10,17.40
S131,1487088329,0.00,0.00,0.00,0.00,0.10,17.40
S131,1487088628,0.00,0.00,0.00,0.00,0.10,17.50
S131,1487088927,0.00,0.00,0.00,0.00,0.10,17.50
S131,1487089226,0.00,0.00,0.00,0.00,0.10,17.50
S131,1487089525,0.00,0.00,0.00,0.00,0.10,17.40
S131,1487089824,0.00,0.00,0.00,0.00,0.10,17.40
S131,1487090123,0.00,0.00,0.00,0.00,0.10,17.40
S131,1487090422,0.00,0.00,0.00,0.00,0.10,17.50
S131,1487090721,0.00,0.00,0.00,0.00,0.10,17.50
S131,1487091020,0.00,0.00,0.00,0.00,0.10,17.40
S131,1487091319,0.00,0.00,0.00,0.00,0.10,17.50
S131,1487091618,0.00,0.00,0.00,0.00,0.10,17.40
S131,1487091917,0.00,0.00,0.00,0.00,0.10,17.50
S131,1487092216,0.00,0.00,0.00,0.00,0.10,17.50
S131,1487092515,0.00,0.00,0.00,0.00,0.10,17.40
S131,1487092814,0.00,0.00,0.00,0.00,0.10,17.40
S131,1487093113,0.00,0.00,0.00,0.00,0.10,17.40
S131,1487093412,0.00,0.00,0.00,0.00,0.10,17.50
S131,1487093711,0.00,0.00,0.00,0.00,0.10,17.50
S131,1487094010,0.00,0.00,0.00,0.00,0.10,17.50
S131,1487094309,0.00,0.00,0.00,0.00,0.10,17.40
S131,1487094608,0.00,0.00,0.00,0.00,0.10,17.40
S131,1487094907,0.00,0.00,0.00,0.00,0.10,17.50
S131,1487095206,0.00,0.00,0.00,0.00,0.10,17.50
S131,1487095505,0.00,0.00,0.00,0.00,0.10,17.40
S131,1487095804,0.00,0.00,0.00,0.00,0.10,17.50
S131,1487096103,0.00,0.00,0.00,0.00,0.10,17.50
S131,1487096402,0.00,0.00,0.00,0.00,0.10,17.40
S131,1487096701,0.00,0.00,0.00,0.00,0.10,17.50
S131,1487097000,0.00,0.00,0.00,0.00,0.10,17.40
S131,1487097299,0.00,0.00,0.00,0.00,0.10,17.50
S131,1487097598,0.00,0.00,0.00,0.00,0.10,17.40
S131,1487097897,0.00,0.00,0.00,0.00,0.10,17.40
S131,1487098196,0.00,0.00,0.00,0.00,0.10,17.40
S131,1487098495,0.00,0.00,0.00,0.00,0.10,17.50
S131,1487098794,0.00,0.00,0.00,0.00,0.10,17.40
S131,1487099093,0.00,0.00,0.00,0.00,0.10,17.40
S131,1487099392,0.00,0.00,0.00,0.00,0.10,17.40
S131,1487099691,0.00,0.00,0.00,0.00,0.10,17.40
S131,1487099990,0.00,0.00,0.00,0.00,0.10,17.50
S131,1487100289,0.00,0.00,0.00,0.00,0.10,17.50
S131,1487100588,0.00,0.00,0.00,0.00,0.10,17.40
S131,1487100887,0.00,0.00,0.00,0.00,0.10,17.40
S131,1487101186,0.00,0.00,0.00,0.00,0.10,17.50
S131,1487101485,0.00,0.00,0.00,0.00,0.10,17.40
S131,1487101784,0.00,0.00,0.00,0.00,0.10,17.50
S131,1487102083,0.00,0.00,0.00,0.00,0.10,17.40
S131,1487102382,0.00,0.00,0.00,0.00,0.10,17.40
S131,1487102681,0.00,0.00,0.00,0.00,0.10,17.50
S131,1487102980,0.00,0.00,0.00,0.00,0.10,17.40
S131,1487103280,0.00,0.00,0.00,0.00,0.10,17.50
S131,1487103579,0.00,0.00,0.00,0.00,0.10,17.50
S131,1487103878,0.00,0.00,0.00,0.00,0.10,17.40
S131,1487104177,0.00,0.00,0.00,0.00,0.10,17.40
S131,1487104476,0.00,0.00,0.00,0.00,0.10,17.40
S131,1487104775,0.00,0.00,0.00,0.00,0.10,17.40
S131,1487105074,0.00,0.00,0.00,0.00,0.20,17.50
S131,1487105373,0.00,0.00,0.00,0.00,0.10,17.40
S131,1487105672,0.00,0.00,0.00,0.00,0.10,17.50
S131,1487105971,0.00,0.00,0.00,0.00,0.10,17.50
S131,1487106270,0.00,0.00,0.00,0.00,0.10,17.40
S131,1487106569,0.00,0.00,0.00,0.00,0.10,17.50
S131,1487106868,0.00,0.00,0.00,0.00,0.10,17.50
S131,1487107167,0.00,0.00,0.00,0.00,0.10,17.40
S131,1487107466,0.00,0.00,0.00,0.00,0.10,17.40
S131,1487107765,0.00,0.00,0.00,0.00,0.10,17.40
S131,1487108064,0.00,0.00,0.00,0.00,0.10,17.50
S131,1487108363,0.00,0.00,0.00,0.00,0.20,17.50
S131,1487108662,0.00,0.00,0.00,0.00,0.10,17.50
S131,1487108961,0.00,0.00,0.00,0.00,0.10,17.50
S131,1487109260,0.00,0.00,0.00,0.00,0.10,17.50
S131,1487109559,0.00,0.00,0.00,0.00,0.10,17.50
S131,1487109858,0.00,0.00,0.00,0.00,0.10,17.40
S131,1487110157,0.00,0.00,0.00,0.00,0.10,17.50
S131,1487110456,0.00,0.00,0.00,0.00,0.10,17.50
S131,1487110755,0.00,0.00,0.00,0.00,0.10,17.50
S131,1487111054,0.00,0.00,0.00,0.00,0.10,17.40
S131,1487111353,0.00,0.00,0.00,0.00,0.10,17.40
S131,1487111652,0.00,0.00,0.00,0.00,0.10,17.40
S131,1487111951,0.00,0.00,0.00,0.00,0.10,17.50
S131,1487112250,0.00,0.00,0.00,0.00,0.10,17.40
S131,1487112549,0.00,0.00,0.00,0.00,0.10,17.40
S131,1487112848,0.00,0.00,0.00,0.00,0.10,17.40
S131,1487113147,0.00,0.00,0.00,0.00,0.10,17.40
S131,1487113446,0.00,0.00,0.00,0.00,0.10,17.50
S131,1487113745,0.00,0.00,0.00,0.00,0.10,17.50
S131,1487114044,0.00,0.00,0.00,0.00,0.10,17.50
S131,1487114343,0.00,0.00,0.00,0.00,0.10,17.40
S131,1487114642,0.00,0.00,0.00,0.00,0.10,17.40
S131,1487114941,0.00,0.00,0.00,0.00,0.10,17.40
S131,1487115240,0.00,0.00,0.00,0.00,0.10,17.50
S131,1487115539,0.00,0.00,0.00,0.00,0.10,17.50
S131,1487115838,0.00,0.00,0.00,0.00,0.10,17.40
S131,1487116137,0.00,0.00,0.00,0.00,0.10,17.50
S131,1487116436,0.00,0.00,0.00,0.00,0.10,17.40
S131,1487116735,0.00,0.00,0.00,0.00,0.10,17.40
S131,1487117034,0.00,0.00,0.00,0.00,0.10,17.50
S131,1487117333,0.00,0.00,0.00,0.00,0.10,17.40
S131,1487117632,0.00,0.00,0.00,0.00,0.10,17.40
S131,1487117931,0.00,0.00,0.00,0.00,0.10,17.40
S131,1487118230,0.00,0.00,0.00,0.00,0.10,17.50
S131,1487118529,0.00,0.00,0.00,0.00,0.10,17.50
S131,1487118828,0.00,0.00,0.00,0.00,0.10,17.50
S131,1487119127,0.00,0.00,0.00,0.00,0.10,17.50
S131,1487119426,0.00,0.00,0.00,0.00,0.10,17.50
S131,1487119725,0.00,0.00,0.00,0.00,0.10,17.40
S131,1487120024,0.00,0.00,0.00,0.00,0.10,17.40
S131,1487120323,0.00,0.00,0.00,0.00,0.10,17.50
S131,1487120622,0.00,0.00,0.00,0.00,0.10,17.50
S131,1487120921,0.00,0.00,0.00,0.00,0.10,17.50
S131,1487121220,0.00,0.00,0.00,0.00,0.10,17.40
S131,1487121519,0.00,0.00,0.00,0.00,0.10,17.40
S131,1487121818,0.00,0.00,0.00,0.00,0.10,17.40
S131,1487122117,0.00,0.00,0.00,0.00,0.10,17.40
S131,1487122416,0.00,0.00,0.00,0.00,0.10,17.50
S131,1487122715,0.00,0.00,0.00,0.00,0.20,17.50
S131,1487123014,0.00,0.00,0.00,0.00,0.10,17.40
S131,1487123313,0.00,0.00,0.00,0.00,0.10,17.40
S131,1487123612,0.00,0.00,0.00,0.00,0.10,17.40
S131,1487123911,0.00,0.00,0.00,0.00,0.20,17.50
S131,1487124210,0.00,0.00,0.00,0.00,0.10,17.50
S131,1487124509,0.00,0.00,0.00,0.00,0.10,17.50
S131,1487124808,0.00,0.00,0.00,0.00,0.10,17.50
S131,1487125107,0.00,0.00,0.00,0.00,0.10,17.40
S131,1487125406,0.00,0.00,0.00,0.00,0.10,17.40
S131,1487125705,0.00,0.00,0.00,0.00,0.10,17.40
S131,1487126004,0.00,0.00,0.00,0.00,0.10,17.40
S131,1487126303,0.00,0.00,0.00,0.00,0.10,17.50
S131,1487126602,0.00,0.00,0.00,0.00,0.20,17.50
S131,1487126901,0.00,0.00,0.00,0.00,0.10,17.50
S131,1487127200,0.00,0.00,0.00,0.00,0.10,17.50
S131,1487127499,0.00,0.00,0.00,0.00,0.10,17.50
S131,1487127798,0.00,0.00,0.00,0.00,0.10,17.40
S131,1487128097,0.00,0.00,0.00,0.00,0.10,17.50
S131,1487128396,0.00,0.00,0.00,0.00,0.10,17.50
S131,1487128695,0.00,0.00,0.00,0.00,0.10,17.40
S131,1487128994,0.00,0.00,0.00,0.00,0.10,17.40
S131,1487129293,0.00,0.00,0.00,0.00,0.10,17.40
S131,1487129592,0.00,0.00,0.00,0.00,0.10,17.50
S131,1487129891,0.00,0.00,0.00,0.00,0.10,17.40
S131,1487130190,0.00,0.00,0.00,0.00,0.10,17.40
S131,1487130489,0.00,0.00,0.00,0.00,0.10,17.50
S131,1487130788,0.00,0.00,0.00,0.00,0.10,17.40
S131,1487131087,0.00,0.00,0.00,0.00,0.10,17.50
S131,1487131386,0.00,0.00,0.00,0.00,0.10,17.50
S131,1487131685,0.00,0.00,0.00,0.00,0.10,17.40
S131,1487131984,0.00,0.00,0.00,0.00,0.10,17.40
S131,1487132283,0.00,0.00,0.00,0.00,0.10,17.40
S131,1487132582,0.00,0.00,0.00,0.00,0.10,17.40
S131,1487132881,0.00,0.00,0.00,0.00,0.10,17.40
S131,1487133180,0.00,0.00,0.00,0.00,0.10,17.50
S131,1487133479,0.00,0.00,0.00,0.00,0.10,17.50
S131,1487133778,0.00,0.00,0.00,0.00,0.10,17.40
S131,1487134077,0.00,0.00,0.00,0.00,0.10,17.50
S131,1487134376,0.00,0.00,0.00,0.00,0.10,17.40
S131,1487134675,0.00,0.00,0.00,0.00,0.10,17.50
S131,1487134974,0.00,0.00,0.00,0.00,0.10,17.40
S131,1487135273,0.00,0.00,0.00,0.00,0.10,17.50
S131,1487135572,0.00,0.00,0.00,0.00,0.10,17.40
S131,1487135871,0.00,0.00,0.00,0.00,0.10,17.40
S131,1487136170,0.00,0.00,0.00,0.00,0.10,17.40
S131,1487136469,0.00,0.00,0.00,0.00,0.10,17.50
S131,1487136768,0.00,0.00,0.00,0.00,0.10,17.40
S131,1487137067,0.00,0.00,0.00,0.00,0.20,17.50
S131,1487137366,0.00,0.00,0.00,0.00,0.10,17.50
S131,1487137665,0.00,0.00,0.00,0.00,0.10,17.40
S131,1487137964,0.00,0.00,0.00,0.00,0.10,17.50
S131,1487138263,0.00,0.00,0.00,0.00,0.10,17.40
S131,1487138562,0.00,0.00,0.00,0.00,0.10,17.50
S131,1487138861,0.00,0.00,0.00,0.00,0.10,17.40
S131,1487139160,0.00,0.00,0.00,0.00,0.10,17.40
S131,1487139459,0.00,0.00,0.00,0.00,0.10,17.50
S131,1487139758,0.00,0.00,0.00,0.00,0.10,17.40
S131,1487140057,0.00,0.00,0.00,0.00,0.10,17.50
S131,1487140356,0.00,0.00,0.00,0.00,0.10,17.50
S131,1487140655,0.00,0.00,0.00,0.00,0.10,17.40
S131,1487140954,0.00,0.00,0.00,0.00,0.10,17.50
S131,1487141253,0.00,0.00,0.00,0.00,0.10,17.40
S131,1487141553,0.00,0.00,0.00,0.00,0.10,17.40
S131,1487141852,0.00,0.00,0.00,0.00,0.10,17.50
S131,1487142151,0.00,0.00,0.00,0.00,0.20,17.50
S131,1487142450,0.00,0.00,0.00,0.00,0.10,17.40
S131,1487142749,0.00,0.00,0.00,0.00,0.10,17.40
S131,1487143048,0.00,0.00,0.00,0.00,0.10,17.40
S131,1487143347,0.00,0.00,0.00,0.00,0.10,17.40
S131,1487143646,0.00,0.00,0.00,0.00,0.10,17.40
S131,1487143945,0.00,0.00,0.00,0.00,0.10,17.50
S131,1487144244,0.00,0.00,0.00,0.00,0.10,17.40
S131,1487144543,0.00,0.00,0.00,0.00,0.10,17.40
S131,1487144842,0.00,0.00,0.00,0.00,0.10,17.50
S131,1487145141,0.00,0.00,0.00,0.00,0.10,17.40
S131,1487145440,0.00,0.00,0.00,0.00,0.10,17.40
S131,1487145739,0.00,0.00,0.00,0.00,0.10,17.50
S131,1487146038,0.00,0.00,0.00,0.00,0.10,17.50
S131,1487146337,0.00,0.00,0.00,0.00,0.10,17.40
S131,1487146636,0.00,0.00,0.00,0.00,0.10,17.40
S131,1487146935,0.00,0.00,0.00,0.00,0.10,17.50
S131,1487147234,0.00,0.00,0.00,0.00,0.10,17.50
S131,1487147533,0.00,0.00,0.00,0.00,0.10,17.40
S131,1487147832,0.00,0.00,0.00,0.00,0.10,17.50
S131,1487148131,0.00,0.00,0.00,0.00,0.10,17.40
S131,1487148430,0.00,0.00,0.00,0.00,0.10,17.40
S131,1487148729,0.00,0.00,0.00,0.00,0.10,17.40
S131,1487149028,0.00,0.00,0.00,0.00,0.10,17.40
S131,1487149327,0.00,0.00,0.00,0.00,0.10,17.40
S131,1487149626,0.00,0.00,0.00,0.00,0.10,17.40
S131,1487149925,0.00,0.00,0.00,0.00,0.10,17.40
S131,1487150224,0.00,0.00,0.00,0.00,0.10,17.40
S131,1487150523,0.00,0.00,0.00,0.00,0.20,17.50
S131,1487150822,0.00,0.00,0.00,0.00,0.10,17.50
S131,1487151121,0.00,0.00,0.00,0.00,0.10,17.40
S131,1487151420,0.00,0.00,0.00,0.00,0.10,17.40
S131,1487151719,0.00,0.00,0.00,0.00,0.10,17.40
S131,1487152018,0.00,0.00,0.00,0.00,0.20,17.50
S131,1487152317,0.00,0.00,0.00,0.00,0.10,17.40
S131,1487152616,0.00,0.00,0.00,0.00,0.10,17.40
S131,1487152915,0.00,0.00,0.00,0.00,0.10,17.50
S131,1487153214,0.00,0.00,0.00,0.00,0.10,17.50
S131,1487153513,0.00,0.00,0.00,0.00,0.10,17.40
S131,1487153812,0.00,0.00,0.00,0.00,0.10,17.40
S131,1487154111,0.00,0.00,0.00,0.00,0.20,17.50
S131,1487154410,0.00,0.00,0.00,0.00,0.10,17.40
S131,1487154709,0.00,0.00,0.00,0.00,0.10,17.50
S131,1487155008,0.00,0.00,0.00,0.00,0.10,17.40
S131,1487155307,0.00,0.00,0.00,0.00,0.10,17.40
S131,1487155606,0.00,0.00,0.00,0.00,0.10,17.50
S131,1487155905,0.00,0.00,0.00,0.00,0.10,17.50
S131,1487156204,0.00,0.00,0.00,0.00,0.10,17.50
S131,1487156503,0.00,0.00,0.00,0.00,0.10,17.40
S131,1487156802,0.00,0.00,0.00,0.00,0.10,17.40
S131,1487157101,0.00,0.00,0.00,0.00,0.10,17.50
S131,1487157400,0.00,0.00,0.00,0.00,0.10,17.50
S131,1487157699,0.00,0.00,0.00,0.00,0.10,17.40
S131,1487157998,0.00,0.00,0.00,0.00,0.10,17.50
S131,1487158297,0.00,0.00,0.00,0.00,0.10,17.40
S131,1487158596,0.00,0.00,0.00,0.00,0.10,17.40
S131,1487158895,0.00,0.00,0.00,0.00,0.10,17.40
S131,1487159194,0.00,0.00,0.00,0.00,0.10,17.50
S131,1487159493,0.00,0.00,0.00,0.00,0.10,17.50
S131,1487159792,0.00,0.00,0.00,0.00,0.10,17.50
