Device,Time,DHT1-OUT Temp,DHT1-OUT Hum,DHT2-IN Temp,DHT2-IN Hum,Soil,Infrared
S130,1486911899,21.60,8.20,21.40,9.20,0.30,0.40
S130,1486912198,21.60,8.50,21.40,9.10,0.30,0.40
S130,1486912497,21.50,8.40,21.40,9.10,0.30,0.30
S130,1486912796,21.50,10.40,21.40,8.80,0.30,0.40
S130,1486913095,21.50,8.80,21.40,8.40,0.30,0.40
S130,1486913394,21.40,8.50,21.40,8.60,0.30,0.40
S130,1486913693,21.40,8.80,21.40,8.90,0.30,0.40
S130,1486913992,21.40,8.90,21.40,8.70,0.30,0.40
S130,1486914291,21.40,8.90,21.50,9.10,0.30,0.40
S130,1486914590,21.40,8.90,21.50,8.90,0.30,0.30
S130,1486914889,21.40,8.80,21.50,8.60,0.30,0.30
S130,1486915188,21.40,8.90,21.60,8.80,0.30,0.40
S130,1486915487,21.40,8.90,21.50,8.60,0.30,0.40
S130,1486915786,21.40,8.80,21.40,8.40,0.30,0.40
S130,1486916085,21.40,8.60,21.40,8.40,0.30,0.40
S130,1486916385,21.40,8.30,21.40,8.40,0.30,0.30
S130,1486916684,21.40,8.50,21.40,8.30,0.30,0.40
S130,1486916983,21.40,8.40,21.40,8.50,0.30,0.30
S130,1486917283,21.40,8.50,21.40,8.40,0.30,0.40
S130,1486917582,21.40,8.40,21.40,8.40,0.30,0.40
S130,1486911899,21.30,7.60,21.30,8.50,0.30,0.40
S130,1486912198,21.30,7.60,21.30,8.50,0.30,0.30
S130,1486912497,21.30,7.70,21.30,8.20,0.30,0.40
S130,1486912796,21.30,7.80,21.30,8.20,0.30,0.40
S130,1486913095,21.30,7.70,21.30,8.20,0.30,0.40
S130,1486913394,21.30,7.60,21.30,8.30,0.30,0.40
S130,1486913693,21.30,7.80,21.30,8.30,0.30,0.30
S130,1486913992,21.30,7.90,21.30,8.40,0.30,0.30
S130,1486914291,21.30,7.60,21.30,8.60,0.30,0.40
S130,1486914590,21.30,7.70,21.30,8.30,0.30,0.40
S130,1486914889,21.30,7.70,21.30,8.30,0.30,0.40
S130,1486915188,21.30,7.70,21.30,8.20,0.30,0.30
S130,1486915487,21.30,7.70,21.30,8.30,0.30,0.40
S130,1486915786,21.30,7.70,21.30,8.60,0.30,0.40
S130,1486916085,21.20,7.60,21.30,8.50,0.30,0.40
S130,1486916385,21.30,7.70,21.30,8.30,0.30,0.40
S130,1486916684,21.30,7.90,21.30,8.30,0.30,0.40
S130,1486916983,21.20,7.80,21.30,8.30,0.30,0.40
S130,1486917283,21.30,7.70,21.30,8.20,0.30,0.40
S130,1486917582,21.20,7.70,21.30,8.30,0.30,0.40
S130,1486917881,21.20,7.60,21.30,8.50,0.30,0.40
S130,1486918181,21.20,7.70,21.30,8.60,0.30,0.40
S130,1486918480,21.20,7.70,21.30,8.40,0.30,0.40
S130,1486918780,21.30,7.90,21.30,8.30,0.30,0.30
S130,1486919079,21.20,7.60,21.30,8.20,0.30,0.40
S130,1486919378,21.20,7.80,21.30,8.30,0.30,0.40
S130,1486919677,21.20,7.60,21.30,8.30,0.30,0.40
S130,1486919977,21.20,7.50,21.30,8.30,0.30,0.40
S130,1486920276,21.20,7.60,21.30,8.40,0.30,0.30
S130,1486920575,21.20,7.60,21.30,8.40,0.30,0.40
S130,1486920874,21.20,7.30,21.30,8.00,0.30,0.30
S130,1486921174,21.20,7.60,21.30,8.20,0.30,0.40
S130,1486921473,21.20,7.50,21.20,8.30,0.30,0.40
S130,1486921772,21.20,7.50,21.30,8.30,0.30,0.40
S130,1486922071,21.30,7.70,21.30,8.30,0.30,0.30
S130,1486922371,21.20,7.70,21.30,8.00,0.30,0.40
S130,1486922670,21.30,7.70,21.30,8.20,0.30,0.40
S130,1486922969,21.30,7.70,21.30,8.10,0.30,0.40
S130,1486923268,21.20,7.40,21.30,7.90,0.30,0.40
S130,1486923567,21.20,7.60,21.30,8.20,0.30,0.40
S130,1486923867,21.20,7.40,21.30,8.80,0.30,0.40
S130,1486924166,21.20,7.50,21.30,8.30,0.30,0.40
S130,1486924465,21.20,7.40,21.30,8.30,0.30,0.30
S130,1486924764,21.20,7.40,21.30,8.30,0.30,0.40
S130,1486925063,21.30,7.80,21.30,8.30,0.30,0.40
S130,1486925362,21.30,7.70,21.30,8.10,0.30,0.40
S130,1486925661,21.20,7.50,21.20,8.00,0.30,0.40
S130,1486925961,21.20,7.50,21.20,8.30,0.30,0.40
S130,1486926260,21.20,7.60,21.20,8.40,0.30,0.40
S130,1486926559,21.20,7.80,21.20,8.40,0.30,0.40
S130,1486926858,21.20,7.50,21.10,7.90,0.30,0.40
S130,1486927157,21.10,7.50,21.10,7.80,0.30,0.40
S130,1486927456,21.00,7.50,21.00,7.90,0.30,0.40
S130,1486927755,21.00,7.50,21.00,8.00,0.30,0.30
S130,1486928054,20.90,7.70,20.90,8.00,0.30,0.40
S130,1486928353,20.90,7.70,20.80,8.00,0.30,0.40
S130,1486928652,20.80,7.90,20.80,8.00,0.30,0.30
S130,1486928951,20.70,7.90,20.70,8.10,0.30,0.40
S130,1486929250,20.60,8.00,20.60,8.10,0.30,0.40
S130,1486929549,20.60,8.20,20.60,8.20,0.30,0.40
S130,1486929848,20.50,8.20,20.60,8.30,0.30,0.40
S130,1486930147,20.50,8.40,20.50,8.50,0.30,0.40
S130,1486930446,20.40,8.50,20.50,8.60,0.30,0.40
S130,1486930745,20.30,8.60,20.50,8.70,0.30,0.30
S130,1486931044,20.30,8.60,20.40,8.80,0.30,0.40
S130,1486931343,20.20,8.70,20.40,8.90,0.30,0.40
S130,1486931642,20.20,8.80,20.40,8.90,0.30,0.40
S130,1486931941,20.10,8.90,20.30,8.90,0.30,0.40
S130,1486932240,20.10,8.90,20.40,9.00,0.30,0.40
S130,1486932539,20.10,8.90,20.30,9.00,0.30,0.40
S130,1486932838,20.00,9.00,20.30,9.30,0.30,0.40
S130,1486933137,20.00,9.00,20.20,9.00,0.30,0.40
S130,1486933436,19.90,9.10,20.20,9.30,0.30,0.40
S130,1486933735,19.90,9.20,20.20,9.30,0.30,0.40
S130,1486934034,19.90,9.30,20.20,9.40,0.30,0.30
S130,1486934333,19.80,9.60,20.10,9.60,0.30,0.40
S130,1486934632,19.80,9.60,20.10,9.60,0.30,0.40
S130,1486934931,19.80,9.60,20.10,9.60,0.30,0.40
S130,1486935230,19.80,9.60,20.10,9.70,0.30,0.40
S130,1486935529,19.70,9.60,20.00,9.60,0.30,0.40
S130,1486935828,19.70,9.60,20.00,9.70,0.30,0.40
S130,1486936127,19.70,9.60,20.00,9.80,0.30,0.40
S130,1486936426,19.70,9.60,19.90,9.90,0.30,0.40
S130,1486936725,19.60,9.50,19.90,9.80,0.30,0.40
S130,1486937024,19.60,9.50,19.90,9.90,0.30,0.40
S130,1486937323,19.60,9.70,19.80,9.90,0.30,0.40
S130,1486937622,19.50,9.70,19.80,10.00,0.30,0.40
S130,1486937921,19.50,9.80,19.70,10.00,0.30,0.40
S130,1486938220,19.40,9.80,19.70,10.00,0.30,0.40
S130,1486938519,19.40,9.90,19.60,10.10,0.30,0.40
S130,1486938818,19.30,10.00,19.60,10.20,0.30,0.40
S130,1486939117,19.30,10.10,19.60,10.20,0.30,0.40
S130,1486939416,19.30,10.00,19.50,10.20,0.30,0.40
S130,1486939715,19.20,10.00,19.50,10.30,0.30,0.40
S130,1486940014,19.20,10.00,19.50,10.20,0.30,0.40
S130,1486940313,19.20,10.10,19.40,10.20,0.30,0.40
S130,1486940612,19.10,10.00,19.40,10.30,0.30,0.40
S130,1486940911,19.10,10.00,19.30,10.20,0.30,0.40
S130,1486941210,19.00,10.00,19.30,10.30,0.30,0.40
S130,1486941509,19.00,10.10,19.30,10.30,0.30,0.40
S130,1486941808,19.00,10.00,19.30,10.80,0.30,0.40
S130,1486942107,19.00,10.20,19.20,10.30,0.30,0.40
S130,1486942406,18.90,10.10,19.20,10.40,0.30,0.40
S130,1486942705,18.90,10.10,19.20,10.50,0.30,0.40
S130,1486943004,18.90,10.20,19.20,10.50,0.30,0.40
S130,1486943303,18.90,10.40,19.10,10.60,0.30,0.40
S130,1486943602,18.80,10.40,19.10,10.70,0.30,0.40
S130,1486943901,18.80,10.50,19.10,11.00,0.30,0.40
S130,1486944200,18.80,10.70,19.10,11.00,0.30,0.40
S130,1486944499,18.70,10.60,19.00,11.00,0.30,0.40
S130,1486944798,18.70,10.70,19.00,11.00,0.30,0.40
S130,1486945097,18.70,10.60,19.00,11.00,0.30,0.40
S130,1486945396,18.70,10.70,18.90,10.90,0.30,0.40
S130,1486945695,18.60,10.50,18.90,10.90,0.30,0.40
S130,1486945994,18.60,10.50,18.90,10.90,0.30,0.40
S130,1486946293,18.60,10.50,18.90,10.90,0.30,0.40
S130,1486946592,18.60,10.60,18.80,10.80,0.30,0.40
S130,1486946891,18.60,10.50,18.80,10.80,0.30,0.40
S130,1486947190,18.60,10.40,18.80,10.80,0.30,0.30
S130,1486947489,18.50,10.20,18.80,10.80,0.30,0.40
S130,1486947788,18.50,10.50,18.70,10.80,0.30,0.40
S130,1486948087,18.50,10.50,18.70,10.80,0.30,0.40
S130,1486948386,18.50,10.60,18.70,10.80,0.30,0.40
S130,1486948685,18.50,10.50,18.70,10.80,0.30,0.40
S130,1486948984,18.40,10.60,18.60,10.70,0.30,0.30
S130,1486949283,18.40,10.50,18.60,10.70,0.30,0.40
S130,1486949582,18.40,10.30,18.60,10.70,0.30,0.40
S130,1486949881,18.40,10.30,18.60,10.70,0.30,0.40
S130,1486950181,18.30,10.30,18.60,10.70,0.30,0.40
S130,1486950480,18.30,10.30,18.50,10.60,0.30,0.40
S130,1486950779,18.30,10.30,18.50,10.60,0.30,0.40
S130,1486951078,18.30,10.50,18.50,10.60,0.30,0.40
S130,1486951377,18.30,10.60,18.50,10.60,0.30,0.40
S130,1486951676,18.30,10.60,18.50,10.60,0.30,0.40
S130,1486951975,18.30,10.70,18.60,10.70,0.30,0.40
S130,1486952274,18.30,10.40,18.60,10.70,0.30,0.40
S130,1486952573,18.30,10.30,18.60,10.70,0.30,0.40
S130,1486952872,18.30,10.40,18.60,10.70,0.30,0.40
S130,1486953171,18.30,10.20,18.60,10.70,0.30,0.40
S130,1486953470,18.30,10.20,18.60,10.70,0.30,0.40
S130,1486953769,18.30,10.10,18.50,10.60,0.30,0.40
S130,1486954068,18.30,10.00,18.50,10.60,0.30,0.40
S130,1486954367,18.30,10.00,18.50,10.60,0.30,0.40
S130,1486954666,18.30,10.00,18.40,10.40,0.30,0.40
S130,1486954965,18.20,9.90,18.40,10.50,0.30,0.40
S130,1486955264,18.30,10.10,18.40,10.50,0.30,0.40
S130,1486955563,18.20,10.00,18.40,10.50,0.30,0.40
S130,1486955862,18.20,10.20,18.40,10.50,0.30,0.40
S130,1486956161,18.30,10.50,18.50,10.60,0.30,0.40
S130,1486956460,18.30,10.60,18.50,10.60,0.30,0.40
S130,1486956759,18.30,10.60,18.60,10.70,0.30,0.40
S130,1486957058,18.40,10.60,18.60,10.70,0.30,0.40
S130,1486957357,18.40,10.60,18.60,10.70,0.30,0.40
S130,1486957656,18.50,10.70,18.60,10.70,0.30,0.40
S130,1486957955,18.60,10.70,18.70,10.80,0.30,0.40
S130,1486958254,18.60,10.70,18.70,10.80,0.30,0.40
S130,1486958553,18.70,10.70,18.70,10.80,0.30,0.40
S130,1486958852,18.70,10.70,18.80,10.80,0.30,0.40
S130,1486959151,18.80,10.60,18.80,10.80,0.30,0.40
S130,1486959450,18.80,10.60,18.80,10.80,0.30,0.40
S130,1486959749,18.90,10.60,18.90,10.60,0.30,0.40
S130,1486960048,18.90,10.60,18.90,10.70,0.30,0.40
S130,1486960347,18.90,10.50,18.90,10.60,0.30,0.40
S130,1486960646,19.00,10.60,18.90,10.60,0.30,0.40
S130,1486960945,19.00,10.50,18.90,10.50,0.30,0.40
S130,1486961244,19.10,10.50,19.00,10.50,0.30,0.40
S130,1486961543,19.20,10.50,19.00,10.60,0.30,0.40
S130,1486961842,19.20,10.50,19.00,10.40,0.30,0.40
S130,1486962141,19.20,10.40,19.10,10.50,0.30,0.40
S130,1486962440,19.30,10.50,19.10,10.30,0.30,0.40
S130,1486962739,19.30,10.40,19.10,10.30,0.30,0.40
S130,1486963038,19.30,10.40,19.20,10.40,0.30,0.40
S130,1486963337,19.40,10.40,19.20,10.30,0.30,0.40
S130,1486963636,19.40,10.40,19.20,10.20,0.30,0.40
S130,1486963935,19.40,10.30,19.30,10.40,0.30,0.40
S130,1486964234,19.50,10.30,19.30,10.30,0.30,0.40
S130,1486964533,19.50,10.20,19.30,10.30,0.30,0.40
S130,1486964832,19.50,10.20,19.30,10.10,0.30,0.40
S130,1486965131,19.60,10.20,19.30,10.10,0.30,0.40
S130,1486965430,19.60,10.10,19.40,10.10,0.30,0.40
S130,1486965729,19.60,10.10,19.40,10.10,0.30,0.40
S130,1486966028,19.60,10.10,19.40,10.10,0.30,0.40
S130,1486966327,19.70,10.10,19.40,10.10,0.30,0.40
S130,1486966626,19.70,10.00,19.50,10.10,0.30,0.30
S130,1486966925,19.70,10.10,19.50,10.10,0.30,0.40
S130,1486967224,19.70,10.00,19.50,10.50,0.30,0.40
S130,1486967523,19.80,10.00,19.50,10.00,0.30,0.40
S130,1486967822,19.80,10.00,19.60,10.10,0.30,0.40
S130,1486968121,19.80,9.90,19.60,10.10,0.30,0.40
S130,1486968420,19.90,10.00,19.60,9.90,0.30,0.30
S130,1486968719,19.90,10.00,19.70,10.10,0.30,0.40
S130,1486969018,19.90,10.00,19.70,10.00,0.30,0.40
S130,1486969317,20.00,9.70,19.80,10.10,0.30,0.40
S130,1486969616,20.10,10.10,19.80,10.20,0.30,0.40
S130,1486969915,20.10,10.10,19.90,10.10,0.30,0.40
S130,1486970214,20.20,9.90,19.90,10.00,0.30,0.30
S130,1486970513,20.20,9.90,20.00,10.10,0.30,0.40
S130,1486970812,20.20,9.90,20.00,10.00,0.30,0.40
S130,1486971111,20.30,10.00,20.00,9.90,0.30,0.40
S130,1486971410,20.30,10.00,20.00,9.90,0.30,0.40
S130,1486971709,20.40,10.00,20.10,10.00,0.30,0.40
S130,1486972008,20.40,9.90,20.10,9.90,0.30,0.40
S130,1486972307,20.40,10.00,20.10,9.80,0.30,0.40
S130,1486972606,20.40,9.80,20.10,9.80,0.30,0.30
S130,1486972905,20.50,9.90,20.20,9.80,0.30,0.40
S130,1486973204,20.50,9.90,20.20,9.80,0.30,0.40
S130,1486973503,20.50,9.60,20.30,9.80,0.30,0.30
S130,1486973802,20.50,9.70,20.30,9.80,0.30,0.30
S130,1486974101,20.60,9.80,20.30,9.80,0.30,0.40
S130,1486974400,20.60,9.60,20.30,9.80,0.30,0.40
S130,1486974699,20.60,9.70,20.30,9.70,0.30,0.40
S130,1486974998,20.70,9.90,20.60,9.80,0.30,0.30
S130,1486975297,20.70,9.90,20.60,9.70,0.30,0.40
S130,1486975596,20.70,9.80,20.70,9.60,0.30,0.40
S130,1486975895,20.80,9.60,20.70,9.40,0.30,0.40
S130,1486976194,20.70,9.70,20.70,9.50,0.30,0.40
S130,1486976493,20.80,9.70,20.80,9.90,0.30,0.40
S130,1486976792,20.80,9.50,20.80,9.40,0.30,0.40
S130,1486977091,20.80,9.40,20.80,9.40,0.30,0.40
S130,1486977390,20.90,9.30,20.80,9.50,0.30,0.40
S130,1486977689,20.90,9.00,20.80,9.40,0.30,0.40
S130,1486977988,20.90,9.10,20.90,9.40,0.30,0.40
S130,1486978287,20.90,9.20,20.90,9.30,0.30,0.40
S130,1486978586,20.90,9.00,20.90,9.50,0.30,0.40
S130,1486978885,20.90,9.10,20.90,9.30,0.30,0.40
S130,1486979184,20.90,9.10,20.90,9.30,0.30,0.40
S130,1486979483,20.90,9.00,20.90,9.20,0.30,0.40
S130,1486979782,20.90,9.00,20.90,9.20,0.30,0.40
S130,1486980081,21.00,9.10,20.90,9.00,0.30,0.40
S130,1486980380,21.00,9.20,20.90,9.00,0.30,0.40
S130,1486980679,21.00,9.30,21.00,9.10,0.30,0.40
S130,1486980978,21.00,9.10,21.00,9.20,0.30,0.40
S130,1486981277,21.00,9.00,21.00,9.20,0.30,0.40
S130,1486981576,21.00,9.10,21.00,9.10,0.30,0.30
S130,1486981875,21.00,9.40,21.00,9.40,0.30,0.40
S130,1486982174,21.00,9.10,21.00,9.10,0.30,0.30
S130,1486982473,21.00,9.30,21.00,9.10,0.30,0.40
S130,1486982772,21.10,9.30,21.10,9.20,0.30,0.40
S130,1486983071,21.10,9.10,21.10,9.30,0.30,0.40
S130,1486983370,21.10,8.40,21.10,9.10,0.30,0.40
S130,1486983669,21.10,8.30,21.10,8.80,0.30,0.30
S130,1486983968,21.10,8.50,21.10,8.90,0.30,0.40
S130,1486984267,21.10,8.20,21.10,8.80,0.30,0.40
S130,1486984566,21.10,8.30,21.10,8.90,0.30,0.40
S130,1486984865,21.10,8.60,21.10,8.70,0.30,0.40
S130,1486985164,21.10,8.60,21.10,8.70,0.30,0.40
S130,1486985463,21.10,8.70,21.10,8.70,0.30,0.40
S130,1486985762,21.10,8.40,21.10,8.70,0.30,0.40
S130,1486986061,21.10,8.20,21.10,8.50,0.30,0.40
S130,1486986360,21.10,8.30,21.10,8.20,0.30,0.40
S130,1486986659,21.10,8.30,21.10,8.60,0.30,0.30
S130,1486986958,21.10,7.90,21.10,8.30,0.30,0.40
S130,1486987257,21.10,8.40,21.10,8.60,0.30,0.40
S130,1486987556,21.10,8.30,21.10,8.60,0.30,0.30
S130,1486987855,21.10,8.30,21.10,8.70,0.30,0.40
S130,1486988154,21.10,8.30,21.20,8.60,0.30,0.40
S130,1486988454,21.10,8.20,21.10,8.70,0.30,0.40
S130,1486988753,21.10,8.10,21.10,8.50,0.30,0.30
S130,1486989052,21.10,8.40,21.10,8.60,0.30,0.40
S130,1486989351,21.10,8.30,21.10,8.20,0.30,0.30
S130,1486989650,21.10,8.20,21.20,8.40,0.30,0.40
S130,1486989949,21.10,7.90,21.10,8.00,0.30,0.30
S130,1486990248,21.10,7.90,21.20,8.30,0.30,0.30
S130,1486990547,21.10,7.80,21.20,8.30,0.30,0.40
S130,1486990846,21.10,7.70,21.20,8.10,0.30,0.40
S130,1486991145,21.20,7.70,21.20,8.00,0.30,0.40
S130,1486991444,21.20,7.50,21.20,7.80,0.30,0.40
S130,1486991743,21.20,7.70,21.20,7.90,0.30,0.30
S130,1486992042,21.20,7.80,21.20,7.90,0.30,0.40
S130,1486992341,21.10,7.70,21.20,8.00,0.30,0.40
S130,1486992640,21.20,7.60,21.20,7.80,0.30,0.30
S130,1486992939,21.20,7.50,21.20,7.80,0.30,0.40
S130,1486993238,21.20,7.70,21.20,7.90,0.30,0.40
S130,1486993537,21.20,7.50,21.20,7.70,0.30,0.40
S130,1486993836,21.20,7.50,21.20,7.90,0.30,0.40
S130,1486994135,21.20,7.80,21.20,8.00,0.30,0.40
S130,1486994435,21.20,7.80,21.20,8.00,0.30,0.40
S130,1486994734,21.20,7.70,21.20,7.90,0.30,0.40
S130,1486995033,21.20,7.60,21.20,7.80,0.30,0.40
S130,1486995332,21.20,7.60,21.20,7.60,0.30,0.40
S130,1486995631,21.20,7.50,21.20,7.60,0.30,0.30
S130,1486995930,21.20,7.50,21.20,7.80,0.30,0.30
S130,1486996229,21.10,7.40,21.20,7.90,0.30,0.30
S130,1486996528,21.20,7.90,21.20,7.80,0.30,0.30
S130,1486996827,21.20,7.90,21.20,7.90,0.30,0.30
S130,1486997126,21.20,7.90,21.30,8.10,0.30,0.40
S130,1486997425,21.20,7.80,21.30,7.90,0.30,0.40
S130,1486997724,21.20,7.60,21.30,7.80,0.30,0.40
S130,1486998023,21.20,7.50,21.20,7.70,0.30,0.40
S130,1486998322,21.20,7.50,21.20,7.80,0.30,0.40
S130,1486998621,21.20,7.60,21.30,7.90,0.30,0.40
S130,1486998920,21.20,7.80,21.30,8.00,0.30,0.40
S130,1486999219,21.20,7.80,21.30,7.90,0.30,0.40
S130,1486999518,21.20,7.40,21.30,7.80,0.30,0.40
S130,1486999817,21.20,7.70,21.30,7.90,0.30,0.40
S130,1487000116,21.20,7.80,21.20,7.70,0.30,0.40
S130,1487000415,21.20,7.80,21.20,7.90,0.30,0.40
S130,1487000714,21.20,7.80,21.20,8.00,0.30,0.40
S130,1487001013,21.20,8.00,21.20,8.00,0.30,0.40
S130,1487001312,21.20,8.00,21.30,8.20,0.30,0.40
S130,1487001611,21.20,7.90,21.20,8.00,0.30,0.40
S130,1487001910,21.20,7.90,21.20,7.80,0.30,0.40
S130,1487002209,21.20,7.90,21.20,8.10,0.30,0.30
S130,1487002508,21.20,8.00,21.20,8.20,0.30,0.30
S130,1487002807,21.20,8.10,21.20,8.30,0.30,0.40
S130,1487003106,21.20,8.10,21.20,8.00,0.30,0.40
S130,1487003405,21.20,7.70,21.20,7.80,0.30,0.40
S130,1487003704,21.20,7.70,21.20,7.90,0.30,0.30
S130,1487004003,21.20,7.70,21.20,8.00,0.30,0.40
S130,1487004302,21.20,8.00,21.20,8.10,0.30,0.40
S130,1487004601,21.10,7.90,21.20,8.20,0.30,0.40
S130,1487004900,21.10,7.90,21.20,7.90,0.30,0.40
S130,1487005199,21.10,7.80,21.20,7.80,0.30,0.40
S130,1487005498,21.10,7.60,21.10,7.80,0.30,0.30
S130,1487005797,21.10,7.70,21.10,7.90,0.30,0.40
S130,1487006096,21.10,7.90,21.20,7.70,0.30,0.40
S130,1487006395,21.20,8.10,21.20,7.80,0.30,0.30
S130,1487006694,21.20,8.00,21.30,7.70,0.30,0.40
S130,1487006993,21.20,7.90,21.30,7.60,0.30,0.40
S130,1487007292,21.20,7.70,21.30,7.60,0.30,0.30
S130,1487007591,21.30,7.50,21.30,7.40,0.30,0.40
S130,1487007890,21.30,7.70,21.30,7.50,0.30,0.40
S130,1487008189,21.30,7.70,21.30,7.50,0.30,0.40
S130,1487008488,21.30,7.70,21.30,7.70,0.30,0.40
S130,1487008787,21.30,7.70,21.30,7.80,0.30,0.40
S130,1487009086,21.30,7.70,21.40,7.70,0.30,0.30
S130,1487009385,21.40,7.60,21.40,7.60,0.30,0.30
S130,1487009684,21.40,7.70,21.40,7.50,0.30,0.40
S130,1487009983,21.40,7.50,21.40,7.50,0.30,0.40
S130,1487010282,21.40,7.70,21.40,7.60,0.30,0.40
S130,1487010581,21.40,7.70,21.40,7.80,0.30,0.40
S130,1487010880,21.40,7.70,21.40,7.80,0.30,0.30
S130,1487011179,21.40,7.50,21.40,7.50,0.30,0.40
S130,1487011478,21.40,7.50,21.40,7.40,0.30,0.40
S130,1487011777,21.40,7.40,21.30,7.50,0.30,0.40
S130,1487012076,21.30,7.30,21.30,7.40,0.30,0.30
S130,1487012375,21.30,7.60,21.30,7.40,0.30,0.40
S130,1487012674,21.30,7.60,21.30,7.70,0.30,0.40
S130,1487012973,21.30,7.00,21.30,7.30,0.30,0.40
S130,1487013272,21.30,6.80,21.20,7.20,0.30,0.40
S130,1487013571,21.20,6.70,21.00,7.00,0.30,0.40
S130,1487013870,21.10,6.90,20.90,7.10,0.30,0.40
S130,1487014169,21.10,6.90,20.90,7.20,0.30,0.30
S130,1487014468,21.00,6.90,20.80,7.20,0.30,0.40
S130,1487014767,20.90,6.90,20.60,7.10,0.30,0.30
S130,1487015066,20.80,7.00,20.50,7.20,0.30,0.30
S130,1487015365,20.80,7.00,20.40,7.20,0.30,0.40
S130,1487015664,20.70,6.90,20.40,7.20,0.30,0.40
S130,1487015963,20.60,6.80,20.30,7.30,0.30,0.40
S130,1487016262,20.50,7.00,20.20,7.30,0.30,0.40
S130,1487016561,20.40,6.80,20.10,7.30,0.30,0.40
S130,1487016860,20.30,6.90,20.10,7.30,0.30,0.40
S130,1487017159,20.20,7.00,20.00,7.40,0.30,0.40
S130,1487017458,20.10,7.30,19.90,7.50,0.30,0.30
S130,1487017757,20.00,7.30,19.90,7.60,0.30,0.40
S130,1487018056,20.00,7.50,19.80,7.70,0.30,0.40
S130,1487018355,19.90,7.60,19.70,7.80,0.30,0.40
S130,1487018654,19.80,7.60,19.70,7.90,0.30,0.30
S130,1487018953,19.70,7.70,19.60,7.90,0.30,0.40
S130,1487019252,19.70,7.90,19.60,8.10,0.30,0.40
S130,1487019551,19.60,8.00,19.50,8.10,0.30,0.40
S130,1487019850,19.60,8.00,19.50,8.20,0.30,0.40
S130,1487020149,19.50,8.20,19.50,8.30,0.30,0.40
S130,1487020448,19.50,8.10,19.40,8.30,0.30,0.40
S130,1487020747,19.40,8.10,19.40,8.40,0.30,0.40
S130,1487021046,19.40,8.30,19.30,8.40,0.30,0.40
S130,1487021345,19.30,8.30,19.30,8.50,0.30,0.40
S130,1487021644,19.30,8.40,19.20,8.50,0.30,0.40
S130,1487021943,19.20,8.30,19.20,8.60,0.30,0.40
S130,1487022242,19.20,8.50,19.20,8.60,0.30,0.40
S130,1487022541,19.10,8.40,19.20,8.70,0.30,0.40
S130,1487022840,19.10,8.60,19.10,8.70,0.30,0.40
S130,1487023139,19.10,8.70,19.20,8.80,0.30,0.40
S130,1487023438,19.10,8.60,19.20,8.80,0.30,0.40
S130,1487023737,19.00,8.60,19.10,8.80,0.30,0.40
S130,1487024036,19.00,8.60,19.10,8.70,0.30,0.40
S130,1487024335,19.00,8.80,19.10,8.80,0.30,0.40
S130,1487024634,19.00,8.70,19.10,8.80,0.30,0.40
S130,1487024933,18.90,8.70,19.10,8.90,0.30,0.40
S130,1487025232,18.90,8.70,19.00,8.80,0.30,0.40
S130,1487025531,18.90,8.70,19.00,8.80,0.30,0.40
S130,1487025830,18.80,8.70,18.90,8.90,0.30,0.40
S130,1487026129,18.80,8.80,18.90,8.90,0.30,0.40
S130,1487026428,18.80,8.70,18.80,8.90,0.30,0.40
S130,1487026728,18.80,8.90,18.80,9.00,0.30,0.40
S130,1487027027,18.70,8.90,18.80,9.10,0.30,0.40
S130,1487027326,18.70,8.90,18.70,9.00,0.30,0.40
S130,1487027625,18.60,8.80,18.70,9.10,0.30,0.40
S130,1487027924,18.60,8.80,18.60,9.10,0.30,0.40
S130,1487028223,18.60,8.80,18.60,9.10,0.30,0.40
S130,1487028522,18.60,8.80,18.60,9.20,0.30,0.40
S130,1487028821,18.50,8.70,18.60,9.30,0.30,0.40
S130,1487029120,18.50,8.80,18.60,9.30,0.30,0.40
S130,1487029419,18.50,8.90,18.50,9.30,0.30,0.40
S130,1487029718,18.50,8.90,18.50,9.30,0.30,0.40
S130,1487030017,18.40,9.00,18.50,9.30,0.30,0.40
S130,1487030316,18.40,9.00,18.50,9.40,0.30,0.40
S130,1487030615,18.40,9.10,18.50,9.40,0.30,0.30
S130,1487030914,18.40,9.00,18.40,9.40,0.30,0.40
S130,1487031213,18.40,9.10,18.40,9.40,0.30,0.40
S130,1487031512,18.30,9.10,18.40,9.40,0.30,0.40
S130,1487031811,18.30,9.00,18.40,9.50,0.30,0.40
S130,1487032110,18.30,9.10,18.40,9.50,0.30,0.40
S130,1487032409,18.30,9.20,18.30,9.50,0.30,0.40
S130,1487032708,18.30,9.30,18.30,9.50,0.30,0.40
S130,1487033007,18.20,9.20,18.30,9.60,0.30,0.40
S130,1487033306,18.20,9.30,18.30,9.60,0.30,0.40
S130,1487033605,18.20,9.30,18.20,9.60,0.30,0.40
S130,1487033904,18.20,9.40,18.20,9.60,0.30,0.40
S130,1487034203,18.20,9.30,18.20,9.80,0.30,0.40
S130,1487034502,18.10,9.50,18.20,9.80,0.30,0.40
S130,1487034801,18.10,9.50,18.20,9.80,0.30,0.40
S130,1487035100,18.10,9.50,18.10,9.80,0.30,0.40
S130,1487035399,18.10,9.50,18.10,9.80,0.30,0.40
S130,1487035698,18.10,9.50,18.10,9.90,0.30,0.40
S130,1487035997,18.10,9.50,18.10,9.90,0.30,0.40
S130,1487036296,18.00,9.60,18.10,9.90,0.30,0.40
S130,1487036595,18.00,9.70,18.10,10.10,0.30,0.40
S130,1487036894,18.00,9.70,18.10,10.10,0.30,0.40
S130,1487037193,18.00,9.70,18.00,10.10,0.30,0.40
S130,1487037492,18.00,9.80,18.00,10.20,0.30,0.40
S130,1487037791,18.00,9.80,18.00,10.30,0.30,0.40
S130,1487038090,17.90,9.70,18.00,10.30,0.30,0.40
S130,1487038389,17.90,9.70,18.00,10.30,0.30,0.40
S130,1487038688,17.90,9.70,18.00,10.30,0.30,0.40
S130,1487038987,17.90,9.90,18.00,10.30,0.30,0.40
S130,1487039286,17.90,10.00,18.00,10.30,0.30,0.40
S130,1487039585,17.90,9.90,17.90,10.20,0.30,0.40
S130,1487039884,17.90,9.90,17.90,10.20,0.30,0.40
S130,1487040183,17.80,9.90,17.90,10.20,0.30,0.40
S130,1487040482,17.90,9.90,17.90,10.20,0.30,0.40
S130,1487040781,17.80,9.80,17.90,10.20,0.30,0.40
S130,1487041080,17.80,9.90,17.80,10.10,0.30,0.40
S130,1487041379,17.80,9.90,17.90,10.20,0.30,0.40
S130,1487041678,17.80,10.00,17.80,10.10,0.30,0.40
S130,1487041977,17.80,10.20,17.90,10.20,0.30,0.40
S130,1487042276,17.80,10.20,18.00,10.30,0.30,0.40
S130,1487042575,17.80,10.30,18.10,10.30,0.30,0.40
S130,1487042874,17.90,10.40,18.10,10.30,0.30,0.40
S130,1487043173,17.90,10.40,18.20,10.40,0.30,0.40
S130,1487043472,18.00,10.40,18.20,10.40,0.30,0.40
S130,1487043771,18.10,10.50,18.30,10.50,0.30,0.40
S130,1487044070,18.10,10.40,18.30,10.50,0.30,0.40
S130,1487044369,18.20,10.50,18.40,10.50,0.30,0.40
S130,1487044668,18.20,10.50,18.40,10.50,0.30,0.40
S130,1487044967,18.30,10.50,18.50,10.50,0.30,0.40
S130,1487045266,18.30,10.50,18.50,10.60,0.30,0.40
S130,1487045565,18.30,10.50,18.50,10.50,0.30,0.40
S130,1487045864,18.40,10.60,18.60,10.70,0.30,0.40
S130,1487046163,18.50,10.60,18.60,10.50,0.30,0.40
S130,1487046462,18.50,10.50,18.60,10.50,0.30,0.40
S130,1487046761,18.50,10.50,18.70,10.60,0.30,0.40
S130,1487047060,18.60,10.60,18.70,10.50,0.30,0.40
S130,1487047359,18.60,10.60,18.70,10.50,0.30,0.40
S130,1487047658,18.70,10.60,18.80,10.50,0.30,0.40
S130,1487047957,18.70,10.50,18.80,10.50,0.30,0.40
S130,1487048256,18.80,10.60,18.80,10.40,0.30,0.40
S130,1487048555,18.80,10.60,18.90,10.50,0.30,0.40
S130,1487048854,18.90,10.70,18.90,10.50,0.30,0.40
S130,1487049153,18.90,10.60,19.00,10.50,0.30,0.40
S130,1487049452,18.90,10.60,19.00,10.50,0.30,0.40
S130,1487049751,19.00,10.50,19.00,10.50,0.30,0.40
S130,1487050050,19.00,10.60,19.10,10.50,0.30,0.40
S130,1487050349,19.10,10.60,19.10,10.50,0.30,0.40
S130,1487050648,19.10,10.70,19.10,10.50,0.30,0.40
S130,1487050947,19.10,10.60,19.20,10.60,0.30,0.40
S130,1487051246,19.20,10.60,19.20,10.90,0.30,0.40
S130,1487051545,19.20,10.60,19.20,10.50,0.30,0.30
S130,1487051844,19.20,10.60,19.30,10.50,0.30,0.40
S130,1487052143,19.30,10.70,19.30,10.50,0.30,0.40
S130,1487052442,19.30,10.50,19.30,10.40,0.30,0.40
S130,1487052741,19.40,10.60,19.30,10.40,0.30,0.40
S130,1487053040,19.40,10.50,19.40,10.40,0.30,0.40
S130,1487053339,19.40,10.50,19.40,10.50,0.30,0.40
S130,1487053638,19.50,10.60,19.50,10.50,0.30,0.40
S130,1487053937,19.50,10.60,19.50,10.50,0.30,0.40
S130,1487054236,19.50,10.60,19.50,10.50,0.30,0.40
S130,1487054535,19.60,10.70,19.60,10.60,0.30,0.40
S130,1487054834,19.60,10.60,19.60,10.50,0.30,0.40
S130,1487055133,19.60,10.50,19.70,10.50,0.30,0.40
S130,1487055432,19.70,10.70,19.80,10.50,0.30,0.40
S130,1487055731,19.70,10.40,19.80,10.40,0.30,0.40
S130,1487056030,19.80,10.50,19.90,10.30,0.30,0.40
S130,1487056329,19.80,10.40,19.90,10.30,0.30,0.40
S130,1487056628,19.90,10.30,20.00,10.30,0.30,0.30
S130,1487056927,19.90,10.20,20.00,10.20,0.30,0.40
S130,1487057226,20.00,10.10,20.00,10.10,0.30,0.40
S130,1487057525,20.00,10.10,20.10,10.10,0.30,0.40
S130,1487057824,20.10,10.20,20.10,10.00,0.30,0.40
S130,1487058123,20.10,9.90,20.10,9.90,0.30,0.30
S130,1487058422,20.20,9.90,20.10,9.90,0.30,0.40
S130,1487058721,20.20,9.90,20.10,9.80,0.30,0.40
S130,1487059020,20.20,9.90,20.10,9.70,0.30,0.40
S130,1487059319,20.20,9.90,20.20,9.70,0.30,0.40
S130,1487059618,20.30,9.60,20.30,9.40,0.30,0.40
S130,1487059917,20.30,9.80,20.30,9.50,0.30,0.40
S130,1487060216,20.30,9.60,20.30,9.40,0.30,0.30
S130,1487060515,20.40,9.40,20.40,9.40,0.30,0.30
S130,1487060814,20.40,9.40,20.40,9.30,0.30,0.40
S130,1487061113,20.50,9.40,20.40,9.30,0.30,0.40
S130,1487061412,20.50,9.60,20.40,9.30,0.30,0.40
S130,1487061711,20.50,9.30,20.40,9.30,0.30,0.40
S130,1487062010,20.50,9.50,20.40,9.10,0.30,0.40
S130,1487062309,20.50,9.20,20.40,9.20,0.30,0.40
S130,1487062608,20.50,9.10,20.40,9.10,0.30,0.40
S130,1487062907,20.60,9.40,20.40,9.70,0.30,0.40
S130,1487063206,20.60,9.50,20.40,9.30,0.30,0.30
S130,1487063505,20.60,9.50,20.40,9.20,0.30,0.40
S130,1487063804,20.60,9.40,20.40,9.10,0.30,0.30
S130,1487064103,20.60,9.30,20.40,9.10,0.30,0.40
S130,1487064402,20.50,9.10,20.40,9.00,0.30,0.40
S130,1487064701,20.50,9.30,20.40,8.90,0.30,0.40
S130,1487065001,20.60,9.30,20.40,8.90,0.30,0.40
S130,1487065300,20.60,9.20,20.40,8.90,0.30,0.30
S130,1487065599,20.60,9.10,20.40,8.80,0.30,0.30
S130,1487065898,20.60,8.90,20.40,8.70,0.30,0.40
S130,1487066197,20.60,9.00,20.50,8.70,0.30,0.40
S130,1487066496,20.60,9.00,20.50,8.70,0.30,0.30
S130,1487066795,20.60,9.00,20.50,8.70,0.30,0.40
S130,1487067094,20.60,9.00,20.50,8.70,0.30,0.40
S130,1487067393,20.60,9.00,20.50,8.50,0.30,0.40
S130,1487067692,20.60,9.00,20.50,8.60,0.30,0.40
S130,1487067991,20.60,8.90,20.50,8.60,0.30,0.40
S130,1487068290,20.60,8.90,20.50,8.50,0.30,0.40
S130,1487068589,20.60,8.80,20.50,8.30,0.30,0.40
S130,1487068888,20.60,9.00,20.50,8.40,0.30,0.40
S130,1487069187,20.60,8.80,20.60,8.50,0.30,0.40
S130,1487069486,20.60,8.90,20.60,8.50,0.30,0.40
S130,1487069785,20.60,8.80,20.70,8.50,0.30,0.40
S130,1487070084,20.70,8.90,20.60,8.50,0.30,0.40
S130,1487070383,20.70,8.90,20.70,8.50,0.30,0.30
S130,1487070682,20.70,9.00,20.70,8.40,0.30,0.40
S130,1487070981,20.70,8.70,20.80,8.40,0.30,0.40
S130,1487071280,20.80,8.90,20.80,8.40,0.30,0.40
S130,1487071579,20.80,9.00,20.80,8.40,0.30,0.40
S130,1487071878,20.80,8.70,20.90,8.60,0.30,0.40
S130,1487072177,20.90,8.70,20.90,8.40,0.30,0.30
S130,1487072476,20.90,8.40,20.90,8.30,0.30,0.40
S130,1487072775,20.90,8.20,20.90,8.00,0.30,0.40
S130,1487073074,20.90,7.80,20.90,8.00,0.30,0.30
S130,1487073373,20.90,7.80,20.90,8.00,0.30,0.40
S130,1487073672,20.90,7.80,20.90,7.80,0.30,0.40
S130,1487073971,20.90,7.80,20.90,8.00,0.30,0.40
S130,1487074270,21.00,7.70,20.90,8.00,0.30,0.30
S130,1487074569,21.00,8.00,21.00,8.10,0.30,0.40
S130,1487074868,21.00,8.00,21.00,8.10,0.30,0.40
S130,1487075167,21.00,7.80,21.00,8.10,0.30,0.30
S130,1487075466,21.00,7.60,21.00,8.10,0.30,0.40
S130,1487075765,21.00,7.80,21.00,8.10,0.30,0.40
S130,1487076064,21.00,7.40,21.00,7.90,0.30,0.30
S130,1487076363,21.00,7.70,21.00,7.80,0.30,0.40
S130,1487076662,21.00,7.70,21.00,7.60,0.30,0.30
S130,1487076961,21.00,7.80,21.00,7.90,0.30,0.30
S130,1487077260,21.00,7.50,21.00,8.00,0.30,0.40
S130,1487077559,21.00,7.70,21.00,8.10,0.30,0.40
S130,1487077858,21.00,7.70,21.10,8.20,0.30,0.40
S130,1487078157,21.00,7.70,21.10,8.20,0.30,0.40
S130,1487078456,21.00,7.50,21.10,8.10,0.30,0.40
S130,1487078755,21.00,7.60,21.10,7.80,0.30,0.40
S130,1487079054,21.00,7.70,21.10,7.80,0.30,0.40
S130,1487079353,21.00,7.60,21.10,7.80,0.30,0.40
S130,1487079652,21.00,7.70,21.10,7.80,0.30,0.40
S130,1487079951,21.00,7.40,21.10,7.80,0.30,0.40
S130,1487080250,21.00,7.40,21.00,7.80,0.30,0.30
S130,1487080549,21.00,7.70,21.10,7.90,0.30,0.40
S130,1487080848,21.00,7.60,21.10,7.80,0.30,0.40
S130,1487081147,21.00,7.70,21.10,7.60,0.30,0.40
S130,1487081446,21.10,7.60,21.10,7.60,0.30,0.40
S130,1487081745,21.00,7.80,21.10,7.80,0.30,0.40
S130,1487082044,21.00,7.40,21.10,7.80,0.30,0.40
S130,1487082343,21.10,7.20,21.10,7.50,0.30,0.40
S130,1487082642,21.10,7.40,21.10,7.60,0.30,0.30
S130,1487082941,21.10,7.60,21.10,7.60,0.30,0.40
S130,1487083240,21.10,7.20,21.10,7.30,0.30,0.30
S130,1487083539,21.10,7.40,21.10,7.90,0.30,0.30
S130,1487083838,21.10,7.40,21.10,7.50,0.30,0.40
S130,1487084137,21.10,7.30,21.10,7.50,0.30,0.40
S130,1487084436,21.10,7.00,21.10,7.50,0.30,0.40
S130,1487084735,21.10,7.10,21.10,7.50,0.30,0.30
S130,1487085034,21.10,7.10,21.10,7.20,0.30,0.40
S130,1487085333,21.10,7.20,21.10,7.40,0.30,0.40
S130,1487085632,21.10,7.20,21.10,7.40,0.30,0.40
S130,1487085931,21.00,7.10,21.00,7.30,0.30,0.40
S130,1487086230,21.00,7.30,21.10,7.50,0.30,0.40
S130,1487086529,21.00,7.20,21.00,7.30,0.30,0.40
S130,1487086828,21.00,7.30,21.10,7.40,0.30,0.40
S130,1487087127,21.00,6.90,21.00,7.20,0.30,0.40
S130,1487087426,21.00,7.10,21.00,7.10,0.30,0.40
S130,1487087725,21.00,6.90,21.10,7.50,0.30,0.40
S130,1487088024,21.00,6.90,21.10,7.30,0.30,0.30
S130,1487088323,21.00,7.20,21.10,7.40,0.30,0.40
S130,1487088622,21.00,7.00,21.10,7.50,0.30,0.40
S130,1487088921,21.00,7.20,21.10,7.30,0.30,0.40
S130,1487089220,21.00,7.40,21.10,7.10,0.30,0.40
S130,1487089519,21.00,7.30,21.10,7.40,0.30,0.30
S130,1487089818,21.00,6.80,21.10,6.90,0.30,0.40
S130,1487090117,21.00,6.80,21.10,7.00,0.30,0.40
S130,1487090416,21.00,6.40,21.10,7.00,0.30,0.40
S130,1487090715,21.00,6.60,21.10,7.00,0.30,0.30
S130,1487091014,21.00,6.40,21.10,6.90,0.30,0.40
S130,1487091313,21.00,6.40,21.10,6.80,0.30,0.40
S130,1487091612,21.00,6.90,21.10,7.10,0.30,0.40
S130,1487091911,21.00,7.10,21.10,7.20,0.30,0.40
S130,1487092210,21.00,6.50,21.10,6.90,0.30,0.40
S130,1487092509,21.00,6.40,21.10,6.90,0.30,0.40
S130,1487092808,21.00,6.40,21.10,6.70,0.30,0.40
S130,1487093107,21.00,6.40,21.10,6.70,0.30,0.40
S130,1487093406,21.00,6.50,21.10,6.90,0.30,0.40
S130,1487093705,21.00,6.50,21.00,6.70,0.30,0.40
S130,1487094004,21.00,6.70,21.00,6.80,0.30,0.40
S130,1487094303,21.00,6.70,21.00,6.70,0.30,0.40
S130,1487094602,21.00,6.80,21.00,6.80,0.30,0.40
S130,1487094901,21.00,6.90,21.00,6.90,0.30,0.40
S130,1487095200,21.00,7.00,20.90,6.60,0.30,0.40
S130,1487095499,20.90,6.90,20.90,7.10,0.30,0.40
S130,1487095798,20.90,6.80,20.80,6.70,0.30,0.40
S130,1487096097,20.90,6.90,20.80,6.80,0.30,0.40
S130,1487096396,20.80,7.00,20.80,6.70,0.30,0.30
S130,1487096695,20.80,6.90,20.70,6.70,0.30,0.40
S130,1487096994,20.80,7.00,20.70,6.70,0.30,0.40
S130,1487097293,20.70,7.00,20.70,6.60,0.30,0.40
S130,1487097592,20.70,7.00,20.70,6.60,0.30,0.40
S130,1487097891,20.70,6.90,20.60,6.60,0.30,0.30
S130,1487098190,20.70,6.80,20.60,6.50,0.30,0.40
S130,1487098489,20.70,6.80,20.60,6.60,0.30,0.30
S130,1487098788,20.60,6.90,20.60,6.60,0.30,0.40
S130,1487099087,20.60,6.50,20.60,6.70,0.30,0.40
S130,1487099386,20.60,6.10,20.50,6.50,0.30,0.40
S130,1487099685,20.50,6.10,20.40,6.50,0.30,0.40
S130,1487099984,20.50,6.40,20.30,6.40,0.30,0.40
S130,1487100283,20.40,6.00,20.20,6.30,0.30,0.40
S130,1487100582,20.30,6.00,20.10,6.40,0.30,0.40
S130,1487100881,20.20,5.80,20.00,6.30,0.30,0.40
S130,1487101180,20.20,6.20,19.90,6.30,0.30,0.40
S130,1487101479,20.10,6.20,19.90,6.30,0.30,0.40
S130,1487101778,20.10,6.00,19.80,6.30,0.30,0.40
S130,1487102077,19.90,6.20,19.80,6.40,0.30,0.40
S130,1487102376,19.90,6.20,19.70,7.00,0.30,0.40
S130,1487102675,19.80,6.20,19.60,6.40,0.30,0.40
S130,1487102974,19.80,6.20,19.60,6.50,0.30,0.40
S130,1487103274,19.70,6.30,19.50,6.50,0.30,0.40
S130,1487103573,19.60,6.10,19.50,6.60,0.30,0.40
S130,1487103872,19.60,6.20,19.40,6.60,0.30,0.40
S130,1487104171,19.50,6.30,19.40,6.60,0.30,0.40
S130,1487104470,19.40,6.20,19.30,7.20,0.30,0.40
S130,1487104769,19.30,6.40,19.30,6.80,0.30,0.40
S130,1487105068,19.30,6.70,19.30,6.90,0.30,0.40
S130,1487105367,19.20,6.80,19.30,6.90,0.30,0.40
S130,1487105666,19.20,7.10,19.30,6.90,0.30,0.40
S130,1487105965,19.20,6.70,19.30,6.90,0.30,0.40
S130,1487106264,19.20,6.60,19.30,6.90,0.30,0.40
S130,1487106563,19.10,6.50,19.30,6.90,0.30,0.40
S130,1487106862,19.10,6.60,19.30,6.90,0.30,0.40
S130,1487107161,19.10,6.50,19.30,6.90,0.30,0.40
S130,1487107460,19.10,7.30,19.20,7.30,0.30,0.40
S130,1487107759,19.00,7.70,19.20,7.60,0.30,0.40
S130,1487108058,19.00,7.40,19.20,7.40,0.30,0.40
S130,1487108357,19.00,7.20,19.20,7.20,0.30,0.40
S130,1487108656,19.00,6.90,19.10,6.90,0.30,0.40
S130,1487108955,19.00,6.50,19.10,6.80,0.30,0.40
S130,1487109254,19.00,6.50,19.10,6.80,0.30,0.40
S130,1487109553,18.90,6.30,19.10,6.70,0.30,0.40
S130,1487109852,18.90,6.20,19.00,6.30,0.30,0.40
S130,1487110151,18.90,6.10,19.00,6.50,0.30,0.30
S130,1487110450,18.90,6.00,18.90,6.40,0.30,0.40
S130,1487110749,18.90,6.10,18.80,6.30,0.30,0.40
S130,1487111048,18.80,5.90,18.80,6.30,0.30,0.40
S130,1487111347,18.80,6.10,18.70,6.30,0.30,0.40
S130,1487111646,18.70,6.00,18.70,6.30,0.30,0.40
S130,1487111945,18.70,6.00,18.70,6.30,0.30,0.40
S130,1487112244,18.60,5.80,18.60,6.20,0.30,0.40
S130,1487112543,18.60,5.70,18.60,6.20,0.30,0.40
S130,1487112842,18.60,5.80,18.60,6.20,0.30,0.40
S130,1487113141,18.50,5.80,18.60,6.30,0.30,0.40
S130,1487113440,18.50,5.80,18.50,6.20,0.30,0.40
S130,1487113739,18.50,5.90,18.40,6.20,0.30,0.40
S130,1487114038,18.50,6.00,18.40,6.30,0.30,0.40
S130,1487114337,18.40,5.80,18.40,6.30,0.30,0.40
S130,1487114636,18.40,5.90,18.40,6.30,0.30,0.40
S130,1487114935,18.40,6.00,18.40,6.30,0.30,0.40
S130,1487115234,18.30,5.90,18.30,6.20,0.30,0.40
S130,1487115533,18.30,5.90,18.30,6.20,0.30,0.40
S130,1487115832,18.30,6.10,18.30,6.30,0.30,0.40
S130,1487116131,18.20,6.20,18.20,6.30,0.30,0.40
S130,1487116430,18.20,6.20,18.20,6.50,0.30,0.40
S130,1487116729,18.10,6.10,18.20,6.50,0.30,0.40
S130,1487117028,18.10,6.10,18.20,6.50,0.30,0.40
S130,1487117327,18.10,6.30,18.10,6.50,0.30,0.40
S130,1487117626,18.10,6.20,18.10,6.60,0.30,0.40
S130,1487117925,18.00,6.20,18.10,6.60,0.30,0.40
S130,1487118224,18.00,6.20,18.00,6.50,0.30,0.40
S130,1487118523,18.00,6.20,18.00,6.40,0.30,0.30
S130,1487118822,18.00,6.20,18.00,6.50,0.30,0.40
S130,1487119121,18.00,6.10,18.00,6.50,0.30,0.40
S130,1487119420,17.90,6.10,17.90,6.40,0.30,0.40
S130,1487119719,17.90,6.00,17.90,6.40,0.30,0.40
S130,1487120018,17.90,5.90,17.90,6.40,0.30,0.40
S130,1487120317,17.90,5.90,17.90,6.40,0.30,0.40
S130,1487120616,17.80,6.00,17.90,6.40,0.30,0.40
S130,1487120915,17.80,5.90,17.80,6.40,0.30,0.40
S130,1487121214,17.80,6.10,17.80,6.40,0.30,0.40
S130,1487121513,17.80,6.00,17.80,6.40,0.30,0.40
S130,1487121812,17.80,6.20,17.80,6.40,0.30,0.40
S130,1487122111,17.70,6.00,17.80,6.40,0.30,0.40
S130,1487122410,17.70,6.00,17.80,6.40,0.30,0.40
S130,1487122709,17.70,6.10,17.70,6.50,0.30,0.40
S130,1487123008,17.70,6.30,17.70,6.50,0.30,0.30
S130,1487123307,17.60,6.20,17.70,6.60,0.30,0.40
S130,1487123606,17.60,6.30,17.70,6.70,0.30,0.40
S130,1487123905,17.60,6.30,17.60,6.60,0.30,0.40
S130,1487124204,17.60,6.30,17.70,6.80,0.30,0.40
S130,1487124503,17.60,6.50,17.60,6.80,0.30,0.40
S130,1487124802,17.60,6.50,17.60,6.80,0.30,0.40
S130,1487125101,17.60,6.50,17.60,6.90,0.30,0.40
S130,1487125400,17.50,6.60,17.60,6.90,0.30,0.40
S130,1487125699,17.50,6.80,17.60,7.00,0.30,0.40
S130,1487125998,17.50,6.60,17.60,7.00,0.30,0.40
S130,1487126297,17.50,6.60,17.60,7.00,0.30,0.40
S130,1487126596,17.50,6.70,17.70,7.00,0.30,0.40
S130,1487126895,17.50,6.60,17.70,7.00,0.30,0.40
S130,1487127194,17.50,6.60,17.70,6.90,0.30,0.40
S130,1487127493,17.50,6.60,17.70,7.00,0.30,0.40
S130,1487127792,17.50,7.00,17.70,7.00,0.30,0.40
S130,1487128091,17.60,7.20,17.80,7.20,0.30,0.40
S130,1487128390,17.60,7.30,17.80,7.20,0.30,0.40
S130,1487128689,17.60,7.30,17.90,7.30,0.30,0.40
S130,1487128988,17.70,7.40,17.90,7.20,0.30,0.40
S130,1487129287,17.70,7.40,18.00,7.20,0.30,0.40
S130,1487129586,17.80,7.60,18.00,7.20,0.30,0.40
S130,1487129885,17.80,7.60,18.10,7.30,0.30,0.40
S130,1487130184,17.90,8.10,18.10,7.30,0.30,0.40
S130,1487130483,17.90,7.60,18.10,7.30,0.30,0.40
S130,1487130782,18.00,7.60,18.20,7.20,0.30,0.40
S130,1487131081,18.00,7.60,18.20,7.10,0.30,0.40
S130,1487131380,18.10,7.60,18.30,7.20,0.30,0.40
S130,1487131679,18.10,7.60,18.20,7.10,0.30,0.40
S130,1487131978,18.20,7.60,18.30,7.10,0.30,0.40
S130,1487132277,18.20,7.50,18.30,7.00,0.30,0.40
S130,1487132576,18.20,7.40,18.40,7.00,0.30,0.40
S130,1487132875,18.30,7.40,18.40,7.00,0.30,0.40
S130,1487133174,18.30,7.30,18.40,6.80,0.30,0.40
S130,1487133473,18.40,7.40,18.50,6.90,0.30,0.40
S130,1487133772,18.40,7.30,18.50,6.80,0.30,0.40
S130,1487134071,18.40,7.30,18.50,6.80,0.30,0.30
S130,1487134370,18.50,7.30,18.60,6.80,0.30,0.30
S130,1487134669,18.50,7.30,18.60,6.80,0.30,0.30
S130,1487134968,18.60,7.30,18.60,6.80,0.30,0.40
S130,1487135267,18.60,7.30,18.60,6.80,0.30,0.40
S130,1487135566,18.60,7.20,18.70,6.80,0.30,0.40
S130,1487135865,18.70,7.30,18.70,6.70,0.30,0.40
S130,1487136164,18.70,7.30,18.70,6.70,0.30,0.40
S130,1487136463,18.70,7.20,18.80,6.70,0.30,0.40
S130,1487136762,18.80,7.20,18.80,6.60,0.30,0.40
S130,1487137061,18.80,7.20,18.80,6.60,0.30,0.40
S130,1487137360,18.80,7.10,18.80,6.60,0.30,0.40
S130,1487137659,18.80,7.00,18.90,6.70,0.30,0.40
S130,1487137958,18.90,7.00,18.90,6.60,0.30,0.40
S130,1487138257,18.90,7.00,18.90,6.70,0.30,0.30
S130,1487138556,19.00,6.60,19.00,6.70,0.30,0.40
S130,1487138855,19.00,6.50,19.00,6.70,0.30,0.40
S130,1487139154,19.00,6.40,19.00,6.60,0.30,0.40
S130,1487139453,19.00,6.30,19.00,6.70,0.30,0.40
S130,1487139752,19.10,6.20,19.00,6.70,0.30,0.40
S130,1487140051,19.10,6.30,19.00,6.70,0.30,0.40
S130,1487140350,19.10,6.30,19.00,6.70,0.30,0.40
S130,1487140649,19.10,6.20,19.00,6.70,0.30,0.40
S130,1487140948,19.10,6.10,19.00,6.70,0.30,0.40
S130,1487141247,19.10,6.40,19.00,6.70,0.30,0.40
S130,1487141547,19.10,6.50,19.00,6.80,0.30,0.40
S130,1487141846,19.10,6.60,19.00,7.00,0.30,0.40
S130,1487142145,19.00,6.60,19.00,7.10,0.30,0.40
S130,1487142444,19.10,6.60,19.00,7.00,0.30,0.40
S130,1487142743,19.00,6.40,18.90,6.70,0.30,0.40
S130,1487143042,19.00,6.50,18.90,6.80,0.30,0.40
S130,1487143341,19.00,6.80,18.90,7.10,0.30,0.40
S130,1487143640,19.00,6.90,19.00,7.30,0.30,0.40
S130,1487143939,19.00,7.20,19.00,7.30,0.30,0.40
S130,1487144238,19.00,7.00,19.00,7.30,0.30,0.40
S130,1487144537,19.00,7.10,19.10,7.20,0.30,0.40
S130,1487144836,19.00,7.10,19.20,6.90,0.30,0.40
S130,1487145135,19.10,7.30,19.20,7.10,0.30,0.40
S130,1487145434,19.10,7.30,19.30,7.30,0.30,0.40
S130,1487145733,19.20,7.50,19.40,7.20,0.30,0.40
S130,1487146032,19.20,7.10,19.40,7.00,0.30,0.40
S130,1487146331,19.30,7.10,19.40,7.00,0.30,0.40
S130,1487146630,19.30,7.10,19.50,6.90,0.30,0.40
S130,1487146929,19.40,6.80,19.50,6.90,0.30,0.40
S130,1487147228,19.40,6.50,19.60,6.90,0.30,0.40
S130,1487147527,19.50,6.70,19.60,6.90,0.30,0.40
S130,1487147826,19.50,6.40,19.60,6.70,0.30,0.40
S130,1487148125,19.60,6.10,19.70,6.70,0.30,0.40
S130,1487148424,19.60,6.10,19.70,6.50,0.30,0.40
S130,1487148723,19.60,6.20,19.70,6.40,0.30,0.40
S130,1487149022,19.60,5.90,19.80,6.50,0.30,0.40
S130,1487149321,19.70,6.20,19.80,6.50,0.30,0.40
S130,1487149620,19.70,5.90,19.80,6.40,0.30,0.40
S130,1487149919,19.70,5.80,19.80,6.30,0.30,0.40
S130,1487150218,19.80,5.70,19.90,6.20,0.30,0.40
S130,1487150517,19.80,5.60,19.90,6.20,0.30,0.40
S130,1487150816,19.80,5.60,20.00,6.20,0.30,0.40
