Device,Time,DHT1-OUT Temp,DHT1-OUT Hum,DHT2-IN Temp,DHT2-IN Hum,Soil,Infrared
S131,1486911899,21.70,8.30,21.70,10.80,0.10,17.50
S131,1486912198,21.70,8.30,21.60,10.90,0.10,17.50
S131,1486912497,21.70,7.90,21.60,11.00,0.10,17.50
S131,1486912796,21.70,8.10,21.60,11.30,0.10,17.50
S131,1486913095,21.70,8.30,21.50,10.80,0.10,17.50
S131,1486913394,21.70,8.30,21.50,10.70,0.10,17.50
S131,1486913693,21.70,8.30,21.60,11.10,0.10,17.50
S131,1486913992,21.60,8.20,21.60,11.20,0.10,17.50
S131,1486914291,21.70,8.30,21.60,11.00,0.10,17.50
S131,1486914590,21.70,8.30,21.70,10.90,0.10,17.50
S131,1486914889,21.70,8.30,21.70,10.80,0.10,17.50
S131,1486915188,21.70,8.70,21.70,10.80,0.10,17.50
S131,1486915487,21.70,8.30,21.60,10.80,0.10,17.50
S131,1486915786,21.70,8.30,21.60,10.70,0.10,17.50
S131,1486916085,21.70,8.30,21.50,10.70,0.10,17.50
S131,1486916384,21.60,8.20,21.50,10.80,0.10,17.50
S131,1486916683,21.60,8.20,21.40,10.60,0.10,17.50
S131,1486916982,21.60,8.20,21.40,10.80,0.10,17.50
S131,1486917281,21.60,8.20,21.40,10.70,0.10,17.50
S131,1486917580,21.60,8.20,21.40,10.60,0.10,17.50
S131,1486917879,21.60,8.20,21.40,10.70,0.10,17.50
S131,1486918178,21.60,8.20,21.30,10.40,0.10,17.50
S131,1486918477,21.50,8.20,21.30,10.30,0.10,17.50
S131,1486918776,21.50,8.20,21.30,10.60,0.10,17.50
S131,1486919075,21.50,8.20,21.30,10.60,0.10,17.50
S131,1486919374,21.50,8.20,21.40,10.60,0.10,17.50
S131,1486919673,21.50,8.20,21.50,10.60,0.10,17.50
S131,1486919973,21.50,8.20,21.50,10.40,0.10,17.50
S131,1486920272,21.50,8.20,21.50,10.20,0.10,17.50
S131,1486921084,21.50,8.20,21.40,10.30,0.10,17.50
S131,1486921171,21.40,8.10,21.40,10.20,0.10,17.50
S131,1486921470,21.50,8.20,21.30,10.20,0.10,17.50
S131,1486921769,21.50,8.20,21.40,10.60,0.10,17.50
S131,1486922068,21.50,8.20,21.40,10.30,0.10,17.50
S131,1486922368,21.40,8.10,21.50,10.70,0.10,17.50
S131,1486922667,21.50,8.20,21.50,10.50,0.10,17.50
S131,1486922967,21.50,8.20,21.50,10.40,0.10,17.50
S131,1486923266,21.40,8.10,21.40,10.10,0.10,17.50
S131,1486923565,21.50,8.10,21.30,10.20,0.10,17.50
S131,1486923864,21.40,8.10,21.30,10.30,0.10,17.50
S131,1486924163,21.50,8.20,21.40,10.40,0.10,17.50
S131,1486924462,21.50,8.20,21.40,10.50,0.10,17.50
S131,1486924762,21.40,8.10,21.40,10.60,0.10,17.50
S131,1486925061,21.40,8.10,21.40,10.50,0.10,17.50
S131,1486925360,21.40,8.10,21.30,10.10,0.10,17.50
S131,1486925659,21.40,8.10,21.30,10.30,0.10,17.50
S131,1486925959,21.40,8.10,21.30,10.40,0.10,17.50
S131,1486926258,21.40,8.10,21.40,10.50,0.10,17.50
S131,1486926557,21.40,8.10,21.40,10.50,0.10,17.50
S131,1486926856,21.40,8.10,21.50,10.60,0.10,17.50
S131,1486927155,21.40,8.10,21.40,10.10,0.10,17.50
S131,1486927454,21.40,7.80,21.30,10.10,0.10,17.50
S131,1486927753,21.40,8.10,21.30,10.30,0.10,17.50
S131,1486928052,21.40,8.10,21.40,10.40,0.10,17.50
S131,1486928352,21.40,8.10,21.40,10.30,0.10,17.50
S131,1486928651,21.40,8.10,21.40,10.50,0.10,17.50
S131,1486928950,21.40,8.10,21.50,10.20,0.10,17.50
S131,1486929249,21.40,8.10,21.40,10.10,0.10,17.50
S131,1486929548,21.40,8.10,21.30,10.10,0.10,17.50
S131,1486929847,21.40,8.10,21.30,10.30,0.10,17.50
S131,1486930146,21.40,8.10,21.40,10.20,0.10,17.50
S131,1486930445,21.40,8.10,21.40,10.40,0.10,17.50
S131,1486930745,21.40,8.10,21.50,10.30,0.10,17.50
S131,1486931044,21.40,8.10,21.40,10.10,0.10,17.50
S131,1486931343,21.40,8.10,21.30,9.90,0.10,17.50
S131,1486931642,21.40,8.10,21.30,10.10,0.10,17.50
S131,1486931941,21.40,8.10,21.30,10.20,0.10,17.50
S131,1486932240,21.40,8.10,21.40,10.40,0.10,17.50
S131,1486932540,21.30,8.00,21.40,10.20,0.10,17.50
S131,1486932839,21.40,8.10,21.40,10.30,0.10,17.50
S131,1486933138,21.40,8.10,21.40,10.30,0.10,17.50
S131,1486933437,21.40,8.10,21.40,10.10,0.10,17.50
S131,1486933736,21.40,8.10,21.30,10.00,0.10,17.50
S131,1486934035,21.40,8.10,21.20,10.10,0.10,17.50
S131,1486934334,21.40,8.10,21.20,10.20,0.10,17.50
S131,1486934633,21.30,8.00,21.30,10.40,0.10,17.50
S131,1486934932,21.30,8.00,21.20,10.30,0.10,17.50
S131,1486935231,21.30,8.00,21.10,10.20,0.10,17.50
S131,1486935530,21.30,8.00,20.90,10.10,0.10,17.50
S131,1486935829,21.20,8.00,20.80,10.20,0.10,17.50
S131,1486936129,21.20,8.00,20.70,10.30,0.10,17.50
S131,1486936428,21.10,7.90,20.60,10.30,0.10,17.50
S131,1486936727,21.10,7.90,20.40,10.30,0.10,17.50
S131,1486937026,21.00,7.80,20.30,10.40,0.10,17.50
S131,1486937325,21.00,7.80,20.30,10.50,0.10,17.50
S131,1486937624,20.90,7.80,20.20,10.70,0.10,17.50
S131,1486937923,20.90,7.80,20.20,10.80,0.10,17.50
S131,1486938222,20.80,7.70,20.10,10.90,0.10,17.50
S131,1486938521,20.80,7.70,20.20,11.10,0.10,17.50
S131,1486938820,20.70,7.80,20.20,11.30,0.10,17.50
S131,1486939119,20.70,8.00,20.10,11.30,0.10,17.50
S131,1486939418,20.70,8.00,20.10,11.40,0.10,17.50
S131,1486939717,20.70,8.30,20.10,11.50,0.10,17.50
S131,1486940016,20.60,8.10,20.10,11.50,0.10,17.50
S131,1486940316,20.60,8.40,20.10,11.60,0.10,17.50
S131,1486940615,20.60,8.40,20.00,11.60,0.10,17.50
S131,1486940914,20.60,8.50,20.00,11.70,0.10,17.50
S131,1486941213,20.50,8.30,20.00,11.70,0.10,17.50
S131,1486941512,20.50,8.50,19.90,11.70,0.10,17.50
S131,1486941811,20.50,8.50,19.90,11.80,0.10,17.50
S131,1486942110,20.50,8.60,19.90,11.90,0.10,17.50
S131,1486942409,20.40,8.70,19.90,12.00,0.10,17.50
S131,1486942708,20.40,8.90,19.90,12.10,0.10,17.50
S131,1486943007,20.40,8.80,19.90,12.20,0.10,17.50
S131,1486943306,20.40,8.90,19.80,12.10,0.10,17.50
S131,1486943605,20.30,8.80,19.80,12.20,0.10,17.50
S131,1486943904,20.30,8.80,19.70,12.20,0.10,17.50
S131,1486944203,20.30,9.00,19.70,12.40,0.10,17.50
S131,1486944502,20.30,9.00,19.70,12.40,0.10,17.50
S131,1486944801,20.30,9.10,19.70,12.40,0.10,17.50
S131,1486945100,20.20,9.00,19.60,12.30,0.10,17.50
S131,1486945399,20.20,8.90,19.60,12.80,0.10,17.50
S131,1486945698,20.20,8.80,19.50,12.20,0.10,17.50
S131,1486945997,20.10,8.70,19.40,12.40,0.10,17.50
S131,1486946296,20.10,8.90,19.40,12.50,0.10,17.50
S131,1486946595,20.00,9.10,19.30,12.50,0.10,17.50
S131,1486946894,20.00,9.20,19.30,12.60,0.10,17.50
S131,1486947193,19.90,9.00,19.30,12.70,0.10,17.50
S131,1486947492,19.90,9.20,19.20,12.80,0.10,17.50
S131,1486947791,19.80,9.00,19.20,12.70,0.10,17.50
S131,1486948090,19.80,9.20,19.20,12.60,0.10,17.50
S131,1486948389,19.70,8.90,19.10,12.60,0.10,17.50
S131,1486948688,19.70,9.30,19.10,12.70,0.10,17.50
S131,1486948987,19.70,9.20,19.10,12.70,0.10,17.50
S131,1486949286,19.60,9.20,19.10,12.80,0.10,17.50
S131,1486949585,19.60,9.00,19.00,12.70,0.10,17.50
S131,1486949884,19.60,9.30,19.00,12.70,0.10,17.50
S131,1486950184,19.50,9.10,19.00,12.60,0.10,17.50
S131,1486950483,19.50,9.10,19.00,12.80,0.10,17.50
S131,1486950782,19.50,9.30,18.90,12.70,0.10,17.50
S131,1486951081,19.50,9.20,18.90,12.80,0.10,17.50
S131,1486951380,19.50,9.30,18.90,12.80,0.10,17.50
S131,1486951679,19.40,9.40,18.90,12.90,0.10,17.50
S131,1486951978,19.40,9.50,18.90,13.00,0.10,17.50
S131,1486952277,19.40,9.70,18.80,13.10,0.10,17.50
S131,1486952576,19.40,9.80,18.80,13.10,0.10,17.50
S131,1486952875,19.30,9.70,18.80,13.10,0.10,17.50
S131,1486953174,19.30,9.70,18.80,13.20,0.10,17.50
S131,1486953473,19.30,9.80,18.70,13.10,0.10,17.50
S131,1486953772,19.20,9.60,18.70,13.10,0.10,17.50
S131,1486954071,19.20,9.60,18.70,13.00,0.10,17.50
S131,1486954370,19.20,9.80,18.70,13.10,0.10,17.50
S131,1486954669,19.20,9.70,18.60,13.10,0.10,17.50
S131,1486954968,19.10,9.70,18.60,13.10,0.10,17.50
S131,1486955267,19.10,9.70,18.60,13.00,0.10,17.50
S131,1486955566,19.10,9.50,18.60,12.90,0.10,17.50
S131,1486955865,19.00,9.30,18.60,13.00,0.10,17.50
S131,1486956164,19.10,9.70,18.60,13.10,0.10,17.50
S131,1486956463,19.00,9.50,18.60,13.20,0.10,17.50
S131,1486956762,19.00,9.70,18.50,13.10,0.10,17.50
S131,1486957061,19.00,9.80,18.50,13.10,0.10,17.50
S131,1486957360,18.90,9.70,18.50,13.20,0.10,17.50
S131,1486957659,18.90,9.50,18.40,12.90,0.10,17.50
S131,1486957958,18.90,9.60,18.40,12.90,0.10,17.50
S131,1486958257,18.90,9.70,18.40,12.90,0.10,17.50
S131,1486958556,18.90,9.60,18.40,12.90,0.10,17.50
S131,1486958855,18.80,9.60,18.40,12.90,0.10,17.50
S131,1486959154,18.80,9.70,18.40,13.10,0.10,17.50
S131,1486959453,18.80,9.70,18.40,13.10,0.10,17.50
S131,1486959752,18.80,9.80,18.40,13.10,0.10,17.50
S131,1486960051,18.80,9.90,18.40,13.00,0.10,17.50
S131,1486960350,18.80,9.90,18.50,13.00,0.10,17.50
S131,1486960649,18.80,10.00,18.50,12.90,0.10,17.50
S131,1486960948,18.80,9.90,18.50,12.80,0.10,17.50
S131,1486961247,18.80,9.90,18.50,12.70,0.10,17.50
S131,1486961546,18.80,9.90,18.60,12.70,0.10,17.50
S131,1486961845,18.80,9.50,18.50,12.50,0.10,17.50
S131,1486962144,18.80,9.50,18.50,12.50,0.10,17.50
S131,1486962443,18.80,9.50,18.40,12.40,0.10,17.50
S131,1486962742,18.80,9.60,18.40,12.40,0.10,17.50
S131,1486963041,18.80,9.60,18.40,12.40,0.10,17.50
S131,1486963340,18.70,9.30,18.30,12.40,0.10,17.50
S131,1486963639,18.70,9.40,18.30,12.50,0.10,17.50
S131,1486963938,18.70,9.80,18.40,12.60,0.10,17.50
S131,1486964237,18.70,10.00,18.50,12.80,0.10,17.50
S131,1486964536,18.70,10.20,18.60,12.90,0.10,17.50
S131,1486964835,18.70,10.40,18.70,12.90,0.10,17.50
S131,1486965134,18.70,10.40,18.80,12.90,0.10,17.50
S131,1486965433,18.70,10.40,18.90,13.00,0.10,17.50
S131,1486965732,18.80,10.50,18.90,13.00,0.10,17.50
S131,1486966031,18.80,10.50,19.00,13.00,0.10,17.50
S131,1486966330,18.80,10.50,19.10,13.00,0.10,17.50
S131,1486966629,18.80,10.50,19.10,12.90,0.10,17.50
S131,1486966928,18.90,10.50,19.10,12.90,0.10,17.50
S131,1486967227,18.90,10.50,19.20,12.90,0.10,17.50
S131,1486967526,19.00,10.60,19.20,12.90,0.10,17.50
S131,1486967825,19.00,10.60,19.30,12.90,0.10,17.50
S131,1486968124,19.00,10.60,19.30,12.80,0.10,17.50
S131,1486968423,19.10,10.70,19.40,12.80,0.10,17.50
S131,1486968722,19.10,10.70,19.40,12.80,0.10,17.50
S131,1486969021,19.10,10.60,19.50,12.80,0.10,17.50
S131,1486969320,19.10,10.60,19.50,12.80,0.10,17.50
S131,1486969619,19.20,10.60,19.50,12.70,0.10,17.50
S131,1486969918,19.20,10.60,19.60,12.70,0.10,17.50
S131,1486970217,19.20,10.50,19.60,12.80,0.10,17.50
S131,1486970516,19.30,10.50,19.60,12.70,0.10,17.50
S131,1486970815,19.30,10.50,19.70,12.70,0.10,17.50
S131,1486971114,19.30,10.50,19.70,12.60,0.10,17.50
S131,1486971413,19.40,10.90,19.70,12.50,0.10,17.50
S131,1486971712,19.40,10.40,19.80,12.60,0.10,17.50
S131,1486972011,19.40,10.30,19.80,12.40,0.10,17.50
S131,1486972310,19.50,10.30,19.80,12.40,0.10,17.50
S131,1486972609,19.50,10.20,19.80,12.40,0.10,17.50
S131,1486972908,19.50,10.30,19.80,12.40,0.10,17.50
S131,1486973207,19.50,10.30,19.80,12.40,0.10,17.50
S131,1486973506,19.50,10.20,19.90,12.50,0.10,17.50
S131,1486973805,19.60,10.20,19.90,12.40,0.10,17.50
S131,1486974104,19.60,10.10,19.90,12.50,0.10,17.50
S131,1486974403,19.60,10.10,20.00,12.40,0.10,17.50
S131,1486974702,19.60,10.10,20.00,12.40,0.10,17.50
S131,1486975001,19.70,10.10,20.00,12.20,0.10,17.50
S131,1486975300,19.70,10.20,20.10,12.30,0.10,17.50
S131,1486975599,19.70,10.00,20.10,12.20,0.10,17.50
S131,1486975898,19.70,10.00,20.00,12.10,0.10,17.50
S131,1486976197,19.70,9.90,20.10,12.20,0.10,17.50
S131,1486976496,19.80,9.90,20.10,12.10,0.10,17.50
S131,1486976795,19.80,9.90,20.20,12.10,0.10,17.50
S131,1486977094,19.90,10.10,20.30,12.20,0.10,17.50
S131,1486977393,19.90,10.30,20.40,12.30,0.10,17.50
S131,1486977692,19.90,10.00,20.50,12.20,0.10,17.50
S131,1486977991,20.00,10.10,20.50,12.10,0.10,17.50
S131,1486978290,20.00,10.00,20.60,12.20,0.10,17.50
S131,1486978589,20.10,9.90,20.60,12.00,0.10,17.50
S131,1486978888,20.10,9.90,20.60,12.00,0.10,17.50
S131,1486979187,20.20,9.80,20.60,11.80,0.10,17.50
S131,1486979486,20.20,9.70,20.60,11.80,0.10,17.50
S131,1486979785,20.20,9.70,20.70,11.90,0.10,17.50
S131,1486980084,20.30,9.70,20.70,11.90,0.10,17.50
S131,1486980383,20.30,9.70,20.70,11.80,0.10,17.50
S131,1486980682,20.30,9.70,20.70,11.70,0.10,17.50
S131,1486980981,20.40,9.60,20.80,11.80,0.10,17.50
S131,1486981280,20.40,9.60,20.80,11.80,0.10,17.50
S131,1486981579,20.40,9.60,20.80,11.90,0.10,17.50
S131,1486981878,20.40,9.50,20.80,11.70,0.10,17.50
S131,1486982177,20.50,9.70,20.90,11.80,0.10,17.50
S131,1486982476,20.50,9.50,20.90,11.70,0.10,17.50
S131,1486982775,20.50,9.40,20.90,11.80,0.10,17.50
S131,1486983074,20.60,9.50,21.00,11.90,0.10,17.50
S131,1486983373,20.60,9.50,21.00,11.70,0.10,17.50
S131,1486983672,20.60,9.40,21.10,11.80,0.10,17.50
S131,1486983971,20.70,9.40,21.10,11.70,0.10,17.50
S131,1486984270,20.70,9.20,21.20,11.90,0.10,17.50
S131,1486984569,20.80,9.00,21.20,11.80,0.10,17.50
S131,1486984868,20.80,8.80,21.20,11.70,0.10,17.50
S131,1486985167,20.90,8.60,21.20,11.70,0.10,17.50
S131,1486985466,20.90,8.50,21.20,11.80,0.10,17.50
S131,1486985765,21.00,8.90,21.20,11.70,0.10,17.50
S131,1486986064,21.00,8.40,21.30,11.80,0.10,17.50
S131,1486986363,21.00,8.90,21.30,11.60,0.10,17.50
S131,1486986662,21.00,8.90,21.30,11.70,0.10,17.50
S131,1486986961,21.00,9.00,21.20,11.70,0.10,17.50
S131,1486987260,21.10,9.00,21.20,11.60,0.10,17.50
S131,1486987559,21.10,8.90,21.20,11.50,0.10,17.50
S131,1486987858,21.10,8.70,21.20,11.50,0.10,17.50
S131,1486988157,21.10,7.90,21.20,11.30,0.10,17.50
S131,1486988457,21.10,8.70,21.20,11.40,0.10,17.50
S131,1486988756,21.10,8.30,21.20,11.40,0.10,17.50
S131,1486989055,21.10,8.80,21.30,11.40,0.10,17.50
S131,1486989354,21.10,8.40,21.30,11.40,0.10,17.50
S131,1486989653,21.10,8.60,21.30,11.40,0.10,17.50
S131,1486989952,21.10,8.70,21.30,11.40,0.10,17.50
S131,1486990251,21.10,8.90,21.30,11.80,0.10,17.50
S131,1486990550,21.10,8.60,21.30,11.70,0.10,17.50
S131,1486990849,21.10,8.90,21.40,11.80,0.10,17.50
S131,1486991148,21.10,8.80,21.30,11.70,0.10,17.50
S131,1486991447,21.10,8.90,21.40,11.60,0.10,17.50
S131,1486991746,21.10,7.90,21.30,10.90,0.10,17.50
S131,1486992045,21.10,7.90,21.30,10.90,0.10,17.50
S131,1486992344,21.20,8.00,21.30,10.60,0.10,17.50
S131,1486992643,21.20,8.00,21.30,11.00,0.10,17.50
S131,1486992942,21.20,8.00,21.30,10.90,0.10,17.50
S131,1486993241,21.20,8.00,21.30,10.90,0.10,17.50
S131,1486993540,21.20,8.00,21.30,11.00,0.10,17.50
S131,1486993839,21.20,8.40,21.40,11.10,0.10,17.50
S131,1486994138,21.20,8.30,21.40,10.90,0.10,17.50
S131,1486994437,21.20,8.00,21.40,10.60,0.10,17.50
S131,1486994736,21.20,8.00,21.30,10.50,0.10,17.50
S131,1486995035,21.20,8.00,21.30,10.50,0.10,17.50
S131,1486995334,21.20,8.00,21.30,10.80,0.10,17.50
S131,1486995633,21.20,8.00,21.30,10.80,0.10,17.50
S131,1486995932,21.20,8.00,21.30,11.00,0.10,17.50
S131,1486996231,21.20,8.00,21.30,10.70,0.10,17.50
S131,1486996530,21.20,8.00,21.30,10.90,0.10,17.50
S131,1486996829,21.20,8.00,21.30,10.80,0.10,17.50
S131,1486997128,21.20,8.00,21.30,10.90,0.10,17.50
S131,1486997427,21.20,8.00,21.30,10.60,0.10,17.50
S131,1486997726,21.20,8.00,21.40,10.80,0.10,17.50
S131,1486998025,21.20,8.00,21.40,10.30,0.10,17.50
S131,1486998324,21.20,8.00,21.40,10.20,0.10,17.50
S131,1486998623,21.20,7.80,21.40,10.30,0.10,17.50
S131,1486998922,21.20,8.00,21.40,10.40,0.10,17.50
S131,1486999221,21.20,7.80,21.40,10.20,0.10,17.50
S131,1486999520,21.20,8.00,21.40,10.20,0.10,17.50
S131,1486999819,21.20,8.00,21.40,10.10,0.10,17.50
S131,1487000118,21.20,8.00,21.40,10.10,0.10,17.50
S131,1487000417,21.20,8.00,21.40,10.30,0.10,17.50
S131,1487000716,21.30,7.70,21.40,10.20,0.10,17.50
S131,1487001015,21.20,7.10,21.40,10.00,0.10,17.50
S131,1487001314,21.20,7.30,21.40,10.00,0.10,17.50
S131,1487001613,21.20,7.40,21.40,10.00,0.10,17.50
S131,1487001912,21.20,7.80,21.30,10.00,0.10,17.50
S131,1487002211,21.30,7.90,21.40,10.00,0.10,17.50
S131,1487002510,21.20,8.00,21.40,10.20,0.10,17.50
S131,1487002809,21.20,8.00,21.40,10.10,0.10,17.50
S131,1487003108,21.30,7.70,21.40,10.10,0.10,17.50
S131,1487003407,21.20,7.10,21.40,10.50,0.10,17.50
S131,1487003706,21.20,7.00,21.30,10.10,0.10,17.50
S131,1487004005,21.20,7.00,21.30,10.10,0.10,17.50
S131,1487004304,21.20,7.10,21.30,10.10,0.10,17.50
S131,1487004603,21.20,7.30,21.40,10.30,0.10,17.50
S131,1487004902,21.20,7.90,21.40,10.30,0.10,17.50
S131,1487005201,21.20,7.90,21.40,10.30,0.10,17.50
S131,1487005500,21.20,7.90,21.40,10.20,0.10,17.50
S131,1487005799,21.20,7.60,21.40,10.40,0.10,17.50
S131,1487006098,21.20,7.60,21.40,10.10,0.10,17.50
S131,1487006397,21.30,7.20,21.40,10.20,0.10,17.50
S131,1487006696,21.20,7.50,21.40,10.40,0.10,17.50
S131,1487006995,21.20,7.70,21.40,10.80,0.10,17.50
S131,1487007294,21.20,7.60,21.40,10.10,0.10,17.50
S131,1487007593,21.30,7.80,21.40,10.20,0.10,17.50
S131,1487007892,21.30,7.50,21.40,10.40,0.10,17.50
S131,1487008191,21.30,7.40,21.40,10.50,0.10,17.50
S131,1487008490,21.30,7.30,21.40,10.30,0.10,17.50
S131,1487008789,21.30,7.40,21.40,10.60,0.10,17.50
S131,1487009088,21.20,7.40,21.30,10.40,0.10,17.50
S131,1487009387,21.30,7.70,21.40,10.40,0.10,17.50
S131,1487009686,21.30,7.60,21.40,10.50,0.10,17.50
S131,1487009985,21.20,7.40,21.30,10.10,0.10,17.50
S131,1487010284,21.30,7.70,21.30,10.20,0.10,17.50
S131,1487010583,21.30,7.50,21.30,10.50,0.10,17.50
S131,1487010882,21.20,7.90,21.40,10.50,0.10,17.50
S131,1487011181,21.20,8.00,21.40,10.30,0.10,17.50
S131,1487011480,21.20,7.60,21.40,10.20,0.10,17.50
S131,1487011779,21.20,7.20,21.30,10.00,0.10,17.50
S131,1487012078,21.20,7.10,21.30,10.10,0.10,17.50
S131,1487012377,21.20,7.50,21.30,10.30,0.10,17.50
S131,1487012676,21.20,7.70,21.30,10.20,0.10,17.50
S131,1487012975,21.20,7.90,21.40,10.50,0.10,17.50
S131,1487013274,21.20,7.30,21.40,10.10,0.10,17.50
S131,1487013573,21.20,7.00,21.30,10.20,0.10,17.50
S131,1487013872,21.20,7.10,21.20,10.00,0.10,17.50
S131,1487014171,21.20,7.10,21.30,10.40,0.10,17.50
S131,1487014470,21.20,7.80,21.30,10.50,0.10,17.50
S131,1487014769,21.20,8.00,21.40,10.20,0.10,17.50
S131,1487015068,21.20,8.00,21.40,10.30,0.10,17.50
S131,1487015367,21.20,7.40,21.40,10.00,0.10,17.50
S131,1487015666,21.20,7.40,21.40,9.70,0.10,17.50
S131,1487015965,21.20,7.10,21.40,9.80,0.10,17.50
S131,1487016264,21.20,7.40,21.40,9.90,0.10,17.50
S131,1487016563,21.20,7.50,21.40,10.00,0.10,17.50
S131,1487016862,21.20,7.80,21.40,10.00,0.10,17.50
S131,1487017161,21.20,7.40,21.50,10.20,0.10,17.50
S131,1487017460,21.30,7.10,21.50,9.60,0.10,17.50
S131,1487017759,21.30,7.20,21.50,9.60,0.10,17.50
S131,1487018058,21.30,7.10,21.50,9.80,0.10,17.50
S131,1487018357,21.30,7.40,21.50,9.90,0.10,17.50
S131,1487018656,21.30,7.60,21.50,10.00,0.10,17.50
S131,1487018955,21.30,7.60,21.50,10.10,0.10,17.50
S131,1487019254,21.30,7.30,21.50,9.90,0.10,17.50
S131,1487019553,21.30,7.10,21.40,9.60,0.10,17.50
S131,1487019852,21.30,7.10,21.30,9.70,0.10,17.50
S131,1487020151,21.30,7.00,21.40,9.90,0.10,17.50
S131,1487020450,21.30,7.20,21.40,10.10,0.10,17.50
S131,1487020749,21.30,7.30,21.40,9.80,0.10,17.50
S131,1487021048,21.30,7.30,21.40,9.80,0.10,17.50
S131,1487021347,21.30,6.80,21.30,9.50,0.10,17.50
S131,1487021646,21.30,6.60,21.10,9.40,0.10,17.50
S131,1487021945,21.20,6.40,21.00,9.30,0.10,17.50
S131,1487022244,21.20,6.50,20.80,9.40,0.10,17.50
S131,1487022543,21.20,6.40,20.70,9.40,0.10,17.50
S131,1487022842,21.10,6.50,20.60,9.50,0.10,17.50
S131,1487023141,21.00,6.50,20.40,9.50,0.10,17.50
S131,1487023440,21.00,6.60,20.30,9.60,0.10,17.50
S131,1487023739,20.90,6.70,20.20,9.60,0.10,17.50
S131,1487024038,20.80,6.60,20.10,9.70,0.10,17.50
S131,1487024337,20.80,6.60,19.90,9.60,0.10,17.50
S131,1487024636,20.70,6.50,19.80,9.70,0.10,17.50
S131,1487024935,20.70,6.60,19.80,9.80,0.10,17.50
S131,1487025234,20.60,6.50,19.70,9.80,0.10,17.50
S131,1487025533,20.50,6.60,19.60,10.00,0.10,17.50
S131,1487025832,20.40,7.00,19.60,10.10,0.10,17.50
S131,1487026131,20.40,7.20,19.60,10.30,0.10,17.50
S131,1487026430,20.40,7.40,19.50,10.30,0.10,17.50
S131,1487026730,20.30,7.40,19.50,10.50,0.10,17.50
S131,1487027029,20.30,7.40,19.50,10.60,0.10,17.50
S131,1487027328,20.20,7.30,19.40,10.60,0.10,17.50
S131,1487027627,20.10,7.20,19.40,10.70,0.10,17.50
S131,1487027926,20.10,7.20,19.30,10.70,0.10,17.50
S131,1487028225,20.00,7.20,19.30,10.80,0.10,17.50
S131,1487028524,20.00,7.20,19.20,10.90,0.10,17.50
S131,1487028823,20.00,7.20,19.20,10.90,0.10,17.50
S131,1487029122,19.90,7.40,19.20,11.00,0.10,17.50
S131,1487029421,19.90,7.40,19.10,11.00,0.10,17.50
S131,1487029720,19.80,7.50,19.10,11.10,0.10,17.50
S131,1487030019,19.80,7.50,19.00,11.10,0.10,17.50
S131,1487030318,19.70,7.40,19.10,11.20,0.10,17.50
S131,1487030617,19.70,7.80,19.10,11.20,0.10,17.50
S131,1487030916,19.70,7.80,19.00,11.20,0.10,17.50
S131,1487031215,19.60,7.70,19.00,11.30,0.10,17.50
S131,1487031514,19.60,7.80,19.00,11.30,0.10,17.50
S131,1487031813,19.60,7.80,19.10,11.30,0.10,17.50
S131,1487032112,19.60,8.00,19.10,11.30,0.10,17.50
S131,1487032411,19.60,7.80,19.00,11.20,0.10,17.50
S131,1487032710,19.60,7.90,19.00,11.20,0.10,17.50
S131,1487033009,19.50,7.80,19.00,11.30,0.10,17.50
S131,1487033308,19.50,7.80,19.00,11.30,0.10,17.50
S131,1487033607,19.50,7.70,19.00,11.30,0.10,17.50
S131,1487033906,19.50,7.70,18.90,11.30,0.10,17.50
S131,1487034205,19.50,7.80,18.80,11.30,0.10,17.50
S131,1487034504,19.40,7.80,18.80,11.30,0.10,17.50
S131,1487034803,19.40,7.80,18.70,11.40,0.10,17.50
S131,1487035102,19.30,7.90,18.70,11.50,0.10,17.50
S131,1487035401,19.30,7.80,18.60,11.60,0.10,17.50
S131,1487035700,19.30,8.10,18.60,11.60,0.10,17.50
S131,1487035999,19.20,8.00,18.60,11.60,0.10,17.50
S131,1487036298,19.20,8.00,18.60,11.60,0.10,17.50
S131,1487036597,19.10,7.90,18.60,11.60,0.10,17.50
S131,1487036896,19.10,8.00,18.60,11.60,0.10,17.50
S131,1487037195,19.10,8.00,18.50,11.50,0.10,17.50
S131,1487037494,19.00,8.10,18.50,11.50,0.10,17.50
S131,1487037793,19.00,8.20,18.50,11.50,0.10,17.50
S131,1487038092,19.00,8.10,18.50,11.50,0.10,17.50
S131,1487038391,18.90,8.20,18.50,11.50,0.10,17.50
S131,1487038690,18.90,8.20,18.40,11.50,0.10,17.50
S131,1487038989,18.90,8.40,18.40,11.50,0.10,17.50
S131,1487039288,18.90,8.40,18.40,11.50,0.10,17.50
S131,1487039587,18.80,8.30,18.40,11.70,0.10,17.50
S131,1487039886,18.80,8.30,18.40,11.70,0.10,17.50
S131,1487040185,18.80,8.40,18.40,11.80,0.10,17.50
S131,1487040484,18.80,8.40,18.30,11.80,0.10,17.50
S131,1487040783,18.70,8.40,18.30,11.80,0.10,17.50
S131,1487041082,18.70,8.40,18.30,11.80,0.10,17.50
S131,1487041381,18.70,8.40,18.30,11.80,0.10,17.50
S131,1487041680,18.70,8.60,18.30,11.90,0.10,17.50
S131,1487041979,18.70,8.60,18.20,11.90,0.10,17.50
S131,1487042278,18.60,8.60,18.20,11.90,0.10,17.50
S131,1487042577,18.60,8.50,18.20,12.00,0.10,17.50
S131,1487042876,18.60,8.60,18.20,12.00,0.10,17.50
S131,1487043175,18.60,8.70,18.20,12.10,0.10,17.50
S131,1487043474,18.60,8.70,18.20,12.10,0.10,17.50
S131,1487043773,18.50,8.80,18.10,12.10,0.10,17.50
S131,1487044072,18.50,8.80,18.10,12.10,0.10,17.50
S131,1487044371,18.50,8.80,18.10,12.10,0.10,17.50
S131,1487044670,18.50,8.80,18.10,12.10,0.10,17.50
S131,1487044969,18.50,8.80,18.10,12.20,0.10,17.50
S131,1487045268,18.40,8.80,18.10,12.20,0.10,17.50
S131,1487045567,18.40,8.90,18.10,12.20,0.10,17.50
S131,1487045866,18.40,8.80,18.10,12.30,0.10,17.50
S131,1487046165,18.40,8.90,18.10,12.30,0.10,17.50
S131,1487046464,18.40,9.00,18.00,12.30,0.10,17.50
S131,1487046763,18.40,9.00,18.00,12.40,0.10,17.50
S131,1487047062,18.30,9.00,18.00,12.40,0.10,17.50
S131,1487047361,18.30,9.20,18.00,12.40,0.10,17.50
S131,1487047660,18.30,9.20,18.00,12.40,0.10,17.50
S131,1487047959,18.30,9.10,18.00,12.40,0.10,17.50
S131,1487048258,18.30,9.10,18.00,12.40,0.10,17.50
S131,1487048557,18.20,9.10,18.00,12.40,0.10,17.50
S131,1487048856,18.20,9.00,17.90,12.40,0.10,17.50
S131,1487049155,18.20,9.00,17.90,12.40,0.10,17.50
S131,1487049454,18.20,9.00,17.90,12.40,0.10,17.50
S131,1487049753,18.20,9.10,17.90,12.40,0.10,17.50
S131,1487050052,18.20,9.40,18.00,12.50,0.10,17.50
S131,1487050351,18.20,9.60,18.10,12.60,0.10,17.50
S131,1487050650,18.20,9.70,18.10,12.50,0.10,17.50
S131,1487050949,18.20,9.70,18.30,12.70,0.10,17.50
S131,1487051248,18.20,9.80,18.30,12.60,0.10,17.50
S131,1487051547,18.30,9.90,18.40,12.70,0.10,17.50
S131,1487051847,18.30,10.00,18.50,12.70,0.10,17.50
S131,1487052146,18.30,10.00,18.60,12.80,0.10,17.50
S131,1487052445,18.40,10.00,18.60,12.70,0.10,17.50
S131,1487052744,18.40,10.00,18.70,13.20,0.10,17.50
S131,1487053043,18.50,10.10,18.70,12.70,0.10,17.50
S131,1487053342,18.50,10.00,18.80,12.70,0.10,17.50
S131,1487053641,18.50,10.10,18.80,12.70,0.10,17.50
S131,1487053940,18.60,10.10,18.90,12.80,0.10,17.50
S131,1487054239,18.60,10.00,18.90,12.80,0.10,17.50
S131,1487054538,18.60,10.00,19.00,12.80,0.10,17.50
S131,1487054837,18.70,10.10,19.00,12.80,0.10,17.50
S131,1487055136,18.70,10.10,19.10,12.80,0.10,17.50
S131,1487055435,18.70,10.00,19.10,12.80,0.10,17.50
S131,1487055734,18.80,10.10,19.10,12.70,0.10,17.50
S131,1487056033,18.80,10.10,19.20,12.80,0.10,17.50
S131,1487056332,18.80,10.10,19.20,12.80,0.10,17.50
S131,1487056631,18.90,10.10,19.20,12.70,0.10,17.50
S131,1487056930,18.90,10.10,19.30,12.70,0.10,17.50
S131,1487057229,18.90,10.00,19.30,12.70,0.10,17.50
S131,1487057528,19.00,10.10,19.30,12.70,0.10,17.50
S131,1487057827,19.00,10.10,19.40,12.80,0.10,17.50
S131,1487058126,19.00,10.10,19.40,12.80,0.10,17.50
S131,1487058425,19.10,10.10,19.40,12.80,0.10,17.50
S131,1487058724,19.10,10.10,19.50,12.80,0.10,17.50
S131,1487059023,19.10,10.10,19.50,12.80,0.10,17.50
S131,1487059322,19.20,10.20,19.50,12.70,0.10,17.50
S131,1487059621,19.20,10.20,19.60,12.70,0.10,17.50
S131,1487059920,19.30,10.20,19.60,12.80,0.10,17.50
S131,1487060219,19.30,10.20,19.70,12.80,0.10,17.50
S131,1487060518,19.30,10.20,19.70,12.80,0.10,17.50
S131,1487060817,19.30,10.10,19.70,12.90,0.10,17.50
S131,1487061116,19.30,10.10,19.80,12.90,0.10,17.50
S131,1487061415,19.40,10.20,19.80,12.80,0.10,17.50
S131,1487061714,19.40,10.10,19.80,12.80,0.10,17.50
S131,1487062013,19.40,10.10,19.90,12.90,0.10,17.50
S131,1487062312,19.50,10.20,19.90,12.90,0.10,17.50
S131,1487062611,19.50,10.10,19.90,12.80,0.10,17.50
S131,1487062910,19.50,10.10,20.00,12.90,0.10,17.50
S131,1487063209,19.60,10.20,20.10,13.00,0.10,17.50
S131,1487063508,19.60,10.10,20.20,13.00,0.10,17.50
S131,1487063807,19.70,10.10,20.20,12.80,0.10,17.50
S131,1487064106,19.70,10.20,20.30,12.80,0.10,17.50
S131,1487064405,19.80,10.20,20.30,12.80,0.10,17.50
S131,1487064704,19.80,10.10,20.40,12.80,0.10,17.50
S131,1487065004,19.90,10.10,20.40,12.80,0.10,17.50
S131,1487065303,19.90,10.00,20.50,12.80,0.10,17.50
S131,1487065602,20.00,10.00,20.50,12.80,0.10,17.50
S131,1487065901,20.00,9.90,20.60,12.50,0.10,17.50
S131,1487066200,20.10,9.90,20.60,12.60,0.10,17.50
S131,1487066499,20.10,9.80,20.50,12.30,0.10,17.50
S131,1487066798,20.10,9.60,20.50,12.20,0.10,17.50
S131,1487067097,20.10,9.70,20.50,12.10,0.10,17.50
S131,1487067396,20.20,9.70,20.60,12.10,0.10,17.50
S131,1487067695,20.20,9.60,20.60,12.30,0.10,17.50
S131,1487067994,20.20,9.50,20.70,12.10,0.10,17.50
S131,1487068293,20.30,9.50,20.70,11.90,0.10,17.50
S131,1487068592,20.30,9.40,20.80,12.00,0.10,17.50
S131,1487068891,20.30,9.30,20.80,11.80,0.10,17.50
S131,1487069190,20.40,9.30,20.80,11.80,0.10,17.50
S131,1487069489,20.40,9.30,20.90,11.80,0.10,17.50
S131,1487069788,20.40,9.20,20.80,11.60,0.10,17.50
S131,1487070087,20.40,9.20,20.80,11.80,0.10,17.50
S131,1487070386,20.40,9.20,20.80,11.90,0.10,17.50
S131,1487070685,20.50,9.20,20.80,11.80,0.10,17.50
S131,1487070984,20.50,9.20,20.80,11.70,0.10,17.50
S131,1487071283,20.50,9.20,20.70,11.40,0.10,17.50
S131,1487071582,20.50,9.20,20.70,11.70,0.10,17.50
S131,1487071881,20.50,9.00,20.70,11.50,0.10,17.50
S131,1487072180,20.50,9.10,20.70,11.50,0.10,17.50
S131,1487072479,20.50,8.90,20.70,11.60,0.10,17.50
S131,1487072778,20.50,8.90,20.70,11.50,0.10,17.50
S131,1487073077,20.50,8.90,20.70,11.50,0.10,17.50
S131,1487073376,20.50,8.90,20.70,11.40,0.10,17.50
S131,1487074188,20.50,8.90,20.70,11.30,0.10,17.50
S131,1487074275,20.50,8.90,20.70,11.20,0.10,17.50
S131,1487074574,20.50,8.80,20.70,11.20,0.10,17.50
S131,1487074873,20.60,8.90,20.70,11.30,0.10,17.50
S131,1487075172,20.60,8.80,20.70,11.10,0.10,17.50
S131,1487075471,20.60,8.80,20.70,11.10,0.10,17.50
S131,1487075770,20.60,8.70,20.70,10.90,0.10,17.50
S131,1487076069,20.60,8.60,20.70,10.80,0.10,17.50
S131,1487076368,20.60,8.60,20.70,10.80,0.10,17.50
S131,1487076667,20.60,8.50,20.70,11.50,0.10,17.50
S131,1487076966,20.60,8.60,20.70,10.70,0.10,17.50
S131,1487077265,20.60,8.40,20.70,10.90,0.10,17.50
S131,1487077564,20.60,8.40,20.70,10.80,0.10,17.50
S131,1487077863,20.60,8.00,20.80,10.90,0.10,17.50
S131,1487078162,20.60,8.40,20.80,11.00,0.10,17.50
S131,1487078461,20.60,8.50,20.90,11.10,0.10,17.50
S131,1487078760,20.60,8.50,21.00,11.00,0.10,17.50
S131,1487079059,20.70,8.70,21.00,11.10,0.10,17.50
S131,1487079358,20.60,8.40,21.00,10.70,0.10,17.50
S131,1487079657,20.70,8.60,21.10,11.10,0.10,17.50
S131,1487079956,20.80,8.60,21.10,11.10,0.10,17.50
S131,1487080255,20.80,8.60,21.10,11.00,0.10,17.50
S131,1487080554,20.80,8.70,21.20,11.00,0.10,17.50
S131,1487080853,20.80,8.60,21.20,11.00,0.10,17.50
S131,1487081152,20.90,8.40,21.20,11.00,0.10,17.50
S131,1487081451,20.90,7.80,21.20,10.50,0.10,17.50
S131,1487081750,20.90,7.80,21.20,10.40,0.10,17.50
S131,1487082049,20.90,7.80,21.20,10.20,0.10,17.50
S131,1487082348,20.90,7.80,21.20,10.20,0.10,17.50
S131,1487082647,21.00,7.80,21.20,10.30,0.10,17.50
S131,1487082946,21.00,7.80,21.20,10.40,0.10,17.50
S131,1487083245,21.00,7.80,21.20,10.40,0.10,17.50
S131,1487083544,21.00,7.80,21.30,10.60,0.10,17.50
S131,1487083843,21.00,7.80,21.30,10.30,0.10,17.50
S131,1487084142,21.00,7.80,21.30,10.60,0.10,17.50
S131,1487084441,21.00,7.80,21.30,10.50,0.10,17.50
S131,1487084740,21.00,7.80,21.30,10.30,0.10,17.50
S131,1487085039,21.10,7.90,21.30,10.20,0.10,17.50
S131,1487085338,21.00,7.50,21.30,10.10,0.10,17.50
S131,1487085637,21.00,7.80,21.30,10.00,0.10,17.50
S131,1487085936,21.00,7.80,21.30,10.20,0.10,17.50
S131,1487086235,21.00,7.80,21.30,10.10,0.10,17.50
S131,1487086534,21.00,7.80,21.30,10.30,0.10,17.50
S131,1487086833,21.10,7.90,21.40,10.50,0.10,17.50
S131,1487087132,21.10,7.90,21.40,10.30,0.10,17.50
S131,1487087431,21.10,7.90,21.40,10.00,0.10,17.50
S131,1487087730,21.20,7.70,21.30,9.80,0.10,17.50
S131,1487088029,21.10,7.30,21.30,9.70,0.10,17.50
S131,1487088328,21.10,7.30,21.20,9.70,0.10,17.50
S131,1487088627,21.10,7.00,21.10,10.50,0.10,17.50
S131,1487088926,21.10,7.50,21.20,9.80,0.10,17.50
S131,1487089225,21.10,7.80,21.20,9.80,0.10,17.50
S131,1487089524,21.10,7.30,21.30,9.90,0.10,17.50
S131,1487089823,21.10,7.30,21.30,10.00,0.10,17.50
S131,1487090122,21.10,7.10,21.30,9.90,0.10,17.50
S131,1487090421,21.10,7.30,21.30,10.00,0.10,17.50
S131,1487090720,21.10,7.10,21.20,10.00,0.10,17.50
S131,1487091019,21.10,7.40,21.30,10.20,0.10,17.50
S131,1487091318,21.10,7.90,21.30,10.10,0.10,17.50
S131,1487091617,21.10,7.40,21.30,10.10,0.10,17.50
S131,1487091916,21.10,7.70,21.30,9.80,0.10,17.50
S131,1487092215,21.10,7.20,21.30,9.60,0.10,17.50
S131,1487092514,21.10,7.00,21.20,9.80,0.10,17.50
S131,1487092813,21.10,6.90,21.20,9.70,0.10,17.50
S131,1487093112,21.10,7.20,21.30,9.60,0.10,17.50
S131,1487093411,21.10,7.10,21.30,9.80,0.10,17.50
S131,1487093710,21.10,6.90,21.30,9.70,0.10,17.50
S131,1487094009,21.10,6.90,21.20,9.40,0.10,17.50
S131,1487094308,21.10,6.80,21.10,9.40,0.10,17.50
S131,1487094607,21.10,6.70,21.10,9.60,0.10,17.50
S131,1487094906,21.10,6.80,21.10,9.60,0.10,17.50
S131,1487095205,21.10,6.90,21.20,9.40,0.10,17.50
S131,1487095504,21.10,6.80,21.20,9.40,0.10,17.50
S131,1487095803,21.10,6.70,21.20,9.40,0.10,17.50
S131,1487096102,21.10,7.10,21.20,9.40,0.10,17.50
S131,1487096401,21.10,7.40,21.20,9.50,0.10,17.50
S131,1487096700,21.10,7.40,21.20,9.70,0.10,17.50
S131,1487096999,21.10,7.60,21.20,9.80,0.10,17.50
S131,1487097298,21.10,7.60,21.20,9.60,0.10,17.50
S131,1487097597,21.10,7.30,21.20,9.40,0.10,17.50
S131,1487097896,21.10,7.10,21.30,9.50,0.10,17.50
S131,1487098195,21.10,7.30,21.30,9.70,0.10,17.50
S131,1487098494,21.10,7.20,21.30,9.50,0.10,17.50
S131,1487098793,21.10,7.00,21.20,9.20,0.10,17.50
S131,1487099092,21.10,6.50,21.20,8.90,0.10,17.50
S131,1487099391,21.10,6.80,21.20,9.20,0.10,17.50
S131,1487099690,21.10,6.70,21.20,9.40,0.10,17.50
S131,1487099989,21.10,6.50,21.20,9.30,0.10,17.50
S131,1487100288,21.10,6.70,21.30,9.50,0.10,17.50
S131,1487100587,21.10,6.80,21.30,9.50,0.10,17.50
S131,1487100886,21.10,6.80,21.30,9.50,0.10,17.50
S131,1487101185,21.10,6.50,21.20,8.90,0.10,17.50
S131,1487101484,21.10,6.70,21.20,8.80,0.10,17.50
S131,1487101783,21.10,6.70,21.20,9.00,0.10,17.50
S131,1487102082,21.10,6.80,21.10,9.00,0.10,17.50
S131,1487102381,21.10,6.90,21.10,9.10,0.10,17.50
S131,1487102680,21.10,6.80,21.10,9.10,0.10,17.50
S131,1487102979,21.10,6.70,21.10,9.10,0.10,17.50
S131,1487103279,21.10,6.80,21.00,9.00,0.10,17.50
S131,1487103578,21.00,6.60,21.00,9.10,0.10,17.50
S131,1487103877,21.00,6.80,20.90,9.10,0.10,17.50
S131,1487104176,21.00,6.60,20.90,9.10,0.10,17.50
S131,1487104475,21.00,6.80,20.90,9.10,0.10,17.50
S131,1487104774,21.00,6.80,20.80,9.20,0.10,17.50
S131,1487105073,20.90,6.70,20.80,9.20,0.10,17.50
S131,1487105372,20.90,6.70,20.70,9.10,0.10,17.50
S131,1487105671,20.90,6.70,20.70,9.10,0.10,17.50
S131,1487105970,20.90,6.80,20.60,9.50,0.10,17.50
S131,1487106269,20.80,6.70,20.70,9.10,0.10,17.50
S131,1487106568,20.80,6.70,20.70,9.10,0.10,17.50
S131,1487106867,20.80,6.70,20.60,9.00,0.10,17.50
S131,1487107166,20.70,7.10,20.60,9.00,0.10,17.50
S131,1487107465,20.70,6.80,20.60,9.00,0.10,17.50
S131,1487107764,20.70,6.70,20.60,9.00,0.10,17.50
S131,1487108063,20.70,6.60,20.40,8.90,0.10,17.50
S131,1487108362,20.60,6.20,20.20,8.80,0.10,17.50
S131,1487108661,20.60,6.20,20.00,8.60,0.10,17.50
S131,1487108960,20.60,5.90,19.90,8.70,0.10,17.50
S131,1487109259,20.50,6.00,19.80,8.70,0.10,17.50
S131,1487109558,20.40,5.90,19.80,8.80,0.10,17.50
S131,1487109857,20.40,5.80,19.70,8.80,0.10,17.50
S131,1487110156,20.30,5.80,19.60,8.80,0.10,17.50
S131,1487110455,20.30,5.90,19.50,8.80,0.10,17.50
S131,1487110754,20.20,5.90,19.50,8.90,0.10,17.50
S131,1487111053,20.20,5.80,19.40,8.90,0.10,17.50
S131,1487111352,20.10,6.00,19.30,8.90,0.10,17.50
S131,1487111651,20.10,6.00,19.30,9.00,0.10,17.50
S131,1487111950,20.00,6.00,19.30,9.00,0.10,17.50
S131,1487112249,20.00,6.20,19.20,9.00,0.10,17.50
S131,1487112548,19.90,5.90,19.20,9.10,0.10,17.50
S131,1487112847,19.90,6.00,19.10,9.10,0.10,17.50
S131,1487113146,19.80,6.00,19.10,9.10,0.10,17.50
S131,1487113445,19.80,6.00,19.00,9.10,0.10,17.50
S131,1487113744,19.70,6.20,19.00,9.40,0.10,17.50
S131,1487114043,19.70,6.40,19.10,9.50,0.10,17.50
S131,1487114342,19.70,6.40,19.10,9.40,0.10,17.50
S131,1487114641,19.60,6.40,19.20,9.40,0.10,17.50
S131,1487114940,19.60,6.40,19.10,9.30,0.10,17.50
S131,1487115239,19.60,6.50,19.10,9.20,0.10,17.50
S131,1487115538,19.60,6.30,19.10,9.20,0.10,17.50
S131,1487115837,19.60,6.50,19.10,9.20,0.10,17.50
S131,1487116136,19.60,6.30,19.10,9.40,0.10,17.50
S131,1487116435,19.50,6.80,19.10,10.50,0.10,17.50
S131,1487116734,19.50,6.80,19.10,10.20,0.10,17.50
S131,1487117033,19.50,6.80,19.10,9.90,0.10,17.50
S131,1487117332,19.50,6.80,19.00,9.50,0.10,17.50
S131,1487117631,19.50,6.80,19.00,9.30,0.10,17.50
S131,1487117930,19.40,6.50,19.00,9.20,0.10,17.50
S131,1487118229,19.50,6.80,19.00,9.00,0.10,17.50
S131,1487118528,19.40,6.40,18.90,8.70,0.10,17.50
S131,1487118827,19.40,5.90,18.90,8.70,0.10,17.50
S131,1487119126,19.40,5.70,18.90,8.70,0.10,17.50
S131,1487119425,19.30,5.80,18.80,8.60,0.10,17.50
S131,1487119724,19.30,5.50,18.70,8.50,0.10,17.50
S131,1487120023,19.30,5.70,18.70,8.50,0.10,17.50
S131,1487120322,19.20,5.80,18.60,8.40,0.10,17.50
S131,1487120621,19.20,5.60,18.60,8.40,0.10,17.50
S131,1487120920,19.10,5.30,18.50,8.40,0.10,17.50
S131,1487121219,19.10,5.50,18.50,8.30,0.10,17.50
S131,1487121518,19.10,5.50,18.50,8.40,0.10,17.50
S131,1487121817,19.00,5.60,18.40,8.40,0.10,17.50
S131,1487122116,19.00,5.70,18.40,8.40,0.10,17.50
S131,1487122415,18.90,5.60,18.40,8.50,0.10,17.50
S131,1487122714,18.90,5.80,18.30,8.30,0.10,17.50
S131,1487123013,18.90,5.70,18.30,8.40,0.10,17.50
S131,1487123312,18.80,5.70,18.30,8.50,0.10,17.50
S131,1487123611,18.80,5.70,18.20,8.50,0.10,17.50
S131,1487123910,18.80,5.70,18.20,8.50,0.10,17.50
S131,1487124209,18.70,5.70,18.20,8.50,0.10,17.50
S131,1487124508,18.70,5.90,18.10,8.60,0.10,17.50
S131,1487124807,18.70,5.80,18.10,8.60,0.10,17.50
S131,1487125106,18.60,5.90,18.10,8.70,0.10,17.50
S131,1487125405,18.60,6.00,18.10,8.80,0.10,17.50
S131,1487125704,18.60,6.20,18.10,8.80,0.10,17.50
S131,1487126003,18.60,6.10,18.10,8.80,0.10,17.50
S131,1487126302,18.50,6.20,18.10,8.90,0.10,17.50
S131,1487126601,18.50,6.20,18.00,8.80,0.10,17.50
S131,1487126900,18.50,6.20,18.00,8.80,0.10,17.50
S131,1487127199,18.40,6.10,18.00,8.80,0.10,17.50
S131,1487127498,18.40,6.10,18.00,8.70,0.10,17.50
S131,1487127797,18.40,6.10,18.00,8.80,0.10,17.50
S131,1487128096,18.40,6.10,18.00,8.70,0.10,17.50
S131,1487128395,18.40,6.10,17.90,8.70,0.10,17.50
S131,1487128694,18.30,6.00,17.90,8.60,0.10,17.50
S131,1487128993,18.30,6.00,17.90,8.70,0.10,17.50
S131,1487129292,18.30,5.90,17.90,8.60,0.10,17.50
S131,1487129591,18.20,5.90,17.90,8.70,0.10,17.50
S131,1487129890,18.20,5.90,17.80,8.60,0.10,17.50
S131,1487130189,18.20,5.90,17.80,8.70,0.10,17.50
S131,1487130488,18.20,5.90,17.80,8.70,0.10,17.50
S131,1487130787,18.20,5.90,17.80,8.70,0.10,17.50
S131,1487131086,18.20,5.90,17.70,8.60,0.10,17.50
S131,1487131385,18.10,5.90,17.70,8.70,0.10,17.50
S131,1487131684,18.10,5.90,17.70,8.80,0.10,17.50
S131,1487131983,18.10,5.90,17.70,8.80,0.10,17.50
S131,1487132282,18.10,5.90,17.70,8.90,0.10,17.50
S131,1487132581,18.00,5.80,17.60,8.90,0.10,17.50
S131,1487132880,18.00,5.80,17.70,9.00,0.10,17.50
S131,1487133179,18.00,5.80,17.60,9.00,0.10,17.50
S131,1487133478,18.00,5.80,17.60,9.10,0.10,17.50
S131,1487133777,18.00,6.10,17.60,9.20,0.10,17.50
S131,1487134076,18.00,6.00,17.60,9.20,0.10,17.40
S131,1487134375,17.90,6.20,17.60,9.30,0.10,17.50
S131,1487134674,17.90,6.40,17.60,9.20,0.10,17.50
S131,1487134973,17.90,6.20,17.70,9.20,0.10,17.50
S131,1487135272,17.90,6.50,17.70,9.20,0.10,17.50
S131,1487135571,17.90,6.40,17.70,9.20,0.10,17.40
S131,1487135870,18.00,6.60,17.70,9.10,0.10,17.50
S131,1487136169,18.00,6.60,17.80,9.20,0.10,17.50
S131,1487136468,18.00,6.70,17.80,9.20,0.10,17.50
S131,1487136767,18.00,6.90,17.90,9.30,0.10,17.50
S131,1487137066,18.00,7.00,18.00,9.50,0.10,17.50
S131,1487137365,18.00,7.20,18.10,9.50,0.10,17.50
S131,1487137664,18.00,7.30,18.20,9.50,0.10,17.50
S131,1487137963,18.10,7.30,18.30,9.50,0.10,17.50
S131,1487138262,18.10,7.40,18.30,9.60,0.10,17.50
S131,1487138561,18.10,7.40,18.40,9.80,0.10,17.50
S131,1487138860,18.10,7.40,18.40,9.60,0.10,17.50
S131,1487139159,18.20,7.40,18.40,9.50,0.10,17.50
S131,1487139458,18.20,7.40,18.50,9.60,0.10,17.50
S131,1487139757,18.20,7.40,18.50,9.70,0.10,17.50
S131,1487140056,18.30,7.50,18.60,9.70,0.10,17.50
S131,1487140355,18.30,7.40,18.60,9.50,0.10,17.50
S131,1487140654,18.30,7.40,18.70,9.60,0.10,17.50
S131,1487140953,18.40,7.30,18.70,9.40,0.10,17.50
S131,1487141252,18.40,7.20,18.70,9.30,0.10,17.50
S131,1487141552,18.40,7.20,18.80,9.40,0.10,17.50
S131,1487141851,18.40,7.10,18.80,9.40,0.10,17.50
S131,1487142150,18.50,7.20,18.80,9.30,0.10,17.50
S131,1487142449,18.50,7.20,18.80,9.20,0.10,17.50
S131,1487142748,18.50,7.20,18.90,9.20,0.10,17.50
S131,1487143047,18.60,7.20,18.90,9.30,0.10,17.50
S131,1487143346,18.60,7.20,19.00,9.20,0.10,17.50
S131,1487143645,18.60,7.10,19.00,9.20,0.10,17.50
S131,1487143944,18.60,7.10,19.00,9.20,0.10,17.50
S131,1487144243,18.70,7.00,19.10,9.10,0.10,17.50
S131,1487144542,18.70,7.10,19.10,9.20,0.10,17.50
S131,1487144841,18.70,7.00,19.10,9.20,0.10,17.50
S131,1487145140,18.80,7.00,19.10,9.10,0.10,17.50
S131,1487145439,18.80,6.90,19.20,9.10,0.10,17.50
S131,1487145738,18.80,6.90,19.20,9.10,0.10,17.50
S131,1487146037,18.80,6.90,19.20,9.00,0.10,17.50
S131,1487146336,18.90,6.90,19.20,9.00,0.10,17.50
S131,1487146635,18.90,6.60,19.30,8.80,0.10,17.50
S131,1487146934,18.90,6.40,19.30,8.60,0.10,17.50
S131,1487147233,19.00,6.50,19.40,8.50,0.10,17.50
S131,1487147532,19.00,6.50,19.30,8.40,0.10,17.50
S131,1487147831,19.00,6.50,19.30,8.40,0.10,17.50
S131,1487148130,19.00,6.50,19.30,8.40,0.10,17.50
S131,1487148429,19.10,6.50,19.30,8.40,0.10,17.50
S131,1487148728,19.10,6.50,19.30,8.80,0.10,17.50
S131,1487149027,19.10,6.50,19.20,8.70,0.10,17.50
S131,1487149326,19.10,6.50,19.20,8.80,0.10,17.50
S131,1487149625,19.10,6.50,19.20,8.50,0.10,17.50
S131,1487149924,19.10,6.50,19.20,8.70,0.10,17.50
S131,1487150223,19.20,6.60,19.20,8.80,0.10,17.50
S131,1487150522,19.20,6.60,19.10,9.00,0.10,17.50
S131,1487150821,19.20,6.60,19.10,9.20,0.10,17.50
S131,1487151120,19.20,6.60,19.10,9.10,0.10,17.50
S131,1487151419,19.10,6.50,19.10,9.00,0.10,17.50
S131,1487151718,19.20,6.60,19.00,8.90,0.10,17.50
S131,1487152017,19.20,6.60,19.00,9.30,0.10,17.50
S131,1487152316,19.20,6.60,19.00,9.90,0.10,17.50
S131,1487152615,19.10,6.50,19.10,9.70,0.10,17.50
S131,1487152914,19.20,6.60,19.20,9.40,0.10,17.50
S131,1487153213,19.20,6.60,19.30,9.40,0.10,17.50
S131,1487153512,19.20,6.60,19.40,9.70,0.10,17.50
S131,1487153811,19.20,6.60,19.50,9.70,0.10,17.50
S131,1487154110,19.30,6.70,19.60,9.40,0.10,17.50
S131,1487154409,19.30,7.00,19.70,9.60,0.10,17.50
S131,1487154708,19.30,6.90,19.80,9.10,0.10,17.50
S131,1487155007,19.40,6.70,19.80,9.00,0.10,17.50
S131,1487155306,19.40,6.70,19.90,9.40,0.10,17.50
S131,1487155605,19.50,6.80,19.90,9.00,0.10,17.50
S131,1487155904,19.50,6.80,20.00,9.40,0.10,17.50
S131,1487156203,19.60,7.40,20.00,9.20,0.10,17.50
S131,1487156502,19.60,6.90,20.10,9.20,0.10,17.50
S131,1487156801,19.60,6.90,20.10,8.90,0.10,17.50
S131,1487157100,19.70,7.00,20.10,8.70,0.10,17.50
S131,1487157399,19.70,7.00,20.10,8.70,0.10,17.50
S131,1487157698,19.70,6.70,20.10,8.70,0.10,17.50
S131,1487157997,19.70,6.50,20.20,8.80,0.10,17.50
S131,1487158296,19.80,6.70,20.20,8.60,0.10,17.50
S131,1487158595,19.80,6.40,20.30,8.40,0.10,17.50
S131,1487158894,19.80,6.10,20.30,8.40,0.10,17.50
S131,1487159193,19.90,6.40,20.30,8.40,0.10,17.50
S131,1487159492,19.90,6.40,20.30,8.50,0.10,17.50
S131,1487159791,19.90,6.10,20.40,8.00,0.10,17.50
S131,1487160090,20.00,6.10,20.40,8.10,0.10,17.50
S131,1487160389,20.00,6.00,20.40,8.30,0.10,17.50
