Device,Time,DHT1-OUT Temp,DHT1-OUT Hum,DHT2-IN Temp,DHT2-IN Hum,Soil,Infrared
S148,1486911899,0.00,0.00,0.00,0.00,0.20,17.60
S148,1486912198,0.00,0.00,0.00,0.00,0.20,17.60
S148,1486912497,0.00,0.00,0.00,0.00,0.20,17.60
S148,1486912796,0.00,0.00,0.00,0.00,0.20,17.60
S148,1486913095,0.00,0.00,0.00,0.00,0.20,17.60
S148,1486913394,0.00,0.00,0.00,0.00,0.20,17.60
S148,1486913693,0.00,0.00,0.00,0.00,0.20,17.60
S148,1486913992,0.00,0.00,0.00,0.00,0.20,17.60
S148,1486914291,0.00,0.00,0.00,0.00,0.20,17.60
S148,1486914590,0.00,0.00,0.00,0.00,0.20,17.60
S148,1486914889,0.00,0.00,0.00,0.00,0.20,17.60
S148,1486915188,0.00,0.00,0.00,0.00,0.20,17.60
S148,1486915487,0.00,0.00,0.00,0.00,0.20,17.60
S148,1486915786,0.00,0.00,0.00,0.00,0.20,17.60
S148,1486916085,0.00,0.00,0.00,0.00,0.20,17.60
S148,1486916385,0.00,0.00,0.00,0.00,0.20,17.60
S148,1486916684,0.00,0.00,0.00,0.00,0.20,17.60
S148,1486916983,0.00,0.00,0.00,0.00,0.20,17.60
S148,1486917282,0.00,0.00,0.00,0.00,0.20,17.60
S148,1486917581,0.00,0.00,0.00,0.00,0.20,17.60
S148,1486917880,0.00,0.00,0.00,0.00,0.20,17.60
S148,1486918180,0.00,0.00,0.00,0.00,0.20,17.60
S148,1486918479,0.00,0.00,0.00,0.00,0.20,17.50
S148,1486918778,0.00,0.00,0.00,0.00,0.20,17.60
S148,1486919078,0.00,0.00,0.00,0.00,0.20,17.60
S148,1486919377,0.00,0.00,0.00,0.00,0.20,17.60
S148,1486919676,0.00,0.00,0.00,0.00,0.20,17.60
S148,1486919976,0.00,0.00,0.00,0.00,0.20,17.60
S148,1486920275,0.00,0.00,0.00,0.00,0.20,17.60
S148,1486920574,0.00,0.00,0.00,0.00,0.20,17.60
S148,1486920873,0.00,0.00,0.00,0.00,0.20,17.60
S148,1486921173,0.00,0.00,0.00,0.00,0.20,17.60
S148,1486921472,0.00,0.00,0.00,0.00,0.20,17.60
S148,1486921771,0.00,0.00,0.00,0.00,0.20,17.60
S148,1486922070,0.00,0.00,0.00,0.00,0.20,17.60
S148,1486922370,0.00,0.00,0.00,0.00,0.20,17.60
S148,1486922669,0.00,0.00,0.00,0.00,0.20,17.60
S148,1486922969,0.00,0.00,0.00,0.00,0.20,17.60
S148,1486923268,0.00,0.00,0.00,0.00,0.20,17.60
S148,1486923567,0.00,0.00,0.00,0.00,0.20,17.60
S148,1486923867,0.00,0.00,0.00,0.00,0.20,17.60
S148,1486924166,0.00,0.00,0.00,0.00,0.20,17.60
S148,1486924465,0.00,0.00,0.00,0.00,0.20,17.60
S148,1486924765,0.00,0.00,0.00,0.00,0.20,17.60
S148,1486925064,0.00,0.00,0.00,0.00,0.20,17.60
S148,1486925363,0.00,0.00,0.00,0.00,0.20,17.60
S148,1486925662,0.00,0.00,0.00,0.00,0.20,17.60
S148,1486925962,0.00,0.00,0.00,0.00,0.20,17.60
S148,1486926261,0.00,0.00,0.00,0.00,0.20,17.60
S148,1486926560,0.00,0.00,0.00,0.00,0.20,17.60
S148,1486926859,0.00,0.00,0.00,0.00,0.20,17.60
S148,1486927158,0.00,0.00,0.00,0.00,0.20,17.60
S148,1486927457,0.00,0.00,0.00,0.00,0.20,17.60
S148,1486927756,0.00,0.00,0.00,0.00,0.20,17.60
S148,1486928055,0.00,0.00,0.00,0.00,0.20,17.60
S148,1486928354,0.00,0.00,0.00,0.00,0.20,17.60
S148,1486928653,0.00,0.00,0.00,0.00,0.20,17.60
S148,1486928952,0.00,0.00,0.00,0.00,0.20,17.60
S148,1486929251,0.00,0.00,0.00,0.00,0.20,17.60
S148,1486929550,0.00,0.00,0.00,0.00,0.20,17.60
S148,1486929849,0.00,0.00,0.00,0.00,0.20,17.60
S148,1486930148,0.00,0.00,0.00,0.00,0.20,17.60
S148,1486930447,0.00,0.00,0.00,0.00,0.20,17.60
S148,1486930746,0.00,0.00,0.00,0.00,0.20,17.60
S148,1486931045,0.00,0.00,0.00,0.00,0.20,17.60
S148,1486931344,0.00,0.00,0.00,0.00,0.20,17.60
S148,1486931643,0.00,0.00,0.00,0.00,0.20,17.60
S148,1486931942,0.00,0.00,0.00,0.00,0.20,17.60
S148,1486932241,0.00,0.00,0.00,0.00,0.20,17.60
S148,1486932540,0.00,0.00,0.00,0.00,0.20,17.60
S148,1486932839,0.00,0.00,0.00,0.00,0.20,17.60
S148,1486933138,0.00,0.00,0.00,0.00,0.20,17.60
S148,1486933437,0.00,0.00,0.00,0.00,0.20,17.60
S148,1486933736,0.00,0.00,0.00,0.00,0.20,17.60
S148,1486934035,0.00,0.00,0.00,0.00,0.20,17.60
S148,1486934334,0.00,0.00,0.00,0.00,0.20,17.60
S148,1486934633,0.00,0.00,0.00,0.00,0.20,17.60
S148,1486934932,0.00,0.00,0.00,0.00,0.20,17.60
S148,1486935231,0.00,0.00,0.00,0.00,0.20,17.60
S148,1486935530,0.00,0.00,0.00,0.00,0.20,17.60
S148,1486935829,0.00,0.00,0.00,0.00,0.20,17.60
S148,1486936128,0.00,0.00,0.00,0.00,0.20,17.60
S148,1486936427,0.00,0.00,0.00,0.00,0.20,17.60
S148,1486936726,0.00,0.00,0.00,0.00,0.20,17.60
S148,1486937025,0.00,0.00,0.00,0.00,0.20,17.60
S148,1486937324,0.00,0.00,0.00,0.00,0.20,17.60
S148,1486937623,0.00,0.00,0.00,0.00,0.20,17.60
S148,1486937922,0.00,0.00,0.00,0.00,0.20,17.60
S148,1486938221,0.00,0.00,0.00,0.00,0.20,17.60
S148,1486938520,0.00,0.00,0.00,0.00,0.20,17.60
S148,1486938819,0.00,0.00,0.00,0.00,0.20,17.60
S148,1486939118,0.00,0.00,0.00,0.00,0.20,17.60
S148,1486939417,0.00,0.00,0.00,0.00,0.20,17.60
S148,1486939716,0.00,0.00,0.00,0.00,0.20,17.60
S148,1486940015,0.00,0.00,0.00,0.00,0.20,17.60
S148,1486940314,0.00,0.00,0.00,0.00,0.20,17.60
S148,1486940613,0.00,0.00,0.00,0.00,0.20,17.60
S148,1486940912,0.00,0.00,0.00,0.00,0.20,17.60
S148,1486941211,0.00,0.00,0.00,0.00,0.20,17.60
S148,1486941510,0.00,0.00,0.00,0.00,0.20,17.60
S148,1486941809,0.00,0.00,0.00,0.00,0.20,17.60
S148,1486942108,0.00,0.00,0.00,0.00,0.20,17.60
S148,1486942407,0.00,0.00,0.00,0.00,0.20,17.60
S148,1486942706,0.00,0.00,0.00,0.00,0.20,17.60
S148,1486943005,0.00,0.00,0.00,0.00,0.20,17.60
S148,1486943304,0.00,0.00,0.00,0.00,0.20,17.60
S148,1486943603,0.00,0.00,0.00,0.00,0.20,17.60
S148,1486943902,0.00,0.00,0.00,0.00,0.20,17.60
S148,1486944201,0.00,0.00,0.00,0.00,0.20,17.60
S148,1486944500,0.00,0.00,0.00,0.00,0.20,17.60
S148,1486944799,0.00,0.00,0.00,0.00,0.20,17.60
S148,1486945098,0.00,0.00,0.00,0.00,0.20,17.60
S148,1486945397,0.00,0.00,0.00,0.00,0.20,17.60
S148,1486945696,0.00,0.00,0.00,0.00,0.20,17.60
S148,1486945995,0.00,0.00,0.00,0.00,0.20,17.60
S148,1486946294,0.00,0.00,0.00,0.00,0.20,17.60
S148,1486946593,0.00,0.00,0.00,0.00,0.20,17.60
S148,1486946892,0.00,0.00,0.00,0.00,0.20,17.60
S148,1486947191,0.00,0.00,0.00,0.00,0.20,17.60
S148,1486947490,0.00,0.00,0.00,0.00,0.20,17.60
S148,1486947789,0.00,0.00,0.00,0.00,0.20,17.60
S148,1486948088,0.00,0.00,0.00,0.00,0.20,17.60
S148,1486948387,0.00,0.00,0.00,0.00,0.20,17.60
S148,1486948686,0.00,0.00,0.00,0.00,0.20,17.60
S148,1486948985,0.00,0.00,0.00,0.00,0.20,17.60
S148,1486949284,0.00,0.00,0.00,0.00,0.20,17.60
S148,1486949583,0.00,0.00,0.00,0.00,0.20,17.60
S148,1486949882,0.00,0.00,0.00,0.00,0.20,17.60
S148,1486950182,0.00,0.00,0.00,0.00,0.20,17.60
S148,1486950481,0.00,0.00,0.00,0.00,0.20,17.60
S148,1486950780,0.00,0.00,0.00,0.00,0.20,17.60
S148,1486951079,0.00,0.00,0.00,0.00,0.20,17.60
S148,1486951378,0.00,0.00,0.00,0.00,0.20,17.60
S148,1486951677,0.00,0.00,0.00,0.00,0.20,17.60
S148,1486951976,0.00,0.00,0.00,0.00,0.20,17.60
S148,1486952275,0.00,0.00,0.00,0.00,0.20,17.60
S148,1486952574,0.00,0.00,0.00,0.00,0.20,17.60
S148,1486952873,0.00,0.00,0.00,0.00,0.20,17.60
S148,1486953172,0.00,0.00,0.00,0.00,0.20,17.60
S148,1486953471,0.00,0.00,0.00,0.00,0.20,17.60
S148,1486953770,0.00,0.00,0.00,0.00,0.20,17.60
S148,1486954069,0.00,0.00,0.00,0.00,0.20,17.60
S148,1486954368,0.00,0.00,0.00,0.00,0.20,17.60
S148,1486954667,0.00,0.00,0.00,0.00,0.20,17.60
S148,1486954966,0.00,0.00,0.00,0.00,0.20,17.60
S148,1486955265,0.00,0.00,0.00,0.00,0.20,17.60
S148,1486955564,0.00,0.00,0.00,0.00,0.20,17.60
S148,1486955863,0.00,0.00,0.00,0.00,0.20,17.60
S148,1486956162,0.00,0.00,0.00,0.00,0.20,17.60
S148,1486956461,0.00,0.00,0.00,0.00,0.20,17.60
S148,1486956760,0.00,0.00,0.00,0.00,0.20,17.60
S148,1486957059,0.00,0.00,0.00,0.00,0.20,17.60
S148,1486957358,0.00,0.00,0.00,0.00,0.20,17.60
S148,1486957657,0.00,0.00,0.00,0.00,0.20,17.60
S148,1486957956,0.00,0.00,0.00,0.00,0.20,17.60
S148,1486958255,0.00,0.00,0.00,0.00,0.20,17.60
S148,1486958554,0.00,0.00,0.00,0.00,0.20,17.60
S148,1486958853,0.00,0.00,0.00,0.00,0.20,17.60
S148,1486959152,0.00,0.00,0.00,0.00,0.20,17.60
S148,1486959451,0.00,0.00,0.00,0.00,0.20,17.60
S148,1486959750,0.00,0.00,0.00,0.00,0.20,17.60
S148,1486960049,0.00,0.00,0.00,0.00,0.20,17.60
S148,1486960348,0.00,0.00,0.00,0.00,0.20,17.60
S148,1486960647,0.00,0.00,0.00,0.00,0.20,17.60
S148,1486960946,0.00,0.00,0.00,0.00,0.20,17.60
S148,1486961245,0.00,0.00,0.00,0.00,0.20,17.60
S148,1486961544,0.00,0.00,0.00,0.00,0.20,17.60
S148,1486961843,0.00,0.00,0.00,0.00,0.20,17.60
S148,1486962142,0.00,0.00,0.00,0.00,0.20,17.60
S148,1486962441,0.00,0.00,0.00,0.00,0.20,17.60
S148,1486962740,0.00,0.00,0.00,0.00,0.20,17.60
S148,1486963039,0.00,0.00,0.00,0.00,0.20,17.60
S148,1486963338,0.00,0.00,0.00,0.00,0.20,17.60
S148,1486963637,0.00,0.00,0.00,0.00,0.20,17.60
S148,1486963936,0.00,0.00,0.00,0.00,0.20,17.60
S148,1486964235,0.00,0.00,0.00,0.00,0.20,17.60
S148,1486964534,0.00,0.00,0.00,0.00,0.20,17.60
S148,1486964833,0.00,0.00,0.00,0.00,0.20,17.60
S148,1486965132,0.00,0.00,0.00,0.00,0.20,17.60
S148,1486965431,0.00,0.00,0.00,0.00,0.20,17.60
S148,1486965730,0.00,0.00,0.00,0.00,0.20,17.60
S148,1486966029,0.00,0.00,0.00,0.00,0.20,17.60
S148,1486966328,0.00,0.00,0.00,0.00,0.20,17.60
S148,1486966627,0.00,0.00,0.00,0.00,0.20,17.60
S148,1486966926,0.00,0.00,0.00,0.00,0.20,17.60
S148,1486967225,0.00,0.00,0.00,0.00,0.20,17.60
S148,1486967524,0.00,0.00,0.00,0.00,0.20,17.60
S148,1486967823,0.00,0.00,0.00,0.00,0.20,17.60
S148,1486968122,0.00,0.00,0.00,0.00,0.20,17.60
S148,1486968421,0.00,0.00,0.00,0.00,0.20,17.60
S148,1486968720,0.00,0.00,0.00,0.00,0.20,17.60
S148,1486969019,0.00,0.00,0.00,0.00,0.20,17.60
S148,1486969318,0.00,0.00,0.00,0.00,0.20,17.60
S148,1486969617,0.00,0.00,0.00,0.00,0.20,17.60
S148,1486969916,0.00,0.00,0.00,0.00,0.20,17.60
S148,1486970215,0.00,0.00,0.00,0.00,0.20,17.60
S148,1486970514,0.00,0.00,0.00,0.00,0.20,17.60
S148,1486970813,0.00,0.00,0.00,0.00,0.20,17.60
S148,1486971112,0.00,0.00,0.00,0.00,0.20,17.60
S148,1486971411,0.00,0.00,0.00,0.00,0.20,17.60
S148,1486971710,0.00,0.00,0.00,0.00,0.20,17.60
S148,1486972009,0.00,0.00,0.00,0.00,0.20,17.60
S148,1486972308,0.00,0.00,0.00,0.00,0.20,17.60
S148,1486972607,0.00,0.00,0.00,0.00,0.20,17.60
S148,1486972906,0.00,0.00,0.00,0.00,0.20,17.60
S148,1486973205,0.00,0.00,0.00,0.00,0.20,17.60
S148,1486973504,0.00,0.00,0.00,0.00,0.20,17.60
S148,1486973803,0.00,0.00,0.00,0.00,0.20,17.60
S148,1486974102,0.00,0.00,0.00,0.00,0.20,17.60
S148,1486974401,0.00,0.00,0.00,0.00,0.20,17.60
S148,1486974700,0.00,0.00,0.00,0.00,0.20,17.60
S148,1486974999,0.00,0.00,0.00,0.00,0.20,17.60
S148,1486975298,0.00,0.00,0.00,0.00,0.20,17.60
S148,1486975597,0.00,0.00,0.00,0.00,0.20,17.60
S148,1486975896,0.00,0.00,0.00,0.00,0.20,17.60
S148,1486976195,0.00,0.00,0.00,0.00,0.20,17.60
S148,1486976494,0.00,0.00,0.00,0.00,0.20,17.60
S148,1486976793,0.00,0.00,0.00,0.00,0.20,17.60
S148,1486977092,0.00,0.00,0.00,0.00,0.20,17.60
S148,1486977391,0.00,0.00,0.00,0.00,0.20,17.60
S148,1486977690,0.00,0.00,0.00,0.00,0.20,17.60
S148,1486977989,0.00,0.00,0.00,0.00,0.20,17.60
S148,1486978288,0.00,0.00,0.00,0.00,0.20,17.60
S148,1486978587,0.00,0.00,0.00,0.00,0.20,17.60
S148,1486978886,0.00,0.00,0.00,0.00,0.20,17.60
S148,1486979185,0.00,0.00,0.00,0.00,0.20,17.60
S148,1486979484,0.00,0.00,0.00,0.00,0.20,17.60
S148,1486979783,0.00,0.00,0.00,0.00,0.20,17.60
S148,1486980082,0.00,0.00,0.00,0.00,0.20,17.60
S148,1486980381,0.00,0.00,0.00,0.00,0.20,17.60
S148,1486980680,0.00,0.00,0.00,0.00,0.20,17.60
S148,1486980979,0.00,0.00,0.00,0.00,0.20,17.60
S148,1486981278,0.00,0.00,0.00,0.00,0.20,17.60
S148,1486981577,0.00,0.00,0.00,0.00,0.20,17.60
S148,1486981876,0.00,0.00,0.00,0.00,0.20,17.60
S148,1486982175,0.00,0.00,0.00,0.00,0.20,17.60
S148,1486982474,0.00,0.00,0.00,0.00,0.20,17.60
S148,1486982773,0.00,0.00,0.00,0.00,0.20,17.60
S148,1486983072,0.00,0.00,0.00,0.00,0.20,17.60
S148,1486983371,0.00,0.00,0.00,0.00,0.20,17.60
S148,1486983670,0.00,0.00,0.00,0.00,0.20,17.60
S148,1486983969,0.00,0.00,0.00,0.00,0.20,17.60
S148,1486984268,0.00,0.00,0.00,0.00,0.20,17.60
S148,1486984567,0.00,0.00,0.00,0.00,0.20,17.60
S148,1486984866,0.00,0.00,0.00,0.00,0.20,17.60
S148,1486985165,0.00,0.00,0.00,0.00,0.20,17.60
S148,1486985464,0.00,0.00,0.00,0.00,0.20,17.60
S148,1486985763,0.00,0.00,0.00,0.00,0.20,17.60
S148,1486986062,0.00,0.00,0.00,0.00,0.20,17.60
S148,1486986361,0.00,0.00,0.00,0.00,0.20,17.60
S148,1486986660,0.00,0.00,0.00,0.00,0.20,17.60
S148,1486986959,0.00,0.00,0.00,0.00,0.20,17.60
S148,1486987258,0.00,0.00,0.00,0.00,0.20,17.60
S148,1486987557,0.00,0.00,0.00,0.00,0.20,17.60
S148,1486987856,0.00,0.00,0.00,0.00,0.20,17.60
S148,1486988155,0.00,0.00,0.00,0.00,0.20,17.60
S148,1486988455,0.00,0.00,0.00,0.00,0.20,17.60
S148,1486988754,0.00,0.00,0.00,0.00,0.20,17.60
S148,1486989053,0.00,0.00,0.00,0.00,0.20,17.60
S148,1486989352,0.00,0.00,0.00,0.00,0.20,17.60
S148,1486989651,0.00,0.00,0.00,0.00,0.20,17.60
S148,1486989950,0.00,0.00,0.00,0.00,0.20,17.60
S148,1486990249,0.00,0.00,0.00,0.00,0.20,17.60
S148,1486990548,0.00,0.00,0.00,0.00,0.20,17.60
S148,1486990847,0.00,0.00,0.00,0.00,0.20,17.60
S148,1486991146,0.00,0.00,0.00,0.00,0.20,17.60
S148,1486991445,0.00,0.00,0.00,0.00,0.20,17.60
S148,1486991744,0.00,0.00,0.00,0.00,0.20,17.60
S148,1486992043,0.00,0.00,0.00,0.00,0.20,17.60
S148,1486992342,0.00,0.00,0.00,0.00,0.20,17.60
S148,1486992641,0.00,0.00,0.00,0.00,0.20,17.60
S148,1486992940,0.00,0.00,0.00,0.00,0.20,17.60
S148,1486993239,0.00,0.00,0.00,0.00,0.20,17.60
S148,1486993538,0.00,0.00,0.00,0.00,0.20,17.60
S148,1486993837,0.00,0.00,0.00,0.00,0.20,17.60
S148,1486994136,0.00,0.00,0.00,0.00,0.20,17.60
S148,1486994435,0.00,0.00,0.00,0.00,0.20,17.60
S148,1486994734,0.00,0.00,0.00,0.00,0.20,17.60
S148,1486995033,0.00,0.00,0.00,0.00,0.20,17.60
S148,1486995332,0.00,0.00,0.00,0.00,0.20,17.60
S148,1486995631,0.00,0.00,0.00,0.00,0.20,17.60
S148,1486995930,0.00,0.00,0.00,0.00,0.20,17.60
S148,1486996229,0.00,0.00,0.00,0.00,0.20,17.60
S148,1486996528,0.00,0.00,0.00,0.00,0.20,17.60
S148,1486996827,0.00,0.00,0.00,0.00,0.20,17.60
S148,1486997126,0.00,0.00,0.00,0.00,0.20,17.60
S148,1486997425,0.00,0.00,0.00,0.00,0.20,17.60
S148,1486997724,0.00,0.00,0.00,0.00,0.20,17.60
S148,1486998023,0.00,0.00,0.00,0.00,0.20,17.60
S148,1486998322,0.00,0.00,0.00,0.00,0.20,17.60
S148,1486998621,0.00,0.00,0.00,0.00,0.20,17.60
S148,1486998920,0.00,0.00,0.00,0.00,0.20,17.60
S148,1486999219,0.00,0.00,0.00,0.00,0.20,17.60
S148,1486999518,0.00,0.00,0.00,0.00,0.20,17.60
S148,1486999817,0.00,0.00,0.00,0.00,0.20,17.60
S148,1487000116,0.00,0.00,0.00,0.00,0.20,17.60
S148,1487000415,0.00,0.00,0.00,0.00,0.20,17.60
S148,1487000714,0.00,0.00,0.00,0.00,0.20,17.60
S148,1487001013,0.00,0.00,0.00,0.00,0.20,17.60
S148,1487001312,0.00,0.00,0.00,0.00,0.20,17.60
S148,1487001611,0.00,0.00,0.00,0.00,0.20,17.60
S148,1487001910,0.00,0.00,0.00,0.00,0.20,17.60
S148,1487002209,0.00,0.00,0.00,0.00,0.20,17.60
S148,1487002508,0.00,0.00,0.00,0.00,0.20,17.60
S148,1487002807,0.00,0.00,0.00,0.00,0.20,17.60
S148,1487003106,0.00,0.00,0.00,0.00,0.20,17.60
S148,1487003405,0.00,0.00,0.00,0.00,0.20,17.60
S148,1487003704,0.00,0.00,0.00,0.00,0.20,17.60
S148,1487004003,0.00,0.00,0.00,0.00,0.20,17.60
S148,1487004302,0.00,0.00,0.00,0.00,0.20,17.60
S148,1487004601,0.00,0.00,0.00,0.00,0.20,17.60
S148,1487004900,0.00,0.00,0.00,0.00,0.20,17.60
S148,1487005199,0.00,0.00,0.00,0.00,0.20,17.60
S148,1487005498,0.00,0.00,0.00,0.00,0.20,17.60
S148,1487005797,0.00,0.00,0.00,0.00,0.20,17.60
S148,1487006096,0.00,0.00,0.00,0.00,0.20,17.60
S148,1487006395,0.00,0.00,0.00,0.00,0.20,17.60
S148,1487006694,0.00,0.00,0.00,0.00,0.20,17.60
S148,1487006993,0.00,0.00,0.00,0.00,0.20,17.60
S148,1487007292,0.00,0.00,0.00,0.00,0.20,17.60
S148,1487007591,0.00,0.00,0.00,0.00,0.20,17.60
S148,1487007890,0.00,0.00,0.00,0.00,0.20,17.60
S148,1487008189,0.00,0.00,0.00,0.00,0.20,17.60
S148,1487008488,0.00,0.00,0.00,0.00,0.20,17.60
S148,1487008787,0.00,0.00,0.00,0.00,0.20,17.60
S148,1487009086,0.00,0.00,0.00,0.00,0.20,17.60
S148,1487009385,0.00,0.00,0.00,0.00,0.20,17.60
S148,1487009684,0.00,0.00,0.00,0.00,0.20,17.60
S148,1487009983,0.00,0.00,0.00,0.00,0.20,17.60
S148,1487010282,0.00,0.00,0.00,0.00,0.20,17.60
S148,1487010581,0.00,0.00,0.00,0.00,0.20,17.60
S148,1487010880,0.00,0.00,0.00,0.00,0.20,17.60
S148,1487011179,0.00,0.00,0.00,0.00,0.20,17.60
S148,1487011478,0.00,0.00,0.00,0.00,0.20,17.60
S148,1487011777,0.00,0.00,0.00,0.00,0.20,17.60
S148,1487012076,0.00,0.00,0.00,0.00,0.20,17.60
S148,1487012375,0.00,0.00,0.00,0.00,0.20,17.60
S148,1487012674,0.00,0.00,0.00,0.00,0.20,17.60
S148,1487012973,0.00,0.00,0.00,0.00,0.20,17.60
S148,1487013272,0.00,0.00,0.00,0.00,0.20,17.60
S148,1487013571,0.00,0.00,0.00,0.00,0.20,17.60
S148,1487013870,0.00,0.00,0.00,0.00,0.20,17.60
S148,1487014169,0.00,0.00,0.00,0.00,0.20,17.60
S148,1487014468,0.00,0.00,0.00,0.00,0.20,17.60
S148,1487014767,0.00,0.00,0.00,0.00,0.20,17.60
S148,1487015066,0.00,0.00,0.00,0.00,0.20,17.60
S148,1487015365,0.00,0.00,0.00,0.00,0.20,17.60
S148,1487015664,0.00,0.00,0.00,0.00,0.20,17.60
S148,1487015963,0.00,0.00,0.00,0.00,0.20,17.60
S148,1487016262,0.00,0.00,0.00,0.00,0.20,17.60
S148,1487016561,0.00,0.00,0.00,0.00,0.20,17.60
S148,1487016860,0.00,0.00,0.00,0.00,0.20,17.60
S148,1487017159,0.00,0.00,0.00,0.00,0.20,17.60
S148,1487017458,0.00,0.00,0.00,0.00,0.20,17.60
S148,1487017757,0.00,0.00,0.00,0.00,0.20,17.60
S148,1487018056,0.00,0.00,0.00,0.00,0.20,17.60
S148,1487018355,0.00,0.00,0.00,0.00,0.20,17.60
S148,1487018654,0.00,0.00,0.00,0.00,0.20,17.60
S148,1487018953,0.00,0.00,0.00,0.00,0.20,17.60
S148,1487019252,0.00,0.00,0.00,0.00,0.20,17.60
S148,1487019551,0.00,0.00,0.00,0.00,0.20,17.60
S148,1487019850,0.00,0.00,0.00,0.00,0.20,17.60
S148,1487020149,0.00,0.00,0.00,0.00,0.20,17.60
S148,1487020448,0.00,0.00,0.00,0.00,0.20,17.60
S148,1487020747,0.00,0.00,0.00,0.00,0.20,17.60
S148,1487021046,0.00,0.00,0.00,0.00,0.20,17.60
S148,1487021345,0.00,0.00,0.00,0.00,0.20,17.60
S148,1487021644,0.00,0.00,0.00,0.00,0.20,17.60
S148,1487021943,0.00,0.00,0.00,0.00,0.20,17.60
S148,1487022242,0.00,0.00,0.00,0.00,0.20,17.60
S148,1487022541,0.00,0.00,0.00,0.00,0.20,17.60
S148,1487022840,0.00,0.00,0.00,0.00,0.20,17.60
S148,1487023139,0.00,0.00,0.00,0.00,0.20,17.60
S148,1487023438,0.00,0.00,0.00,0.00,0.20,17.60
S148,1487023737,0.00,0.00,0.00,0.00,0.20,17.60
S148,1487024036,0.00,0.00,0.00,0.00,0.20,17.60
S148,1487024335,0.00,0.00,0.00,0.00,0.20,17.60
S148,1487024634,0.00,0.00,0.00,0.00,0.20,17.60
S148,1487024933,0.00,0.00,0.00,0.00,0.20,17.60
S148,1487025232,0.00,0.00,0.00,0.00,0.20,17.60
S148,1487025531,0.00,0.00,0.00,0.00,0.20,17.60
S148,1487025830,0.00,0.00,0.00,0.00,0.20,17.60
S148,1487026129,0.00,0.00,0.00,0.00,0.20,17.60
S148,1487026428,0.00,0.00,0.00,0.00,0.20,17.60
S148,1487026728,0.00,0.00,0.00,0.00,0.20,17.60
S148,1487027027,0.00,0.00,0.00,0.00,0.20,17.60
S148,1487027326,0.00,0.00,0.00,0.00,0.20,17.60
S148,1487027625,0.00,0.00,0.00,0.00,0.20,17.60
S148,1487027924,0.00,0.00,0.00,0.00,0.20,17.60
S148,1487028223,0.00,0.00,0.00,0.00,0.20,17.60
S148,1487028522,0.00,0.00,0.00,0.00,0.20,17.60
S148,1487028821,0.00,0.00,0.00,0.00,0.20,17.60
S148,1487029120,0.00,0.00,0.00,0.00,0.20,17.60
S148,1487029419,0.00,0.00,0.00,0.00,0.20,17.60
S148,1487029718,0.00,0.00,0.00,0.00,0.20,17.60
S148,1487030017,0.00,0.00,0.00,0.00,0.20,17.60
S148,1487030316,0.00,0.00,0.00,0.00,0.20,17.60
S148,1487030615,0.00,0.00,0.00,0.00,0.20,17.60
S148,1487030914,0.00,0.00,0.00,0.00,0.20,17.60
S148,1487031213,0.00,0.00,0.00,0.00,0.20,17.60
S148,1487031512,0.00,0.00,0.00,0.00,0.20,17.60
S148,1487031811,0.00,0.00,0.00,0.00,0.20,17.60
S148,1487032110,0.00,0.00,0.00,0.00,0.20,17.60
S148,1487032409,0.00,0.00,0.00,0.00,0.20,17.60
S148,1487032708,0.00,0.00,0.00,0.00,0.20,17.60
S148,1487033007,0.00,0.00,0.00,0.00,0.20,17.60
S148,1487033306,0.00,0.00,0.00,0.00,0.20,17.60
S148,1487033605,0.00,0.00,0.00,0.00,0.20,17.60
S148,1487033904,0.00,0.00,0.00,0.00,0.20,17.60
S148,1487034203,0.00,0.00,0.00,0.00,0.20,17.60
S148,1487034502,0.00,0.00,0.00,0.00,0.20,17.60
S148,1487034801,0.00,0.00,0.00,0.00,0.20,17.60
S148,1487035101,0.00,0.00,0.00,0.00,0.20,17.60
S148,1487035400,0.00,0.00,0.00,0.00,0.20,17.60
S148,1487035699,0.00,0.00,0.00,0.00,0.20,17.60
S148,1487035998,0.00,0.00,0.00,0.00,0.20,17.60
S148,1487036297,0.00,0.00,0.00,0.00,0.20,17.60
S148,1487036596,0.00,0.00,0.00,0.00,0.20,17.60
S148,1487036895,0.00,0.00,0.00,0.00,0.20,17.60
S148,1487037194,0.00,0.00,0.00,0.00,0.20,17.60
S148,1487037493,0.00,0.00,0.00,0.00,0.20,17.60
S148,1487037792,0.00,0.00,0.00,0.00,0.20,17.60
S148,1487038091,0.00,0.00,0.00,0.00,0.20,17.60
S148,1487038390,0.00,0.00,0.00,0.00,0.20,17.60
S148,1487038689,0.00,0.00,0.00,0.00,0.20,17.60
S148,1487038988,0.00,0.00,0.00,0.00,0.20,17.60
S148,1487039287,0.00,0.00,0.00,0.00,0.20,17.60
S148,1487039586,0.00,0.00,0.00,0.00,0.20,17.60
S148,1487039885,0.00,0.00,0.00,0.00,0.20,17.60
S148,1487040184,0.00,0.00,0.00,0.00,0.20,17.60
S148,1487040483,0.00,0.00,0.00,0.00,0.20,17.60
S148,1487040782,0.00,0.00,0.00,0.00,0.20,17.60
S148,1487041081,0.00,0.00,0.00,0.00,0.20,17.60
S148,1487041380,0.00,0.00,0.00,0.00,0.20,17.60
S148,1487041679,0.00,0.00,0.00,0.00,0.20,17.60
S148,1487041978,0.00,0.00,0.00,0.00,0.20,17.60
S148,1487042277,0.00,0.00,0.00,0.00,0.20,17.60
S148,1487042576,0.00,0.00,0.00,0.00,0.20,17.60
S148,1487042875,0.00,0.00,0.00,0.00,0.20,17.60
S148,1487043174,0.00,0.00,0.00,0.00,0.20,17.60
S148,1487043473,0.00,0.00,0.00,0.00,0.20,17.60
S148,1487043772,0.00,0.00,0.00,0.00,0.20,17.60
S148,1487044071,0.00,0.00,0.00,0.00,0.20,17.60
S148,1487044370,0.00,0.00,0.00,0.00,0.20,17.60
S148,1487044669,0.00,0.00,0.00,0.00,0.20,17.60
S148,1487044968,0.00,0.00,0.00,0.00,0.20,17.60
S148,1487045267,0.00,0.00,0.00,0.00,0.20,17.60
S148,1487045566,0.00,0.00,0.00,0.00,0.20,17.60
S148,1487045865,0.00,0.00,0.00,0.00,0.20,17.60
S148,1487046164,0.00,0.00,0.00,0.00,0.20,17.60
S148,1487046463,0.00,0.00,0.00,0.00,0.20,17.60
S148,1487046762,0.00,0.00,0.00,0.00,0.20,17.60
S148,1487047061,0.00,0.00,0.00,0.00,0.20,17.60
S148,1487047360,0.00,0.00,0.00,0.00,0.20,17.60
S148,1487047659,0.00,0.00,0.00,0.00,0.20,17.60
S148,1487047958,0.00,0.00,0.00,0.00,0.20,17.60
S148,1487048257,0.00,0.00,0.00,0.00,0.20,17.60
S148,1487048556,0.00,0.00,0.00,0.00,0.20,17.60
S148,1487048855,0.00,0.00,0.00,0.00,0.20,17.60
S148,1487049154,0.00,0.00,0.00,0.00,0.20,17.60
S148,1487049453,0.00,0.00,0.00,0.00,0.20,17.60
S148,1487049752,0.00,0.00,0.00,0.00,0.20,17.60
S148,1487050051,0.00,0.00,0.00,0.00,0.20,17.60
S148,1487050350,0.00,0.00,0.00,0.00,0.20,17.60
S148,1487050649,0.00,0.00,0.00,0.00,0.20,17.60
S148,1487050948,0.00,0.00,0.00,0.00,0.20,17.60
S148,1487051247,0.00,0.00,0.00,0.00,0.20,17.60
S148,1487051546,0.00,0.00,0.00,0.00,0.20,17.60
S148,1487051845,0.00,0.00,0.00,0.00,0.20,17.60
S148,1487052144,0.00,0.00,0.00,0.00,0.20,17.60
S148,1487052443,0.00,0.00,0.00,0.00,0.20,17.60
S148,1487052742,0.00,0.00,0.00,0.00,0.20,17.60
S148,1487053041,0.00,0.00,0.00,0.00,0.20,17.60
S148,1487053340,0.00,0.00,0.00,0.00,0.20,17.60
S148,1487053639,0.00,0.00,0.00,0.00,0.20,17.60
S148,1487053938,0.00,0.00,0.00,0.00,0.20,17.60
S148,1487054237,0.00,0.00,0.00,0.00,0.20,17.60
S148,1487054536,0.00,0.00,0.00,0.00,0.20,17.60
S148,1487054835,0.00,0.00,0.00,0.00,0.20,17.60
S148,1487055134,0.00,0.00,0.00,0.00,0.20,17.60
S148,1487055433,0.00,0.00,0.00,0.00,0.20,17.60
S148,1487055732,0.00,0.00,0.00,0.00,0.20,17.60
S148,1487056031,0.00,0.00,0.00,0.00,0.20,17.60
S148,1487056330,0.00,0.00,0.00,0.00,0.20,17.60
S148,1487056629,0.00,0.00,0.00,0.00,0.20,17.60
S148,1487056928,0.00,0.00,0.00,0.00,0.20,17.60
S148,1487057227,0.00,0.00,0.00,0.00,0.20,17.60
S148,1487057526,0.00,0.00,0.00,0.00,0.20,17.60
S148,1487057825,0.00,0.00,0.00,0.00,0.20,17.60
S148,1487058124,0.00,0.00,0.00,0.00,0.20,17.60
S148,1487058423,0.00,0.00,0.00,0.00,0.20,17.60
S148,1487058722,0.00,0.00,0.00,0.00,0.20,17.60
S148,1487059021,0.00,0.00,0.00,0.00,0.20,17.60
S148,1487059320,0.00,0.00,0.00,0.00,0.20,17.60
S148,1487059619,0.00,0.00,0.00,0.00,0.20,17.60
S148,1487059918,0.00,0.00,0.00,0.00,0.20,17.60
S148,1487060217,0.00,0.00,0.00,0.00,0.20,17.60
S148,1487060516,0.00,0.00,0.00,0.00,0.20,17.60
S148,1487060815,0.00,0.00,0.00,0.00,0.20,17.60
S148,1487061114,0.00,0.00,0.00,0.00,0.20,17.60
S148,1487061413,0.00,0.00,0.00,0.00,0.20,17.60
S148,1487061712,0.00,0.00,0.00,0.00,0.20,17.60
S148,1487062011,0.00,0.00,0.00,0.00,0.20,17.60
S148,1487062310,0.00,0.00,0.00,0.00,0.20,17.60
S148,1487062609,0.00,0.00,0.00,0.00,0.20,17.60
S148,1487062908,0.00,0.00,0.00,0.00,0.20,17.60
S148,1487063207,0.00,0.00,0.00,0.00,0.20,17.60
S148,1487063506,0.00,0.00,0.00,0.00,0.20,17.60
S148,1487063805,0.00,0.00,0.00,0.00,0.20,17.60
S148,1487064104,0.00,0.00,0.00,0.00,0.20,17.60
S148,1487064403,0.00,0.00,0.00,0.00,0.20,17.60
S148,1487064702,0.00,0.00,0.00,0.00,0.20,17.60
S148,1487065002,0.00,0.00,0.00,0.00,0.20,17.60
S148,1487065301,0.00,0.00,0.00,0.00,0.20,17.60
S148,1487065600,0.00,0.00,0.00,0.00,0.20,17.60
S148,1487065899,0.00,0.00,0.00,0.00,0.20,17.60
S148,1487066198,0.00,0.00,0.00,0.00,0.20,17.60
S148,1487066497,0.00,0.00,0.00,0.00,0.20,17.60
S148,1487066796,0.00,0.00,0.00,0.00,0.20,17.60
S148,1487067095,0.00,0.00,0.00,0.00,0.20,17.60
S148,1487067394,0.00,0.00,0.00,0.00,0.20,17.60
S148,1487067693,0.00,0.00,0.00,0.00,0.20,17.60
S148,1487067992,0.00,0.00,0.00,0.00,0.20,17.60
S148,1487068291,0.00,0.00,0.00,0.00,0.20,17.60
S148,1487068590,0.00,0.00,0.00,0.00,0.20,17.60
S148,1487068889,0.00,0.00,0.00,0.00,0.20,17.60
S148,1487069188,0.00,0.00,0.00,0.00,0.20,17.60
S148,1487069487,0.00,0.00,0.00,0.00,0.20,17.60
S148,1487069786,0.00,0.00,0.00,0.00,0.20,17.60
S148,1487070085,0.00,0.00,0.00,0.00,0.20,17.60
S148,1487070384,0.00,0.00,0.00,0.00,0.20,17.60
S148,1487070683,0.00,0.00,0.00,0.00,0.20,17.60
S148,1487070982,0.00,0.00,0.00,0.00,0.20,17.60
S148,1487071281,0.00,0.00,0.00,0.00,0.20,17.60
S148,1487071580,0.00,0.00,0.00,0.00,0.20,17.60
S148,1487071879,0.00,0.00,0.00,0.00,0.20,17.60
S148,1487072178,0.00,0.00,0.00,0.00,0.20,17.60
S148,1487072477,0.00,0.00,0.00,0.00,0.20,17.60
S148,1487072776,0.00,0.00,0.00,0.00,0.20,17.60
S148,1487073075,0.00,0.00,0.00,0.00,0.20,17.60
S148,1487073374,0.00,0.00,0.00,0.00,0.20,17.60
S148,1487074186,0.00,0.00,0.00,0.00,0.20,17.60
S148,1487074273,0.00,0.00,0.00,0.00,0.20,17.60
S148,1487074572,0.00,0.00,0.00,0.00,0.20,17.60
S148,1487074871,0.00,0.00,0.00,0.00,0.20,17.60
S148,1487075170,0.00,0.00,0.00,0.00,0.20,17.60
S148,1487075469,0.00,0.00,0.00,0.00,0.20,17.60
S148,1487075768,0.00,0.00,0.00,0.00,0.20,17.60
S148,1487076067,0.00,0.00,0.00,0.00,0.20,17.60
S148,1487076366,0.00,0.00,0.00,0.00,0.20,17.60
S148,1487076665,0.00,0.00,0.00,0.00,0.20,17.60
S148,1487076964,0.00,0.00,0.00,0.00,0.20,17.60
S148,1487077263,0.00,0.00,0.00,0.00,0.20,17.60
S148,1487077562,0.00,0.00,0.00,0.00,0.20,17.60
S148,1487077861,0.00,0.00,0.00,0.00,0.20,17.60
S148,1487078160,0.00,0.00,0.00,0.00,0.20,17.60
S148,1487078459,0.00,0.00,0.00,0.00,0.20,17.60
S148,1487078758,0.00,0.00,0.00,0.00,0.20,17.60
S148,1487079057,0.00,0.00,0.00,0.00,0.20,17.60
S148,1487079356,0.00,0.00,0.00,0.00,0.20,17.60
S148,1487079655,0.00,0.00,0.00,0.00,0.20,17.60
S148,1487079954,0.00,0.00,0.00,0.00,0.20,17.60
S148,1487080253,0.00,0.00,0.00,0.00,0.20,17.60
S148,1487080552,0.00,0.00,0.00,0.00,0.20,17.60
S148,1487080851,0.00,0.00,0.00,0.00,0.20,17.60
S148,1487081150,0.00,0.00,0.00,0.00,0.20,17.60
S148,1487081449,0.00,0.00,0.00,0.00,0.20,17.60
S148,1487081748,0.00,0.00,0.00,0.00,0.20,17.60
S148,1487082047,0.00,0.00,0.00,0.00,0.20,17.60
S148,1487082346,0.00,0.00,0.00,0.00,0.20,17.60
S148,1487082645,0.00,0.00,0.00,0.00,0.20,17.60
S148,1487082944,0.00,0.00,0.00,0.00,0.20,17.60
S148,1487083243,0.00,0.00,0.00,0.00,0.20,17.60
S148,1487083542,0.00,0.00,0.00,0.00,0.20,17.60
S148,1487083841,0.00,0.00,0.00,0.00,0.20,17.60
S148,1487084140,0.00,0.00,0.00,0.00,0.20,17.60
S148,1487084439,0.00,0.00,0.00,0.00,0.20,17.60
S148,1487084738,0.00,0.00,0.00,0.00,0.20,17.60
S148,1487085037,0.00,0.00,0.00,0.00,0.20,17.60
S148,1487085336,0.00,0.00,0.00,0.00,0.20,17.60
S148,1487085635,0.00,0.00,0.00,0.00,0.20,17.60
S148,1487085934,0.00,0.00,0.00,0.00,0.20,17.60
S148,1487086233,0.00,0.00,0.00,0.00,0.20,17.60
S148,1487086532,0.00,0.00,0.00,0.00,0.20,17.60
S148,1487086831,0.00,0.00,0.00,0.00,0.20,17.60
S148,1487087130,0.00,0.00,0.00,0.00,0.20,17.60
S148,1487087429,0.00,0.00,0.00,0.00,0.20,17.60
S148,1487087728,0.00,0.00,0.00,0.00,0.20,17.60
S148,1487088027,0.00,0.00,0.00,0.00,0.20,17.60
S148,1487088326,0.00,0.00,0.00,0.00,0.20,17.60
S148,1487088625,0.00,0.00,0.00,0.00,0.20,17.60
S148,1487088924,0.00,0.00,0.00,0.00,0.20,17.60
S148,1487089223,0.00,0.00,0.00,0.00,0.20,17.60
S148,1487089522,0.00,0.00,0.00,0.00,0.20,17.60
S148,1487089821,0.00,0.00,0.00,0.00,0.20,17.60
S148,1487090120,0.00,0.00,0.00,0.00,0.20,17.60
S148,1487090419,0.00,0.00,0.00,0.00,0.20,17.60
S148,1487090718,0.00,0.00,0.00,0.00,0.20,17.60
S148,1487091017,0.00,0.00,0.00,0.00,0.20,17.60
S148,1487091316,0.00,0.00,0.00,0.00,0.20,17.60
S148,1487091615,0.00,0.00,0.00,0.00,0.20,17.60
S148,1487091914,0.00,0.00,0.00,0.00,0.20,17.60
S148,1487092213,0.00,0.00,0.00,0.00,0.20,17.60
S148,1487092512,0.00,0.00,0.00,0.00,0.20,17.60
S148,1487092811,0.00,0.00,0.00,0.00,0.20,17.60
S148,1487093110,0.00,0.00,0.00,0.00,0.20,17.60
S148,1487093409,0.00,0.00,0.00,0.00,0.20,17.60
S148,1487093708,0.00,0.00,0.00,0.00,0.20,17.60
S148,1487094007,0.00,0.00,0.00,0.00,0.20,17.60
S148,1487094306,0.00,0.00,0.00,0.00,0.20,17.60
S148,1487094605,0.00,0.00,0.00,0.00,0.20,17.60
S148,1487094904,0.00,0.00,0.00,0.00,0.20,17.60
S148,1487095203,0.00,0.00,0.00,0.00,0.20,17.60
S148,1487095502,0.00,0.00,0.00,0.00,0.20,17.60
S148,1487095801,0.00,0.00,0.00,0.00,0.20,17.60
S148,1487096100,0.00,0.00,0.00,0.00,0.20,17.60
S148,1487096399,0.00,0.00,0.00,0.00,0.20,17.60
S148,1487096698,0.00,0.00,0.00,0.00,0.20,17.60
S148,1487096997,0.00,0.00,0.00,0.00,0.20,17.60
S148,1487097296,0.00,0.00,0.00,0.00,0.20,17.60
S148,1487097595,0.00,0.00,0.00,0.00,0.20,17.60
S148,1487097894,0.00,0.00,0.00,0.00,0.20,17.60
S148,1487098193,0.00,0.00,0.00,0.00,0.20,17.60
S148,1487098492,0.00,0.00,0.00,0.00,0.20,17.60
S148,1487098791,0.00,0.00,0.00,0.00,0.20,17.60
S148,1487099090,0.00,0.00,0.00,0.00,0.20,17.60
S148,1487099389,0.00,0.00,0.00,0.00,0.20,17.60
S148,1487099688,0.00,0.00,0.00,0.00,0.20,17.60
S148,1487099987,0.00,0.00,0.00,0.00,0.20,17.60
S148,1487100286,0.00,0.00,0.00,0.00,0.20,17.60
S148,1487100585,0.00,0.00,0.00,0.00,0.20,17.60
S148,1487100884,0.00,0.00,0.00,0.00,0.20,17.60
S148,1487101183,0.00,0.00,0.00,0.00,0.20,17.60
S148,1487101482,0.00,0.00,0.00,0.00,0.20,17.60
S148,1487101781,0.00,0.00,0.00,0.00,0.20,17.60
S148,1487102080,0.00,0.00,0.00,0.00,0.20,17.60
S148,1487102379,0.00,0.00,0.00,0.00,0.20,17.60
S148,1487102678,0.00,0.00,0.00,0.00,0.20,17.60
S148,1487102977,0.00,0.00,0.00,0.00,0.20,17.60
S148,1487103277,0.00,0.00,0.00,0.00,0.20,17.60
S148,1487103576,0.00,0.00,0.00,0.00,0.20,17.60
S148,1487103875,0.00,0.00,0.00,0.00,0.20,17.60
S148,1487104174,0.00,0.00,0.00,0.00,0.20,17.60
S148,1487104473,0.00,0.00,0.00,0.00,0.20,17.60
S148,1487104772,0.00,0.00,0.00,0.00,0.20,17.60
S148,1487105071,0.00,0.00,0.00,0.00,0.20,17.60
S148,1487105370,0.00,0.00,0.00,0.00,0.20,17.60
S148,1487105669,0.00,0.00,0.00,0.00,0.20,17.60
S148,1487105968,0.00,0.00,0.00,0.00,0.20,17.60
S148,1487106267,0.00,0.00,0.00,0.00,0.20,17.60
S148,1487106566,0.00,0.00,0.00,0.00,0.20,17.60
S148,1487106865,0.00,0.00,0.00,0.00,0.20,17.60
S148,1487107164,0.00,0.00,0.00,0.00,0.20,17.60
S148,1487107463,0.00,0.00,0.00,0.00,0.20,17.60
S148,1487107762,0.00,0.00,0.00,0.00,0.20,17.60
S148,1487108061,0.00,0.00,0.00,0.00,0.20,17.60
S148,1487108360,0.00,0.00,0.00,0.00,0.20,17.60
S148,1487108659,0.00,0.00,0.00,0.00,0.20,17.60
S148,1487108958,0.00,0.00,0.00,0.00,0.20,17.60
S148,1487109257,0.00,0.00,0.00,0.00,0.20,17.60
S148,1487109556,0.00,0.00,0.00,0.00,0.20,17.60
S148,1487109855,0.00,0.00,0.00,0.00,0.20,17.60
S148,1487110154,0.00,0.00,0.00,0.00,0.20,17.60
S148,1487110453,0.00,0.00,0.00,0.00,0.20,17.60
S148,1487110752,0.00,0.00,0.00,0.00,0.20,17.60
S148,1487111051,0.00,0.00,0.00,0.00,0.20,17.60
S148,1487111350,0.00,0.00,0.00,0.00,0.20,17.60
S148,1487111649,0.00,0.00,0.00,0.00,0.20,17.60
S148,1487111948,0.00,0.00,0.00,0.00,0.20,17.60
S148,1487112247,0.00,0.00,0.00,0.00,0.20,17.60
S148,1487112546,0.00,0.00,0.00,0.00,0.20,17.60
S148,1487112845,0.00,0.00,0.00,0.00,0.20,17.60
S148,1487113144,0.00,0.00,0.00,0.00,0.20,17.60
S148,1487113443,0.00,0.00,0.00,0.00,0.20,17.60
S148,1487113742,0.00,0.00,0.00,0.00,0.20,17.60
S148,1487114041,0.00,0.00,0.00,0.00,0.20,17.60
S148,1487114340,0.00,0.00,0.00,0.00,0.20,17.60
S148,1487114639,0.00,0.00,0.00,0.00,0.20,17.60
S148,1487114938,0.00,0.00,0.00,0.00,0.20,17.60
S148,1487115237,0.00,0.00,0.00,0.00,0.20,17.60
S148,1487115536,0.00,0.00,0.00,0.00,0.20,17.60
S148,1487115835,0.00,0.00,0.00,0.00,0.20,17.60
S148,1487116134,0.00,0.00,0.00,0.00,0.20,17.60
S148,1487116433,0.00,0.00,0.00,0.00,0.20,17.60
S148,1487116732,0.00,0.00,0.00,0.00,0.20,17.60
S148,1487117031,0.00,0.00,0.00,0.00,0.20,17.60
S148,1487117330,0.00,0.00,0.00,0.00,0.20,17.60
S148,1487117629,0.00,0.00,0.00,0.00,0.20,17.60
S148,1487117928,0.00,0.00,0.00,0.00,0.20,17.60
S148,1487118227,0.00,0.00,0.00,0.00,0.20,17.60
S148,1487118526,0.00,0.00,0.00,0.00,0.20,17.60
S148,1487118825,0.00,0.00,0.00,0.00,0.20,17.60
S148,1487119124,0.00,0.00,0.00,0.00,0.20,17.60
S148,1487119423,0.00,0.00,0.00,0.00,0.20,17.60
S148,1487119722,0.00,0.00,0.00,0.00,0.20,17.60
S148,1487120021,0.00,0.00,0.00,0.00,0.20,17.60
S148,1487120320,0.00,0.00,0.00,0.00,0.20,17.60
S148,1487120619,0.00,0.00,0.00,0.00,0.20,17.60
S148,1487120918,0.00,0.00,0.00,0.00,0.20,17.60
S148,1487121217,0.00,0.00,0.00,0.00,0.20,17.60
S148,1487121516,0.00,0.00,0.00,0.00,0.20,17.60
S148,1487121815,0.00,0.00,0.00,0.00,0.20,17.60
S148,1487122114,0.00,0.00,0.00,0.00,0.20,17.60
S148,1487122413,0.00,0.00,0.00,0.00,0.20,17.60
S148,1487122712,0.00,0.00,0.00,0.00,0.20,17.60
S148,1487123011,0.00,0.00,0.00,0.00,0.20,17.60
S148,1487123310,0.00,0.00,0.00,0.00,0.20,17.60
S148,1487123609,0.00,0.00,0.00,0.00,0.20,17.60
S148,1487123908,0.00,0.00,0.00,0.00,0.20,17.60
S148,1487124207,0.00,0.00,0.00,0.00,0.20,17.60
S148,1487124506,0.00,0.00,0.00,0.00,0.20,17.60
S148,1487124805,0.00,0.00,0.00,0.00,0.20,17.60
S148,1487125104,0.00,0.00,0.00,0.00,0.20,17.60
S148,1487125403,0.00,0.00,0.00,0.00,0.20,17.60
S148,1487125702,0.00,0.00,0.00,0.00,0.20,17.60
S148,1487126001,0.00,0.00,0.00,0.00,0.20,17.60
S148,1487126300,0.00,0.00,0.00,0.00,0.20,17.60
S148,1487126599,0.00,0.00,0.00,0.00,0.20,17.60
S148,1487126898,0.00,0.00,0.00,0.00,0.20,17.60
S148,1487127197,0.00,0.00,0.00,0.00,0.20,17.60
S148,1487127496,0.00,0.00,0.00,0.00,0.20,17.60
S148,1487127795,0.00,0.00,0.00,0.00,0.20,17.60
S148,1487128094,0.00,0.00,0.00,0.00,0.20,17.60
S148,1487128393,0.00,0.00,0.00,0.00,0.20,17.60
S148,1487128692,0.00,0.00,0.00,0.00,0.20,17.60
S148,1487128991,0.00,0.00,0.00,0.00,0.20,17.60
S148,1487129290,0.00,0.00,0.00,0.00,0.20,17.60
S148,1487129589,0.00,0.00,0.00,0.00,0.20,17.60
S148,1487129888,0.00,0.00,0.00,0.00,0.20,17.60
S148,1487130187,0.00,0.00,0.00,0.00,0.20,17.60
S148,1487130486,0.00,0.00,0.00,0.00,0.20,17.60
S148,1487130785,0.00,0.00,0.00,0.00,0.20,17.60
S148,1487131084,0.00,0.00,0.00,0.00,0.20,17.60
S148,1487131383,0.00,0.00,0.00,0.00,0.20,17.60
S148,1487131682,0.00,0.00,0.00,0.00,0.20,17.60
S148,1487131981,0.00,0.00,0.00,0.00,0.20,17.60
S148,1487132280,0.00,0.00,0.00,0.00,0.20,17.60
S148,1487132579,0.00,0.00,0.00,0.00,0.20,17.60
S148,1487132878,0.00,0.00,0.00,0.00,0.20,17.60
S148,1487133177,0.00,0.00,0.00,0.00,0.20,17.60
S148,1487133476,0.00,0.00,0.00,0.00,0.20,17.60
S148,1487133775,0.00,0.00,0.00,0.00,0.20,17.60
S148,1487134074,0.00,0.00,0.00,0.00,0.20,17.60
S148,1487134373,0.00,0.00,0.00,0.00,0.20,17.60
S148,1487134672,0.00,0.00,0.00,0.00,0.20,17.60
S148,1487134971,0.00,0.00,0.00,0.00,0.20,17.60
S148,1487135270,0.00,0.00,0.00,0.00,0.20,17.60
S148,1487135569,0.00,0.00,0.00,0.00,0.20,17.60
S148,1487135868,0.00,0.00,0.00,0.00,0.20,17.60
S148,1487136167,0.00,0.00,0.00,0.00,0.20,17.60
S148,1487136467,0.00,0.00,0.00,0.00,0.20,17.60
S148,1487136766,0.00,0.00,0.00,0.00,0.20,17.60
S148,1487137065,0.00,0.00,0.00,0.00,0.20,17.60
S148,1487137364,0.00,0.00,0.00,0.00,0.20,17.60
S148,1487137663,0.00,0.00,0.00,0.00,0.20,17.60
S148,1487137962,0.00,0.00,0.00,0.00,0.20,17.60
S148,1487138261,0.00,0.00,0.00,0.00,0.20,17.60
S148,1487138560,0.00,0.00,0.00,0.00,0.20,17.60
S148,1487138859,0.00,0.00,0.00,0.00,0.20,17.60
S148,1487139158,0.00,0.00,0.00,0.00,0.20,17.60
S148,1487139457,0.00,0.00,0.00,0.00,0.20,17.60
S148,1487139756,0.00,0.00,0.00,0.00,0.20,17.60
S148,1487140055,0.00,0.00,0.00,0.00,0.20,17.60
S148,1487140354,0.00,0.00,0.00,0.00,0.20,17.60
S148,1487140653,0.00,0.00,0.00,0.00,0.20,17.60
S148,1487140952,0.00,0.00,0.00,0.00,0.20,17.60
S148,1487141251,0.00,0.00,0.00,0.00,0.20,17.60
S148,1487141551,0.00,0.00,0.00,0.00,0.20,17.60
S148,1487141850,0.00,0.00,0.00,0.00,0.20,17.60
S148,1487142149,0.00,0.00,0.00,0.00,0.20,17.60
S148,1487142448,0.00,0.00,0.00,0.00,0.20,17.60
S148,1487142747,0.00,0.00,0.00,0.00,0.20,17.60
S148,1487143046,0.00,0.00,0.00,0.00,0.20,17.60
S148,1487143345,0.00,0.00,0.00,0.00,0.20,17.60
S148,1487143644,0.00,0.00,0.00,0.00,0.20,17.60
S148,1487143943,0.00,0.00,0.00,0.00,0.20,17.60
S148,1487144242,0.00,0.00,0.00,0.00,0.20,17.60
S148,1487144541,0.00,0.00,0.00,0.00,0.20,17.60
S148,1487144840,0.00,0.00,0.00,0.00,0.20,17.60
S148,1487145139,0.00,0.00,0.00,0.00,0.20,17.60
S148,1487145438,0.00,0.00,0.00,0.00,0.20,17.60
S148,1487145737,0.00,0.00,0.00,0.00,0.20,17.60
S148,1487146036,0.00,0.00,0.00,0.00,0.20,17.60
S148,1487146335,0.00,0.00,0.00,0.00,0.20,17.60
S148,1487146634,0.00,0.00,0.00,0.00,0.20,17.60
S148,1487146933,0.00,0.00,0.00,0.00,0.20,17.60
S148,1487147232,0.00,0.00,0.00,0.00,0.20,17.60
S148,1487147531,0.00,0.00,0.00,0.00,0.20,17.60
S148,1487147830,0.00,0.00,0.00,0.00,0.20,17.60
S148,1487148129,0.00,0.00,0.00,0.00,0.20,17.60
S148,1487148428,0.00,0.00,0.00,0.00,0.20,17.60
S148,1487148727,0.00,0.00,0.00,0.00,0.20,17.60
S148,1487149026,0.00,0.00,0.00,0.00,0.20,17.60
S148,1487149325,0.00,0.00,0.00,0.00,0.20,17.60
S148,1487149624,0.00,0.00,0.00,0.00,0.20,17.60
S148,1487149923,0.00,0.00,0.00,0.00,0.20,17.60
S148,1487150222,0.00,0.00,0.00,0.00,0.20,17.60
S148,1487150521,0.00,0.00,0.00,0.00,0.20,17.60
S148,1487150820,0.00,0.00,0.00,0.00,0.20,17.60
S148,1487151119,0.00,0.00,0.00,0.00,0.20,17.60
S148,1487151418,0.00,0.00,0.00,0.00,0.20,17.60
S148,1487151717,0.00,0.00,0.00,0.00,0.20,17.60
S148,1487152016,0.00,0.00,0.00,0.00,0.20,17.60
S148,1487152315,0.00,0.00,0.00,0.00,0.20,17.60
S148,1487152614,0.00,0.00,0.00,0.00,0.20,17.60
S148,1487152913,0.00,0.00,0.00,0.00,0.20,17.60
S148,1487153212,0.00,0.00,0.00,0.00,0.20,17.60
S148,1487153511,0.00,0.00,0.00,0.00,0.20,17.60
S148,1487153810,0.00,0.00,0.00,0.00,0.20,17.60
S148,1487154109,0.00,0.00,0.00,0.00,0.20,17.60
S148,1487154408,0.00,0.00,0.00,0.00,0.20,17.60
S148,1487154707,0.00,0.00,0.00,0.00,0.20,17.60
S148,1487155006,0.00,0.00,0.00,0.00,0.20,17.60
S148,1487155305,0.00,0.00,0.00,0.00,0.20,17.60
S148,1487155604,0.00,0.00,0.00,0.00,0.20,17.60
S148,1487155903,0.00,0.00,0.00,0.00,0.20,17.60
S148,1487156202,0.00,0.00,0.00,0.00,0.20,17.60
S148,1487156501,0.00,0.00,0.00,0.00,0.20,17.60
S148,1487156800,0.00,0.00,0.00,0.00,0.20,17.60
S148,1487157099,0.00,0.00,0.00,0.00,0.20,17.60
S148,1487157398,0.00,0.00,0.00,0.00,0.20,17.60
S148,1487157697,0.00,0.00,0.00,0.00,0.20,17.60
S148,1487157996,0.00,0.00,0.00,0.00,0.20,17.60
S148,1487158295,0.00,0.00,0.00,0.00,0.20,17.60
S148,1487158594,0.00,0.00,0.00,0.00,0.20,17.60
S148,1487158893,0.00,0.00,0.00,0.00,0.20,17.60
S148,1487159192,0.00,0.00,0.00,0.00,0.20,17.60
S148,1487159491,0.00,0.00,0.00,0.00,0.20,17.60
S148,1487159790,0.00,0.00,0.00,0.00,0.20,17.60
S148,1487160089,0.00,0.00,0.00,0.00,0.20,17.60
