Device,Time,DHT1-OUT Temp,DHT1-OUT Hum,DHT2-IN Temp,DHT2-IN Hum,Soil,Infrared
S152,1486911899,0.00,0.00,0.00,0.00,0.10,17.50
S152,1486912198,0.00,0.00,0.00,0.00,0.10,17.50
S152,1486912497,0.00,0.00,0.00,0.00,0.10,17.50
S152,1486912796,0.00,0.00,0.00,0.00,0.10,17.50
S152,1486913095,0.00,0.00,0.00,0.00,0.10,17.50
S152,1486913394,0.00,0.00,0.00,0.00,0.10,17.50
S152,1486913693,0.00,0.00,0.00,0.00,0.10,17.50
S152,1486913992,0.00,0.00,0.00,0.00,0.10,17.50
S152,1486914291,0.00,0.00,0.00,0.00,0.10,17.50
S152,1486914590,0.00,0.00,0.00,0.00,0.10,17.50
S152,1486914889,0.00,0.00,0.00,0.00,0.10,17.50
S152,1486915188,0.00,0.00,0.00,0.00,0.10,17.50
S152,1486915487,0.00,0.00,0.00,0.00,0.10,17.50
S152,1486915786,0.00,0.00,0.00,0.00,0.10,17.50
S152,1486916085,0.00,0.00,0.00,0.00,0.10,17.50
S152,1486916385,0.00,0.00,0.00,0.00,0.10,17.50
S152,1486916684,0.00,0.00,0.00,0.00,0.10,17.50
S152,1486916983,0.00,0.00,0.00,0.00,0.10,17.50
S152,1486917282,0.00,0.00,0.00,0.00,0.10,17.50
S152,1486917581,0.00,0.00,0.00,0.00,0.10,17.50
S152,1486917880,0.00,0.00,0.00,0.00,0.10,17.50
S152,1486918180,0.00,0.00,0.00,0.00,0.10,17.50
S152,1486918479,0.00,0.00,0.00,0.00,0.10,17.50
S152,1486918778,0.00,0.00,0.00,0.00,0.10,17.50
S152,1486919078,0.00,0.00,0.00,0.00,0.10,17.50
S152,1486919377,0.00,0.00,0.00,0.00,0.10,17.50
S152,1486919676,0.00,0.00,0.00,0.00,0.10,17.50
S152,1486919976,0.00,0.00,0.00,0.00,0.10,17.50
S152,1486920275,0.00,0.00,0.00,0.00,0.10,17.50
S152,1486921087,0.00,0.00,0.00,0.00,0.10,17.50
S152,1486921174,0.00,0.00,0.00,0.00,0.10,17.50
S152,1486921473,0.00,0.00,0.00,0.00,0.10,17.50
S152,1486921772,0.00,0.00,0.00,0.00,0.10,17.50
S152,1486922071,0.00,0.00,0.00,0.00,0.10,17.50
S152,1486922371,0.00,0.00,0.00,0.00,0.10,17.50
S152,1486922670,0.00,0.00,0.00,0.00,0.10,17.50
S152,1486922970,0.00,0.00,0.00,0.00,0.10,17.50
S152,1486923269,0.00,0.00,0.00,0.00,0.10,17.50
S152,1486923568,0.00,0.00,0.00,0.00,0.10,17.50
S152,1486923868,0.00,0.00,0.00,0.00,0.10,17.50
S152,1486924167,0.00,0.00,0.00,0.00,0.10,17.50
S152,1486924466,0.00,0.00,0.00,0.00,0.10,17.50
S152,1486924765,0.00,0.00,0.00,0.00,0.10,17.50
S152,1486925064,0.00,0.00,0.00,0.00,0.10,17.50
S152,1486925363,0.00,0.00,0.00,0.00,0.10,17.50
S152,1486925662,0.00,0.00,0.00,0.00,0.10,17.50
S152,1486925962,0.00,0.00,0.00,0.00,0.10,17.50
S152,1486926261,0.00,0.00,0.00,0.00,0.10,17.50
S152,1486926560,0.00,0.00,0.00,0.00,0.10,17.50
S152,1486926859,0.00,0.00,0.00,0.00,0.10,17.50
S152,1486927158,0.00,0.00,0.00,0.00,0.10,17.50
S152,1486927457,0.00,0.00,0.00,0.00,0.10,17.50
S152,1486927756,0.00,0.00,0.00,0.00,0.10,17.50
S152,1486928055,0.00,0.00,0.00,0.00,0.10,17.50
S152,1486928354,0.00,0.00,0.00,0.00,0.10,17.50
S152,1486928653,0.00,0.00,0.00,0.00,0.10,17.50
S152,1486928952,0.00,0.00,0.00,0.00,0.10,17.50
S152,1486929251,0.00,0.00,0.00,0.00,0.10,17.50
S152,1486929550,0.00,0.00,0.00,0.00,0.10,17.50
S152,1486929849,0.00,0.00,0.00,0.00,0.10,17.50
S152,1486930148,0.00,0.00,0.00,0.00,0.10,17.50
S152,1486930447,0.00,0.00,0.00,0.00,0.10,17.50
S152,1486930746,0.00,0.00,0.00,0.00,0.10,17.50
S152,1486931045,0.00,0.00,0.00,0.00,0.10,17.50
S152,1486931344,0.00,0.00,0.00,0.00,0.10,17.50
S152,1486931643,0.00,0.00,0.00,0.00,0.10,17.50
S152,1486931942,0.00,0.00,0.00,0.00,0.10,17.50
S152,1486932241,0.00,0.00,0.00,0.00,0.10,17.50
S152,1486932540,0.00,0.00,0.00,0.00,0.10,17.50
S152,1486932839,0.00,0.00,0.00,0.00,0.10,17.50
S152,1486933138,0.00,0.00,0.00,0.00,0.10,17.50
S152,1486933437,0.00,0.00,0.00,0.00,0.10,17.50
S152,1486933736,0.00,0.00,0.00,0.00,0.10,17.50
S152,1486934035,0.00,0.00,0.00,0.00,0.10,17.50
S152,1486934334,0.00,0.00,0.00,0.00,0.10,17.50
S152,1486934633,0.00,0.00,0.00,0.00,0.10,17.50
S152,1486934932,0.00,0.00,0.00,0.00,0.10,17.50
S152,1486935231,0.00,0.00,0.00,0.00,0.10,17.50
S152,1486935530,0.00,0.00,0.00,0.00,0.10,17.50
S152,1486935829,0.00,0.00,0.00,0.00,0.10,17.50
S152,1486936128,0.00,0.00,0.00,0.00,0.10,17.50
S152,1486936427,0.00,0.00,0.00,0.00,0.10,17.50
S152,1486936726,0.00,0.00,0.00,0.00,0.10,17.50
S152,1486937025,0.00,0.00,0.00,0.00,0.10,17.50
S152,1486937324,0.00,0.00,0.00,0.00,0.10,17.50
S152,1486937623,0.00,0.00,0.00,0.00,0.10,17.50
S152,1486937922,0.00,0.00,0.00,0.00,0.10,17.50
S152,1486938221,0.00,0.00,0.00,0.00,0.10,17.50
S152,1486938520,0.00,0.00,0.00,0.00,0.10,17.50
S152,1486938819,0.00,0.00,0.00,0.00,0.10,17.50
S152,1486939118,0.00,0.00,0.00,0.00,0.10,17.50
S152,1486939417,0.00,0.00,0.00,0.00,0.10,17.50
S152,1486939716,0.00,0.00,0.00,0.00,0.10,17.50
S152,1486940015,0.00,0.00,0.00,0.00,0.10,17.50
S152,1486940314,0.00,0.00,0.00,0.00,0.10,17.50
S152,1486940613,0.00,0.00,0.00,0.00,0.10,17.50
S152,1486940912,0.00,0.00,0.00,0.00,0.10,17.50
S152,1486941211,0.00,0.00,0.00,0.00,0.10,17.50
S152,1486941510,0.00,0.00,0.00,0.00,0.10,17.50
S152,1486941809,0.00,0.00,0.00,0.00,0.10,17.50
S152,1486942108,0.00,0.00,0.00,0.00,0.10,17.50
S152,1486942407,0.00,0.00,0.00,0.00,0.10,17.50
S152,1486942706,0.00,0.00,0.00,0.00,0.10,17.50
S152,1486943005,0.00,0.00,0.00,0.00,0.10,17.50
S152,1486943304,0.00,0.00,0.00,0.00,0.10,17.50
S152,1486943603,0.00,0.00,0.00,0.00,0.10,17.50
S152,1486943902,0.00,0.00,0.00,0.00,0.10,17.50
S152,1486944201,0.00,0.00,0.00,0.00,0.10,17.50
S152,1486944500,0.00,0.00,0.00,0.00,0.10,17.50
S152,1486944799,0.00,0.00,0.00,0.00,0.10,17.50
S152,1486945098,0.00,0.00,0.00,0.00,0.10,17.50
S152,1486945397,0.00,0.00,0.00,0.00,0.10,17.50
S152,1486945696,0.00,0.00,0.00,0.00,0.10,17.50
S152,1486945995,0.00,0.00,0.00,0.00,0.10,17.50
S152,1486946294,0.00,0.00,0.00,0.00,0.10,17.50
S152,1486946593,0.00,0.00,0.00,0.00,0.10,17.50
S152,1486946892,0.00,0.00,0.00,0.00,0.10,17.50
S152,1486947191,0.00,0.00,0.00,0.00,0.10,17.50
S152,1486947490,0.00,0.00,0.00,0.00,0.10,17.50
S152,1486947789,0.00,0.00,0.00,0.00,0.10,17.50
S152,1486948088,0.00,0.00,0.00,0.00,0.10,17.50
S152,1486948387,0.00,0.00,0.00,0.00,0.10,17.50
S152,1486948686,0.00,0.00,0.00,0.00,0.10,17.50
S152,1486948985,0.00,0.00,0.00,0.00,0.10,17.50
S152,1486949284,0.00,0.00,0.00,0.00,0.10,17.50
S152,1486949583,0.00,0.00,0.00,0.00,0.10,17.50
S152,1486949882,0.00,0.00,0.00,0.00,0.10,17.50
S152,1486950182,0.00,0.00,0.00,0.00,0.10,17.50
S152,1486950481,0.00,0.00,0.00,0.00,0.10,17.50
S152,1486950780,0.00,0.00,0.00,0.00,0.10,17.50
S152,1486951079,0.00,0.00,0.00,0.00,0.10,17.50
S152,1486951378,0.00,0.00,0.00,0.00,0.10,17.50
S152,1486951677,0.00,0.00,0.00,0.00,0.10,17.50
S152,1486951976,0.00,0.00,0.00,0.00,0.10,17.50
S152,1486952275,0.00,0.00,0.00,0.00,0.10,17.50
S152,1486952574,0.00,0.00,0.00,0.00,0.10,17.50
S152,1486952873,0.00,0.00,0.00,0.00,0.10,17.50
S152,1486953172,0.00,0.00,0.00,0.00,0.10,17.50
S152,1486953471,0.00,0.00,0.00,0.00,0.10,17.50
S152,1486953770,0.00,0.00,0.00,0.00,0.10,17.50
S152,1486954069,0.00,0.00,0.00,0.00,0.10,17.50
S152,1486954368,0.00,0.00,0.00,0.00,0.10,17.50
S152,1486954667,0.00,0.00,0.00,0.00,0.10,17.50
S152,1486954966,0.00,0.00,0.00,0.00,0.10,17.50
S152,1486955265,0.00,0.00,0.00,0.00,0.10,17.50
S152,1486955564,0.00,0.00,0.00,0.00,0.10,17.50
S152,1486955863,0.00,0.00,0.00,0.00,0.10,17.50
S152,1486956162,0.00,0.00,0.00,0.00,0.10,17.50
S152,1486956461,0.00,0.00,0.00,0.00,0.10,17.50
S152,1486956760,0.00,0.00,0.00,0.00,0.10,17.50
S152,1486957059,0.00,0.00,0.00,0.00,0.10,17.50
S152,1486957358,0.00,0.00,0.00,0.00,0.10,17.50
S152,1486957657,0.00,0.00,0.00,0.00,0.10,17.50
S152,1486957956,0.00,0.00,0.00,0.00,0.10,17.50
S152,1486958255,0.00,0.00,0.00,0.00,0.10,17.50
S152,1486958554,0.00,0.00,0.00,0.00,0.10,17.50
S152,1486958853,0.00,0.00,0.00,0.00,0.10,17.50
S152,1486959152,0.00,0.00,0.00,0.00,0.10,17.50
S152,1486959451,0.00,0.00,0.00,0.00,0.10,17.50
S152,1486959750,0.00,0.00,0.00,0.00,0.10,17.50
S152,1486960049,0.00,0.00,0.00,0.00,0.10,17.50
S152,1486960348,0.00,0.00,0.00,0.00,0.10,17.50
S152,1486960647,0.00,0.00,0.00,0.00,0.10,17.50
S152,1486960946,0.00,0.00,0.00,0.00,0.10,17.50
S152,1486961245,0.00,0.00,0.00,0.00,0.10,17.50
S152,1486961544,0.00,0.00,0.00,0.00,0.10,17.50
S152,1486961843,0.00,0.00,0.00,0.00,0.10,17.50
S152,1486962142,0.00,0.00,0.00,0.00,0.10,17.50
S152,1486962441,0.00,0.00,0.00,0.00,0.10,17.50
S152,1486962740,0.00,0.00,0.00,0.00,0.10,17.50
S152,1486963039,0.00,0.00,0.00,0.00,0.10,17.50
S152,1486963338,0.00,0.00,0.00,0.00,0.10,17.50
S152,1486963637,0.00,0.00,0.00,0.00,0.10,17.50
S152,1486963936,0.00,0.00,0.00,0.00,0.10,17.50
S152,1486964235,0.00,0.00,0.00,0.00,0.10,17.50
S152,1486964534,0.00,0.00,0.00,0.00,0.10,17.50
S152,1486964833,0.00,0.00,0.00,0.00,0.10,17.50
S152,1486965132,0.00,0.00,0.00,0.00,0.10,17.50
S152,1486965431,0.00,0.00,0.00,0.00,0.10,17.50
S152,1486965730,0.00,0.00,0.00,0.00,0.10,17.50
S152,1486966029,0.00,0.00,0.00,0.00,0.10,17.50
S152,1486966328,0.00,0.00,0.00,0.00,0.10,17.50
S152,1486966627,0.00,0.00,0.00,0.00,0.10,17.50
S152,1486966926,0.00,0.00,0.00,0.00,0.10,17.50
S152,1486967225,0.00,0.00,0.00,0.00,0.10,17.50
S152,1486967524,0.00,0.00,0.00,0.00,0.10,17.50
S152,1486967823,0.00,0.00,0.00,0.00,0.10,17.50
S152,1486968122,0.00,0.00,0.00,0.00,0.10,17.50
S152,1486968421,0.00,0.00,0.00,0.00,0.10,17.50
S152,1486968720,0.00,0.00,0.00,0.00,0.10,17.50
S152,1486969019,0.00,0.00,0.00,0.00,0.10,17.50
S152,1486969318,0.00,0.00,0.00,0.00,0.10,17.50
S152,1486969617,0.00,0.00,0.00,0.00,0.10,17.50
S152,1486969916,0.00,0.00,0.00,0.00,0.10,17.50
S152,1486970215,0.00,0.00,0.00,0.00,0.10,17.50
S152,1486970514,0.00,0.00,0.00,0.00,0.10,17.50
S152,1486970813,0.00,0.00,0.00,0.00,0.10,17.50
S152,1486971112,0.00,0.00,0.00,0.00,0.10,17.50
S152,1486971411,0.00,0.00,0.00,0.00,0.10,17.50
S152,1486971710,0.00,0.00,0.00,0.00,0.10,17.50
S152,1486972009,0.00,0.00,0.00,0.00,0.10,17.50
S152,1486972308,0.00,0.00,0.00,0.00,0.10,17.50
S152,1486972607,0.00,0.00,0.00,0.00,0.10,17.50
S152,1486972906,0.00,0.00,0.00,0.00,0.10,17.50
S152,1486973205,0.00,0.00,0.00,0.00,0.10,17.50
S152,1486973504,0.00,0.00,0.00,0.00,0.10,17.50
S152,1486973803,0.00,0.00,0.00,0.00,0.10,17.50
S152,1486974102,0.00,0.00,0.00,0.00,0.10,17.50
S152,1486974401,0.00,0.00,0.00,0.00,0.10,17.50
S152,1486974700,0.00,0.00,0.00,0.00,0.10,17.50
S152,1486974999,0.00,0.00,0.00,0.00,0.10,17.50
S152,1486975298,0.00,0.00,0.00,0.00,0.10,17.50
S152,1486975597,0.00,0.00,0.00,0.00,0.10,17.50
S152,1486975896,0.00,0.00,0.00,0.00,0.10,17.50
S152,1486976195,0.00,0.00,0.00,0.00,0.10,17.50
S152,1486976494,0.00,0.00,0.00,0.00,0.10,17.50
S152,1486976793,0.00,0.00,0.00,0.00,0.10,17.50
S152,1486977092,0.00,0.00,0.00,0.00,0.10,17.50
S152,1486977391,0.00,0.00,0.00,0.00,0.10,17.50
S152,1486977690,0.00,0.00,0.00,0.00,0.10,17.50
S152,1486977989,0.00,0.00,0.00,0.00,0.10,17.50
S152,1486978288,0.00,0.00,0.00,0.00,0.10,17.50
S152,1486978587,0.00,0.00,0.00,0.00,0.10,17.50
S152,1486978886,0.00,0.00,0.00,0.00,0.10,17.50
S152,1486979185,0.00,0.00,0.00,0.00,0.10,17.50
S152,1486979484,0.00,0.00,0.00,0.00,0.10,17.50
S152,1486979783,0.00,0.00,0.00,0.00,0.10,17.50
S152,1486980082,0.00,0.00,0.00,0.00,0.10,17.50
S152,1486980381,0.00,0.00,0.00,0.00,0.10,17.50
S152,1486980680,0.00,0.00,0.00,0.00,0.10,17.50
S152,1486980979,0.00,0.00,0.00,0.00,0.10,17.50
S152,1486981278,0.00,0.00,0.00,0.00,0.10,17.50
S152,1486981577,0.00,0.00,0.00,0.00,0.10,17.50
S152,1486981876,0.00,0.00,0.00,0.00,0.10,17.50
S152,1486982175,0.00,0.00,0.00,0.00,0.10,17.50
S152,1486982474,0.00,0.00,0.00,0.00,0.10,17.50
S152,1486982773,0.00,0.00,0.00,0.00,0.10,17.50
S152,1486983072,0.00,0.00,0.00,0.00,0.10,17.50
S152,1486983371,0.00,0.00,0.00,0.00,0.10,17.50
S152,1486983670,0.00,0.00,0.00,0.00,0.10,17.50
S152,1486983969,0.00,0.00,0.00,0.00,0.10,17.50
S152,1486984268,0.00,0.00,0.00,0.00,0.10,17.50
S152,1486984567,0.00,0.00,0.00,0.00,0.10,17.50
S152,1486984866,0.00,0.00,0.00,0.00,0.10,17.50
S152,1486985165,0.00,0.00,0.00,0.00,0.10,17.50
S152,1486985464,0.00,0.00,0.00,0.00,0.10,17.50
S152,1486985763,0.00,0.00,0.00,0.00,0.10,17.50
S152,1486986062,0.00,0.00,0.00,0.00,0.10,17.50
S152,1486986361,0.00,0.00,0.00,0.00,0.10,17.50
S152,1486986660,0.00,0.00,0.00,0.00,0.10,17.50
S152,1486986959,0.00,0.00,0.00,0.00,0.10,17.50
S152,1486987258,0.00,0.00,0.00,0.00,0.10,17.50
S152,1486987557,0.00,0.00,0.00,0.00,0.10,17.50
S152,1486987856,0.00,0.00,0.00,0.00,0.10,17.50
S152,1486988155,0.00,0.00,0.00,0.00,0.10,17.50
S152,1486988455,0.00,0.00,0.00,0.00,0.10,17.50
S152,1486988754,0.00,0.00,0.00,0.00,0.10,17.50
S152,1486989053,0.00,0.00,0.00,0.00,0.10,17.50
S152,1486989352,0.00,0.00,0.00,0.00,0.10,17.50
S152,1486989651,0.00,0.00,0.00,0.00,0.10,17.50
S152,1486989950,0.00,0.00,0.00,0.00,0.10,17.50
S152,1486990249,0.00,0.00,0.00,0.00,0.10,17.50
S152,1486990548,0.00,0.00,0.00,0.00,0.10,17.50
S152,1486990847,0.00,0.00,0.00,0.00,0.10,17.50
S152,1486991146,0.00,0.00,0.00,0.00,0.10,17.50
S152,1486991445,0.00,0.00,0.00,0.00,0.10,17.50
S152,1486991744,0.00,0.00,0.00,0.00,0.10,17.50
S152,1486992043,0.00,0.00,0.00,0.00,0.10,17.50
S152,1486992342,0.00,0.00,0.00,0.00,0.10,17.50
S152,1486992641,0.00,0.00,0.00,0.00,0.10,17.50
S152,1486992940,0.00,0.00,0.00,0.00,0.10,17.50
S152,1486993239,0.00,0.00,0.00,0.00,0.10,17.50
S152,1486993538,0.00,0.00,0.00,0.00,0.10,17.50
S152,1486993837,0.00,0.00,0.00,0.00,0.10,17.50
S152,1486994136,0.00,0.00,0.00,0.00,0.10,17.50
S152,1486994435,0.00,0.00,0.00,0.00,0.10,17.50
S152,1486994734,0.00,0.00,0.00,0.00,0.10,17.50
S152,1486995033,0.00,0.00,0.00,0.00,0.10,17.50
S152,1486995332,0.00,0.00,0.00,0.00,0.10,17.50
S152,1486995631,0.00,0.00,0.00,0.00,0.10,17.50
S152,1486995930,0.00,0.00,0.00,0.00,0.10,17.50
S152,1486996229,0.00,0.00,0.00,0.00,0.10,17.50
S152,1486996528,0.00,0.00,0.00,0.00,0.10,17.50
S152,1486996827,0.00,0.00,0.00,0.00,0.10,17.50
S152,1486997126,0.00,0.00,0.00,0.00,0.10,17.50
S152,1486997425,0.00,0.00,0.00,0.00,0.10,17.50
S152,1486997724,0.00,0.00,0.00,0.00,0.10,17.50
S152,1486998023,0.00,0.00,0.00,0.00,0.10,17.50
S152,1486998322,0.00,0.00,0.00,0.00,0.10,17.50
S152,1486998621,0.00,0.00,0.00,0.00,0.10,17.50
S152,1486998920,0.00,0.00,0.00,0.00,0.10,17.50
S152,1486999219,0.00,0.00,0.00,0.00,0.10,17.50
S152,1486999518,0.00,0.00,0.00,0.00,0.10,17.50
S152,1486999817,0.00,0.00,0.00,0.00,0.10,17.50
S152,1487000116,0.00,0.00,0.00,0.00,0.10,17.50
S152,1487000415,0.00,0.00,0.00,0.00,0.10,17.50
S152,1487000714,0.00,0.00,0.00,0.00,0.10,17.50
S152,1487001013,0.00,0.00,0.00,0.00,0.10,17.50
S152,1487001312,0.00,0.00,0.00,0.00,0.10,17.50
S152,1487001611,0.00,0.00,0.00,0.00,0.10,17.50
S152,1487001910,0.00,0.00,0.00,0.00,0.10,17.50
S152,1487002209,0.00,0.00,0.00,0.00,0.10,17.50
S152,1487002508,0.00,0.00,0.00,0.00,0.10,17.50
S152,1487002807,0.00,0.00,0.00,0.00,0.10,17.50
S152,1487003106,0.00,0.00,0.00,0.00,0.10,17.50
S152,1487003405,0.00,0.00,0.00,0.00,0.10,17.50
S152,1487003704,0.00,0.00,0.00,0.00,0.10,17.50
S152,1487004003,0.00,0.00,0.00,0.00,0.10,17.50
S152,1487004302,0.00,0.00,0.00,0.00,0.10,17.50
S152,1487004601,0.00,0.00,0.00,0.00,0.10,17.50
S152,1487004900,0.00,0.00,0.00,0.00,0.10,17.50
S152,1487005199,0.00,0.00,0.00,0.00,0.10,17.50
S152,1487005498,0.00,0.00,0.00,0.00,0.10,17.50
S152,1487005797,0.00,0.00,0.00,0.00,0.10,17.50
S152,1487006096,0.00,0.00,0.00,0.00,0.10,17.50
S152,1487006395,0.00,0.00,0.00,0.00,0.10,17.50
S152,1487006694,0.00,0.00,0.00,0.00,0.10,17.50
S152,1487006993,0.00,0.00,0.00,0.00,0.10,17.50
S152,1487007292,0.00,0.00,0.00,0.00,0.10,17.50
S152,1487007591,0.00,0.00,0.00,0.00,0.10,17.50
S152,1487007890,0.00,0.00,0.00,0.00,0.10,17.50
S152,1487008189,0.00,0.00,0.00,0.00,0.10,17.50
S152,1487008488,0.00,0.00,0.00,0.00,0.10,17.50
S152,1487008787,0.00,0.00,0.00,0.00,0.10,17.50
S152,1487009086,0.00,0.00,0.00,0.00,0.10,17.50
S152,1487009385,0.00,0.00,0.00,0.00,0.10,17.50
S152,1487009684,0.00,0.00,0.00,0.00,0.10,17.50
S152,1487009983,0.00,0.00,0.00,0.00,0.10,17.50
S152,1487010282,0.00,0.00,0.00,0.00,0.10,17.50
S152,1487010581,0.00,0.00,0.00,0.00,0.10,17.50
S152,1487010880,0.00,0.00,0.00,0.00,0.10,17.50
S152,1487011179,0.00,0.00,0.00,0.00,0.10,17.50
S152,1487011478,0.00,0.00,0.00,0.00,0.10,17.50
S152,1487011777,0.00,0.00,0.00,0.00,0.10,17.50
S152,1487012076,0.00,0.00,0.00,0.00,0.10,17.50
S152,1487012375,0.00,0.00,0.00,0.00,0.10,17.50
S152,1487012674,0.00,0.00,0.00,0.00,0.10,17.50
S152,1487012973,0.00,0.00,0.00,0.00,0.10,17.50
S152,1487013272,0.00,0.00,0.00,0.00,0.10,17.50
S152,1487013571,0.00,0.00,0.00,0.00,0.10,17.50
S152,1487013870,0.00,0.00,0.00,0.00,0.10,17.50
S152,1487014169,0.00,0.00,0.00,0.00,0.10,17.50
S152,1487014468,0.00,0.00,0.00,0.00,0.10,17.50
S152,1487014767,0.00,0.00,0.00,0.00,0.10,17.50
S152,1487015066,0.00,0.00,0.00,0.00,0.10,17.50
S152,1487015365,0.00,0.00,0.00,0.00,0.10,17.50
S152,1487015664,0.00,0.00,0.00,0.00,0.10,17.50
S152,1487015963,0.00,0.00,0.00,0.00,0.10,17.50
S152,1487016262,0.00,0.00,0.00,0.00,0.10,17.50
S152,1487016561,0.00,0.00,0.00,0.00,0.10,17.50
S152,1487016860,0.00,0.00,0.00,0.00,0.10,17.50
S152,1487017159,0.00,0.00,0.00,0.00,0.10,17.50
S152,1487017458,0.00,0.00,0.00,0.00,0.10,17.50
S152,1487017757,0.00,0.00,0.00,0.00,0.10,17.50
S152,1487018056,0.00,0.00,0.00,0.00,0.10,17.50
S152,1487018355,0.00,0.00,0.00,0.00,0.10,17.50
S152,1487018654,0.00,0.00,0.00,0.00,0.10,17.50
S152,1487018953,0.00,0.00,0.00,0.00,0.10,17.50
S152,1487019252,0.00,0.00,0.00,0.00,0.10,17.50
S152,1487019551,0.00,0.00,0.00,0.00,0.10,17.50
S152,1487019850,0.00,0.00,0.00,0.00,0.10,17.50
S152,1487020149,0.00,0.00,0.00,0.00,0.10,17.50
S152,1487020448,0.00,0.00,0.00,0.00,0.10,17.50
S152,1487020747,0.00,0.00,0.00,0.00,0.10,17.50
S152,1487021046,0.00,0.00,0.00,0.00,0.10,17.50
S152,1487021345,0.00,0.00,0.00,0.00,0.10,17.50
S152,1487021644,0.00,0.00,0.00,0.00,0.10,17.50
S152,1487021943,0.00,0.00,0.00,0.00,0.10,17.50
S152,1487022242,0.00,0.00,0.00,0.00,0.10,17.50
S152,1487022541,0.00,0.00,0.00,0.00,0.10,17.50
S152,1487022840,0.00,0.00,0.00,0.00,0.10,17.50
S152,1487023139,0.00,0.00,0.00,0.00,0.10,17.50
S152,1487023438,0.00,0.00,0.00,0.00,0.10,17.50
S152,1487023737,0.00,0.00,0.00,0.00,0.10,17.50
S152,1487024036,0.00,0.00,0.00,0.00,0.10,17.50
S152,1487024335,0.00,0.00,0.00,0.00,0.10,17.50
S152,1487024634,0.00,0.00,0.00,0.00,0.10,17.50
S152,1487024933,0.00,0.00,0.00,0.00,0.10,17.50
S152,1487025232,0.00,0.00,0.00,0.00,0.10,17.50
S152,1487025531,0.00,0.00,0.00,0.00,0.10,17.50
S152,1487025830,0.00,0.00,0.00,0.00,0.10,17.50
S152,1487026129,0.00,0.00,0.00,0.00,0.10,17.50
S152,1487026428,0.00,0.00,0.00,0.00,0.10,17.50
S152,1487026728,0.00,0.00,0.00,0.00,0.10,17.50
S152,1487027027,0.00,0.00,0.00,0.00,0.10,17.50
S152,1487027326,0.00,0.00,0.00,0.00,0.10,17.50
S152,1487027625,0.00,0.00,0.00,0.00,0.10,17.50
S152,1487027924,0.00,0.00,0.00,0.00,0.10,17.50
S152,1487028223,0.00,0.00,0.00,0.00,0.10,17.50
S152,1487028522,0.00,0.00,0.00,0.00,0.10,17.50
S152,1487028821,0.00,0.00,0.00,0.00,0.10,17.50
S152,1487029120,0.00,0.00,0.00,0.00,0.10,17.50
S152,1487029419,0.00,0.00,0.00,0.00,0.10,17.50
S152,1487029718,0.00,0.00,0.00,0.00,0.10,17.50
S152,1487030017,0.00,0.00,0.00,0.00,0.10,17.50
S152,1487030316,0.00,0.00,0.00,0.00,0.10,17.50
S152,1487030615,0.00,0.00,0.00,0.00,0.10,17.50
S152,1487030914,0.00,0.00,0.00,0.00,0.10,17.50
S152,1487031213,0.00,0.00,0.00,0.00,0.10,17.50
S152,1487031512,0.00,0.00,0.00,0.00,0.10,17.50
S152,1487031811,0.00,0.00,0.00,0.00,0.10,17.50
S152,1487032110,0.00,0.00,0.00,0.00,0.10,17.50
S152,1487032409,0.00,0.00,0.00,0.00,0.10,17.50
S152,1487032708,0.00,0.00,0.00,0.00,0.10,17.50
S152,1487033007,0.00,0.00,0.00,0.00,0.10,17.50
S152,1487033306,0.00,0.00,0.00,0.00,0.10,17.50
S152,1487033605,0.00,0.00,0.00,0.00,0.10,17.50
S152,1487033904,0.00,0.00,0.00,0.00,0.10,17.50
S152,1487034203,0.00,0.00,0.00,0.00,0.10,17.50
S152,1487034502,0.00,0.00,0.00,0.00,0.10,17.50
S152,1487034801,0.00,0.00,0.00,0.00,0.10,17.50
S152,1487035100,0.00,0.00,0.00,0.00,0.10,17.50
S152,1487035399,0.00,0.00,0.00,0.00,0.10,17.50
S152,1487035698,0.00,0.00,0.00,0.00,0.10,17.50
S152,1487035997,0.00,0.00,0.00,0.00,0.10,17.50
S152,1487036296,0.00,0.00,0.00,0.00,0.10,17.50
S152,1487036595,0.00,0.00,0.00,0.00,0.10,17.50
S152,1487036894,0.00,0.00,0.00,0.00,0.10,17.50
S152,1487037193,0.00,0.00,0.00,0.00,0.10,17.50
S152,1487037492,0.00,0.00,0.00,0.00,0.10,17.50
S152,1487037791,0.00,0.00,0.00,0.00,0.10,17.50
S152,1487038090,0.00,0.00,0.00,0.00,0.10,17.50
S152,1487038389,0.00,0.00,0.00,0.00,0.10,17.50
S152,1487038688,0.00,0.00,0.00,0.00,0.10,17.50
S152,1487038987,0.00,0.00,0.00,0.00,0.10,17.50
S152,1487039286,0.00,0.00,0.00,0.00,0.10,17.50
S152,1487039585,0.00,0.00,0.00,0.00,0.10,17.50
S152,1487039884,0.00,0.00,0.00,0.00,0.10,17.50
S152,1487040183,0.00,0.00,0.00,0.00,0.10,17.50
S152,1487040482,0.00,0.00,0.00,0.00,0.10,17.50
S152,1487040781,0.00,0.00,0.00,0.00,0.10,17.50
S152,1487041080,0.00,0.00,0.00,0.00,0.10,17.50
S152,1487041379,0.00,0.00,0.00,0.00,0.10,17.50
S152,1487041678,0.00,0.00,0.00,0.00,0.10,17.50
S152,1487041977,0.00,0.00,0.00,0.00,0.10,17.50
S152,1487042276,0.00,0.00,0.00,0.00,0.10,17.50
S152,1487042575,0.00,0.00,0.00,0.00,0.10,17.50
S152,1487042874,0.00,0.00,0.00,0.00,0.10,17.50
S152,1487043173,0.00,0.00,0.00,0.00,0.10,17.50
S152,1487043472,0.00,0.00,0.00,0.00,0.10,17.50
S152,1487043771,0.00,0.00,0.00,0.00,0.10,17.50
S152,1487044070,0.00,0.00,0.00,0.00,0.10,17.50
S152,1487044369,0.00,0.00,0.00,0.00,0.10,17.50
S152,1487044668,0.00,0.00,0.00,0.00,0.10,17.50
S152,1487044967,0.00,0.00,0.00,0.00,0.10,17.50
S152,1487045266,0.00,0.00,0.00,0.00,0.10,17.50
S152,1487045565,0.00,0.00,0.00,0.00,0.10,17.50
S152,1487045864,0.00,0.00,0.00,0.00,0.10,17.50
S152,1487046163,0.00,0.00,0.00,0.00,0.10,17.50
S152,1487046462,0.00,0.00,0.00,0.00,0.10,17.50
S152,1487046761,0.00,0.00,0.00,0.00,0.10,17.50
S152,1487047060,0.00,0.00,0.00,0.00,0.10,17.50
S152,1487047359,0.00,0.00,0.00,0.00,0.10,17.50
S152,1487047658,0.00,0.00,0.00,0.00,0.10,17.50
S152,1487047957,0.00,0.00,0.00,0.00,0.10,17.50
S152,1487048256,0.00,0.00,0.00,0.00,0.10,17.50
S152,1487048555,0.00,0.00,0.00,0.00,0.10,17.50
S152,1487048854,0.00,0.00,0.00,0.00,0.10,17.50
S152,1487049153,0.00,0.00,0.00,0.00,0.10,17.50
S152,1487049452,0.00,0.00,0.00,0.00,0.10,17.50
S152,1487049751,0.00,0.00,0.00,0.00,0.10,17.50
S152,1487050050,0.00,0.00,0.00,0.00,0.10,17.50
S152,1487050349,0.00,0.00,0.00,0.00,0.10,17.50
S152,1487050648,0.00,0.00,0.00,0.00,0.10,17.50
S152,1487050947,0.00,0.00,0.00,0.00,0.10,17.50
S152,1487051246,0.00,0.00,0.00,0.00,0.10,17.50
S152,1487051545,0.00,0.00,0.00,0.00,0.10,17.50
S152,1487051844,0.00,0.00,0.00,0.00,0.10,17.50
S152,1487052143,0.00,0.00,0.00,0.00,0.10,17.50
S152,1487052442,0.00,0.00,0.00,0.00,0.10,17.50
S152,1487052741,0.00,0.00,0.00,0.00,0.10,17.50
S152,1487053040,0.00,0.00,0.00,0.00,0.10,17.50
S152,1487053339,0.00,0.00,0.00,0.00,0.10,17.50
S152,1487053638,0.00,0.00,0.00,0.00,0.10,17.50
S152,1487053937,0.00,0.00,0.00,0.00,0.10,17.50
S152,1487054236,0.00,0.00,0.00,0.00,0.10,17.50
S152,1487054535,0.00,0.00,0.00,0.00,0.10,17.50
S152,1487054834,0.00,0.00,0.00,0.00,0.10,17.50
S152,1487055133,0.00,0.00,0.00,0.00,0.10,17.50
S152,1487055432,0.00,0.00,0.00,0.00,0.10,17.50
S152,1487055731,0.00,0.00,0.00,0.00,0.10,17.50
S152,1487056030,0.00,0.00,0.00,0.00,0.10,17.50
S152,1487056329,0.00,0.00,0.00,0.00,0.10,17.50
S152,1487056628,0.00,0.00,0.00,0.00,0.10,17.50
S152,1487056927,0.00,0.00,0.00,0.00,0.10,17.50
S152,1487057226,0.00,0.00,0.00,0.00,0.10,17.50
S152,1487057525,0.00,0.00,0.00,0.00,0.10,17.50
S152,1487057824,0.00,0.00,0.00,0.00,0.10,17.50
S152,1487058123,0.00,0.00,0.00,0.00,0.10,17.50
S152,1487058422,0.00,0.00,0.00,0.00,0.10,17.50
S152,1487058721,0.00,0.00,0.00,0.00,0.10,17.50
S152,1487059020,0.00,0.00,0.00,0.00,0.10,17.50
S152,1487059319,0.00,0.00,0.00,0.00,0.10,17.50
S152,1487059618,0.00,0.00,0.00,0.00,0.10,17.50
S152,1487059917,0.00,0.00,0.00,0.00,0.10,17.50
S152,1487060216,0.00,0.00,0.00,0.00,0.10,17.50
S152,1487060515,0.00,0.00,0.00,0.00,0.10,17.50
S152,1487060814,0.00,0.00,0.00,0.00,0.10,17.50
S152,1487061113,0.00,0.00,0.00,0.00,0.10,17.50
S152,1487061412,0.00,0.00,0.00,0.00,0.10,17.50
S152,1487061711,0.00,0.00,0.00,0.00,0.10,17.50
S152,1487062010,0.00,0.00,0.00,0.00,0.10,17.50
S152,1487062309,0.00,0.00,0.00,0.00,0.10,17.50
S152,1487062608,0.00,0.00,0.00,0.00,0.10,17.50
S152,1487062907,0.00,0.00,0.00,0.00,0.10,17.50
S152,1487063206,0.00,0.00,0.00,0.00,0.10,17.50
S152,1487063505,0.00,0.00,0.00,0.00,0.10,17.50
S152,1487063804,0.00,0.00,0.00,0.00,0.10,17.50
S152,1487064103,0.00,0.00,0.00,0.00,0.10,17.50
S152,1487064402,0.00,0.00,0.00,0.00,0.10,17.50
S152,1487064701,0.00,0.00,0.00,0.00,0.10,17.50
S152,1487065001,0.00,0.00,0.00,0.00,0.10,17.50
S152,1487065300,0.00,0.00,0.00,0.00,0.10,17.50
S152,1487065599,0.00,0.00,0.00,0.00,0.10,17.50
S152,1487065898,0.00,0.00,0.00,0.00,0.10,17.50
S152,1487066197,0.00,0.00,0.00,0.00,0.10,17.50
S152,1487066496,0.00,0.00,0.00,0.00,0.10,17.50
S152,1487066795,0.00,0.00,0.00,0.00,0.10,17.50
S152,1487067094,0.00,0.00,0.00,0.00,0.10,17.50
S152,1487067393,0.00,0.00,0.00,0.00,0.10,17.50
S152,1487067692,0.00,0.00,0.00,0.00,0.10,17.50
S152,1487067991,0.00,0.00,0.00,0.00,0.10,17.50
S152,1487068290,0.00,0.00,0.00,0.00,0.10,17.50
S152,1487068589,0.00,0.00,0.00,0.00,0.10,17.50
S152,1487068888,0.00,0.00,0.00,0.00,0.10,17.50
S152,1487069187,0.00,0.00,0.00,0.00,0.10,17.50
S152,1487069486,0.00,0.00,0.00,0.00,0.10,17.50
S152,1487069785,0.00,0.00,0.00,0.00,0.10,17.50
S152,1487070084,0.00,0.00,0.00,0.00,0.10,17.50
S152,1487070383,0.00,0.00,0.00,0.00,0.10,17.50
S152,1487070682,0.00,0.00,0.00,0.00,0.10,17.50
S152,1487070981,0.00,0.00,0.00,0.00,0.10,17.50
S152,1487071280,0.00,0.00,0.00,0.00,0.10,17.50
S152,1487071579,0.00,0.00,0.00,0.00,0.10,17.50
S152,1487071878,0.00,0.00,0.00,0.00,0.10,17.50
S152,1487072177,0.00,0.00,0.00,0.00,0.10,17.50
S152,1487072476,0.00,0.00,0.00,0.00,0.10,17.50
S152,1487072775,0.00,0.00,0.00,0.00,0.10,17.50
S152,1487073074,0.00,0.00,0.00,0.00,0.10,17.50
S152,1487073373,0.00,0.00,0.00,0.00,0.10,17.50
S152,1487073672,0.00,0.00,0.00,0.00,0.10,17.50
S152,1487073971,0.00,0.00,0.00,0.00,0.10,17.50
S152,1487074270,0.00,0.00,0.00,0.00,0.10,17.50
S152,1487074569,0.00,0.00,0.00,0.00,0.10,17.50
S152,1487074868,0.00,0.00,0.00,0.00,0.10,17.50
S152,1487075167,0.00,0.00,0.00,0.00,0.10,17.50
S152,1487075466,0.00,0.00,0.00,0.00,0.10,17.50
S152,1487075765,0.00,0.00,0.00,0.00,0.10,17.50
S152,1487076064,0.00,0.00,0.00,0.00,0.10,17.50
S152,1487076363,0.00,0.00,0.00,0.00,0.10,17.50
S152,1487076662,0.00,0.00,0.00,0.00,0.10,17.50
S152,1487076961,0.00,0.00,0.00,0.00,0.10,17.50
S152,1487077260,0.00,0.00,0.00,0.00,0.10,17.50
S152,1487077559,0.00,0.00,0.00,0.00,0.10,17.50
S152,1487077858,0.00,0.00,0.00,0.00,0.10,17.50
S152,1487078157,0.00,0.00,0.00,0.00,0.10,17.50
S152,1487078456,0.00,0.00,0.00,0.00,0.10,17.50
S152,1487078755,0.00,0.00,0.00,0.00,0.10,17.50
S152,1487079054,0.00,0.00,0.00,0.00,0.10,17.50
S152,1487079353,0.00,0.00,0.00,0.00,0.10,17.50
S152,1487079652,0.00,0.00,0.00,0.00,0.10,17.50
S152,1487079951,0.00,0.00,0.00,0.00,0.10,17.50
S152,1487080250,0.00,0.00,0.00,0.00,0.10,17.50
S152,1487080549,0.00,0.00,0.00,0.00,0.10,17.50
S152,1487080848,0.00,0.00,0.00,0.00,0.10,17.50
S152,1487081147,0.00,0.00,0.00,0.00,0.10,17.50
S152,1487081446,0.00,0.00,0.00,0.00,0.10,17.50
S152,1487081745,0.00,0.00,0.00,0.00,0.10,17.50
S152,1487082044,0.00,0.00,0.00,0.00,0.10,17.50
S152,1487082343,0.00,0.00,0.00,0.00,0.10,17.50
S152,1487082642,0.00,0.00,0.00,0.00,0.10,17.50
S152,1487082941,0.00,0.00,0.00,0.00,0.10,17.50
S152,1487083240,0.00,0.00,0.00,0.00,0.10,17.50
S152,1487083539,0.00,0.00,0.00,0.00,0.10,17.50
S152,1487083838,0.00,0.00,0.00,0.00,0.10,17.50
S152,1487084137,0.00,0.00,0.00,0.00,0.10,17.50
S152,1487084436,0.00,0.00,0.00,0.00,0.10,17.50
S152,1487084735,0.00,0.00,0.00,0.00,0.10,17.50
S152,1487085034,0.00,0.00,0.00,0.00,0.10,17.50
S152,1487085333,0.00,0.00,0.00,0.00,0.10,17.50
S152,1487085632,0.00,0.00,0.00,0.00,0.10,17.50
S152,1487085931,0.00,0.00,0.00,0.00,0.10,17.50
S152,1487086230,0.00,0.00,0.00,0.00,0.10,17.50
S152,1487086529,0.00,0.00,0.00,0.00,0.10,17.50
S152,1487086828,0.00,0.00,0.00,0.00,0.10,17.50
S152,1487087127,0.00,0.00,0.00,0.00,0.10,17.50
S152,1487087426,0.00,0.00,0.00,0.00,0.10,17.50
S152,1487087725,0.00,0.00,0.00,0.00,0.10,17.50
S152,1487088024,0.00,0.00,0.00,0.00,0.10,17.50
S152,1487088323,0.00,0.00,0.00,0.00,0.10,17.50
S152,1487088622,0.00,0.00,0.00,0.00,0.10,17.50
S152,1487088921,0.00,0.00,0.00,0.00,0.10,17.50
S152,1487089220,0.00,0.00,0.00,0.00,0.10,17.50
S152,1487089519,0.00,0.00,0.00,0.00,0.10,17.50
S152,1487089818,0.00,0.00,0.00,0.00,0.10,17.50
S152,1487090117,0.00,0.00,0.00,0.00,0.10,17.50
S152,1487090416,0.00,0.00,0.00,0.00,0.10,17.50
S152,1487090715,0.00,0.00,0.00,0.00,0.10,17.50
S152,1487091014,0.00,0.00,0.00,0.00,0.10,17.50
S152,1487091313,0.00,0.00,0.00,0.00,0.10,17.50
S152,1487091612,0.00,0.00,0.00,0.00,0.10,17.50
S152,1487091911,0.00,0.00,0.00,0.00,0.10,17.50
S152,1487092210,0.00,0.00,0.00,0.00,0.10,17.50
S152,1487092509,0.00,0.00,0.00,0.00,0.10,17.50
S152,1487092808,0.00,0.00,0.00,0.00,0.10,17.50
S152,1487093107,0.00,0.00,0.00,0.00,0.10,17.50
S152,1487093406,0.00,0.00,0.00,0.00,0.10,17.50
S152,1487093705,0.00,0.00,0.00,0.00,0.10,17.50
S152,1487094004,0.00,0.00,0.00,0.00,0.10,17.50
S152,1487094303,0.00,0.00,0.00,0.00,0.10,17.50
S152,1487094602,0.00,0.00,0.00,0.00,0.10,17.50
S152,1487094901,0.00,0.00,0.00,0.00,0.10,17.50
S152,1487095200,0.00,0.00,0.00,0.00,0.10,17.50
S152,1487095499,0.00,0.00,0.00,0.00,0.10,17.50
S152,1487095798,0.00,0.00,0.00,0.00,0.10,17.50
S152,1487096097,0.00,0.00,0.00,0.00,0.10,17.50
S152,1487096396,0.00,0.00,0.00,0.00,0.10,17.50
S152,1487096695,0.00,0.00,0.00,0.00,0.10,17.50
S152,1487096994,0.00,0.00,0.00,0.00,0.10,17.50
S152,1487097293,0.00,0.00,0.00,0.00,0.10,17.50
S152,1487097592,0.00,0.00,0.00,0.00,0.10,17.50
S152,1487097891,0.00,0.00,0.00,0.00,0.10,17.50
S152,1487098190,0.00,0.00,0.00,0.00,0.10,17.50
S152,1487098489,0.00,0.00,0.00,0.00,0.10,17.50
S152,1487098788,0.00,0.00,0.00,0.00,0.10,17.50
S152,1487099087,0.00,0.00,0.00,0.00,0.10,17.50
S152,1487099386,0.00,0.00,0.00,0.00,0.10,17.50
S152,1487099685,0.00,0.00,0.00,0.00,0.10,17.50
S152,1487099984,0.00,0.00,0.00,0.00,0.10,17.50
S152,1487100283,0.00,0.00,0.00,0.00,0.10,17.50
S152,1487100582,0.00,0.00,0.00,0.00,0.10,17.50
S152,1487100881,0.00,0.00,0.00,0.00,0.10,17.50
S152,1487101180,0.00,0.00,0.00,0.00,0.10,17.50
S152,1487101479,0.00,0.00,0.00,0.00,0.10,17.50
S152,1487101778,0.00,0.00,0.00,0.00,0.10,17.50
S152,1487102077,0.00,0.00,0.00,0.00,0.10,17.50
S152,1487102376,0.00,0.00,0.00,0.00,0.10,17.50
S152,1487102675,0.00,0.00,0.00,0.00,0.10,17.50
S152,1487102974,0.00,0.00,0.00,0.00,0.10,17.50
S152,1487103274,0.00,0.00,0.00,0.00,0.10,17.50
S152,1487103573,0.00,0.00,0.00,0.00,0.10,17.50
S152,1487103872,0.00,0.00,0.00,0.00,0.10,17.50
S152,1487104171,0.00,0.00,0.00,0.00,0.10,17.50
S152,1487104470,0.00,0.00,0.00,0.00,0.10,17.50
S152,1487104769,0.00,0.00,0.00,0.00,0.10,17.50
S152,1487105068,0.00,0.00,0.00,0.00,0.10,17.50
S152,1487105367,0.00,0.00,0.00,0.00,0.10,17.50
S152,1487105666,0.00,0.00,0.00,0.00,0.10,17.50
S152,1487105965,0.00,0.00,0.00,0.00,0.10,17.50
S152,1487106264,0.00,0.00,0.00,0.00,0.10,17.50
S152,1487106563,0.00,0.00,0.00,0.00,0.10,17.50
S152,1487106862,0.00,0.00,0.00,0.00,0.10,17.50
S152,1487107161,0.00,0.00,0.00,0.00,0.10,17.50
S152,1487107460,0.00,0.00,0.00,0.00,0.10,17.50
S152,1487107759,0.00,0.00,0.00,0.00,0.10,17.50
S152,1487108058,0.00,0.00,0.00,0.00,0.10,17.50
S152,1487108357,0.00,0.00,0.00,0.00,0.10,17.50
S152,1487108656,0.00,0.00,0.00,0.00,0.10,17.50
S152,1487108955,0.00,0.00,0.00,0.00,0.10,17.50
S152,1487109254,0.00,0.00,0.00,0.00,0.10,17.50
S152,1487109553,0.00,0.00,0.00,0.00,0.10,17.50
S152,1487109852,0.00,0.00,0.00,0.00,0.10,17.50
S152,1487110151,0.00,0.00,0.00,0.00,0.10,17.50
S152,1487110450,0.00,0.00,0.00,0.00,0.10,17.50
S152,1487110749,0.00,0.00,0.00,0.00,0.10,17.50
S152,1487111048,0.00,0.00,0.00,0.00,0.10,17.50
S152,1487111347,0.00,0.00,0.00,0.00,0.10,17.50
S152,1487111646,0.00,0.00,0.00,0.00,0.10,17.50
S152,1487111945,0.00,0.00,0.00,0.00,0.10,17.50
S152,1487112244,0.00,0.00,0.00,0.00,0.10,17.50
S152,1487112543,0.00,0.00,0.00,0.00,0.10,17.50
S152,1487112842,0.00,0.00,0.00,0.00,0.10,17.50
S152,1487113141,0.00,0.00,0.00,0.00,0.10,17.50
S152,1487113440,0.00,0.00,0.00,0.00,0.10,17.50
S152,1487113739,0.00,0.00,0.00,0.00,0.10,17.50
S152,1487114038,0.00,0.00,0.00,0.00,0.10,17.50
S152,1487114337,0.00,0.00,0.00,0.00,0.10,17.50
S152,1487114636,0.00,0.00,0.00,0.00,0.10,17.50
S152,1487114935,0.00,0.00,0.00,0.00,0.10,17.50
S152,1487115234,0.00,0.00,0.00,0.00,0.10,17.50
S152,1487115533,0.00,0.00,0.00,0.00,0.10,17.50
S152,1487115832,0.00,0.00,0.00,0.00,0.10,17.50
S152,1487116131,0.00,0.00,0.00,0.00,0.10,17.50
S152,1487116430,0.00,0.00,0.00,0.00,0.10,17.50
S152,1487116729,0.00,0.00,0.00,0.00,0.10,17.50
S152,1487117028,0.00,0.00,0.00,0.00,0.10,17.50
S152,1487117327,0.00,0.00,0.00,0.00,0.10,17.50
S152,1487117626,0.00,0.00,0.00,0.00,0.10,17.50
S152,1487117925,0.00,0.00,0.00,0.00,0.10,17.50
S152,1487118224,0.00,0.00,0.00,0.00,0.10,17.50
S152,1487118523,0.00,0.00,0.00,0.00,0.10,17.50
S152,1487118822,0.00,0.00,0.00,0.00,0.10,17.50
S152,1487119121,0.00,0.00,0.00,0.00,0.10,17.50
S152,1487119420,0.00,0.00,0.00,0.00,0.10,17.50
S152,1487119719,0.00,0.00,0.00,0.00,0.10,17.50
S152,1487120018,0.00,0.00,0.00,0.00,0.10,17.50
S152,1487120317,0.00,0.00,0.00,0.00,0.10,17.50
S152,1487121129,0.00,0.00,0.00,0.00,0.10,17.50
S152,1487121216,0.00,0.00,0.00,0.00,0.10,17.50
S152,1487121515,0.00,0.00,0.00,0.00,0.10,17.50
S152,1487121814,0.00,0.00,0.00,0.00,0.10,17.50
S152,1487122113,0.00,0.00,0.00,0.00,0.10,17.50
S152,1487122412,0.00,0.00,0.00,0.00,0.10,17.50
S152,1487122711,0.00,0.00,0.00,0.00,0.10,17.50
S152,1487123010,0.00,0.00,0.00,0.00,0.10,17.50
S152,1487123309,0.00,0.00,0.00,0.00,0.10,17.50
S152,1487123608,0.00,0.00,0.00,0.00,0.10,17.50
S152,1487123907,0.00,0.00,0.00,0.00,0.10,17.50
S152,1487124206,0.00,0.00,0.00,0.00,0.10,17.50
S152,1487124505,0.00,0.00,0.00,0.00,0.10,17.50
S152,1487124804,0.00,0.00,0.00,0.00,0.10,17.50
S152,1487125103,0.00,0.00,0.00,0.00,0.10,17.50
S152,1487125402,0.00,0.00,0.00,0.00,0.10,17.50
S152,1487125701,0.00,0.00,0.00,0.00,0.10,17.50
S152,1487126000,0.00,0.00,0.00,0.00,0.10,17.50
S152,1487126299,0.00,0.00,0.00,0.00,0.10,17.50
S152,1487126598,0.00,0.00,0.00,0.00,0.10,17.50
S152,1487126897,0.00,0.00,0.00,0.00,0.10,17.50
S152,1487127196,0.00,0.00,0.00,0.00,0.10,17.50
S152,1487127495,0.00,0.00,0.00,0.00,0.10,17.50
S152,1487127794,0.00,0.00,0.00,0.00,0.10,17.50
S152,1487128093,0.00,0.00,0.00,0.00,0.10,17.50
S152,1487128392,0.00,0.00,0.00,0.00,0.10,17.50
S152,1487128691,0.00,0.00,0.00,0.00,0.10,17.50
S152,1487128990,0.00,0.00,0.00,0.00,0.10,17.50
S152,1487129289,0.00,0.00,0.00,0.00,0.10,17.50
S152,1487129588,0.00,0.00,0.00,0.00,0.10,17.50
S152,1487129887,0.00,0.00,0.00,0.00,0.10,17.50
S152,1487130186,0.00,0.00,0.00,0.00,0.10,17.50
S152,1487130485,0.00,0.00,0.00,0.00,0.10,17.50
S152,1487130784,0.00,0.00,0.00,0.00,0.10,17.50
S152,1487131083,0.00,0.00,0.00,0.00,0.10,17.50
S152,1487131382,0.00,0.00,0.00,0.00,0.10,17.50
S152,1487131681,0.00,0.00,0.00,0.00,0.10,17.50
S152,1487131980,0.00,0.00,0.00,0.00,0.10,17.50
S152,1487132279,0.00,0.00,0.00,0.00,0.10,17.50
S152,1487132578,0.00,0.00,0.00,0.00,0.10,17.50
S152,1487132877,0.00,0.00,0.00,0.00,0.10,17.50
S152,1487133176,0.00,0.00,0.00,0.00,0.10,17.50
S152,1487133475,0.00,0.00,0.00,0.00,0.10,17.50
S152,1487133774,0.00,0.00,0.00,0.00,0.10,17.50
S152,1487134073,0.00,0.00,0.00,0.00,0.10,17.50
S152,1487134372,0.00,0.00,0.00,0.00,0.10,17.50
S152,1487134671,0.00,0.00,0.00,0.00,0.10,17.50
S152,1487134970,0.00,0.00,0.00,0.00,0.10,17.50
S152,1487135269,0.00,0.00,0.00,0.00,0.10,17.50
S152,1487135568,0.00,0.00,0.00,0.00,0.10,17.50
S152,1487135867,0.00,0.00,0.00,0.00,0.10,17.50
S152,1487136166,0.00,0.00,0.00,0.00,0.10,17.50
S152,1487136465,0.00,0.00,0.00,0.00,0.10,17.50
S152,1487136764,0.00,0.00,0.00,0.00,0.10,17.50
S152,1487137063,0.00,0.00,0.00,0.00,0.10,17.50
S152,1487137362,0.00,0.00,0.00,0.00,0.10,17.50
S152,1487137661,0.00,0.00,0.00,0.00,0.10,17.50
S152,1487137960,0.00,0.00,0.00,0.00,0.10,17.50
S152,1487138259,0.00,0.00,0.00,0.00,0.10,17.50
S152,1487138558,0.00,0.00,0.00,0.00,0.10,17.50
S152,1487138857,0.00,0.00,0.00,0.00,0.10,17.50
S152,1487139156,0.00,0.00,0.00,0.00,0.10,17.50
S152,1487139455,0.00,0.00,0.00,0.00,0.10,17.50
S152,1487139754,0.00,0.00,0.00,0.00,0.10,17.50
S152,1487140053,0.00,0.00,0.00,0.00,0.10,17.50
S152,1487140352,0.00,0.00,0.00,0.00,0.10,17.50
S152,1487140651,0.00,0.00,0.00,0.00,0.10,17.50
S152,1487140950,0.00,0.00,0.00,0.00,0.10,17.50
S152,1487141249,0.00,0.00,0.00,0.00,0.10,17.50
S152,1487141549,0.00,0.00,0.00,0.00,0.10,17.50
S152,1487141848,0.00,0.00,0.00,0.00,0.10,17.50
S152,1487142147,0.00,0.00,0.00,0.00,0.10,17.50
S152,1487142446,0.00,0.00,0.00,0.00,0.10,17.50
S152,1487142745,0.00,0.00,0.00,0.00,0.10,17.50
S152,1487143044,0.00,0.00,0.00,0.00,0.10,17.50
S152,1487143343,0.00,0.00,0.00,0.00,0.10,17.50
S152,1487143642,0.00,0.00,0.00,0.00,0.10,17.50
S152,1487143941,0.00,0.00,0.00,0.00,0.10,17.50
S152,1487144240,0.00,0.00,0.00,0.00,0.10,17.50
S152,1487144539,0.00,0.00,0.00,0.00,0.10,17.50
S152,1487144838,0.00,0.00,0.00,0.00,0.10,17.50
S152,1487145137,0.00,0.00,0.00,0.00,0.10,17.50
S152,1487145436,0.00,0.00,0.00,0.00,0.10,17.50
S152,1487145735,0.00,0.00,0.00,0.00,0.10,17.50
S152,1487146034,0.00,0.00,0.00,0.00,0.10,17.50
S152,1487146333,0.00,0.00,0.00,0.00,0.10,17.50
S152,1487146632,0.00,0.00,0.00,0.00,0.10,17.50
S152,1487146931,0.00,0.00,0.00,0.00,0.10,17.50
S152,1487147230,0.00,0.00,0.00,0.00,0.10,17.50
S152,1487147529,0.00,0.00,0.00,0.00,0.10,17.50
S152,1487147828,0.00,0.00,0.00,0.00,0.10,17.50
S152,1487148127,0.00,0.00,0.00,0.00,0.10,17.50
S152,1487148426,0.00,0.00,0.00,0.00,0.10,17.50
S152,1487148725,0.00,0.00,0.00,0.00,0.10,17.50
S152,1487149024,0.00,0.00,0.00,0.00,0.10,17.50
S152,1487149323,0.00,0.00,0.00,0.00,0.10,17.50
S152,1487149622,0.00,0.00,0.00,0.00,0.10,17.50
S152,1487149921,0.00,0.00,0.00,0.00,0.10,17.50
S152,1487150220,0.00,0.00,0.00,0.00,0.10,17.50
S152,1487150519,0.00,0.00,0.00,0.00,0.10,17.50
S152,1487150818,0.00,0.00,0.00,0.00,0.10,17.50
S152,1487151117,0.00,0.00,0.00,0.00,0.10,17.50
S152,1487151416,0.00,0.00,0.00,0.00,0.10,17.50
S152,1487151715,0.00,0.00,0.00,0.00,0.10,17.50
S152,1487152014,0.00,0.00,0.00,0.00,0.10,17.50
S152,1487152313,0.00,0.00,0.00,0.00,0.10,17.50
S152,1487152612,0.00,0.00,0.00,0.00,0.10,17.50
S152,1487152911,0.00,0.00,0.00,0.00,0.10,17.50
S152,1487153210,0.00,0.00,0.00,0.00,0.10,17.50
S152,1487153509,0.00,0.00,0.00,0.00,0.10,17.50
S152,1487153808,0.00,0.00,0.00,0.00,0.10,17.50
S152,1487154107,0.00,0.00,0.00,0.00,0.10,17.50
S152,1487154406,0.00,0.00,0.00,0.00,0.10,17.50
S152,1487154705,0.00,0.00,0.00,0.00,0.10,17.50
S152,1487155004,0.00,0.00,0.00,0.00,0.10,17.50
S152,1487155303,0.00,0.00,0.00,0.00,0.10,17.50
S152,1487155602,0.00,0.00,0.00,0.00,0.10,17.50
S152,1487155901,0.00,0.00,0.00,0.00,0.10,17.50
S152,1487156200,0.00,0.00,0.00,0.00,0.10,17.50
S152,1487156499,0.00,0.00,0.00,0.00,0.10,17.50
S152,1487156798,0.00,0.00,0.00,0.00,0.10,17.50
S152,1487157097,0.00,0.00,0.00,0.00,0.10,17.50
S152,1487157396,0.00,0.00,0.00,0.00,0.10,17.50
S152,1487157695,0.00,0.00,0.00,0.00,0.10,17.50
S152,1487157994,0.00,0.00,0.00,0.00,0.10,17.50
S152,1487158293,0.00,0.00,0.00,0.00,0.10,17.50
S152,1487158592,0.00,0.00,0.00,0.00,0.10,17.50
S152,1487158891,0.00,0.00,0.00,0.00,0.10,17.50
S152,1487159190,0.00,0.00,0.00,0.00,0.10,17.50
S152,1487159489,0.00,0.00,0.00,0.00,0.10,17.50
S152,1487159788,0.00,0.00,0.00,0.00,0.10,17.50
S152,1487160087,0.00,0.00,0.00,0.00,0.10,17.50
S152,1487160386,0.00,0.00,0.00,0.00,0.10,17.50
