Device,Time,DHT1-OUT Temp,DHT1-OUT Hum,DHT2-IN Temp,DHT2-IN Hum,Soil,Infrared
S102,1486911899,21.90,9.40,21.60,10.00,0.10,17.50
S102,1486912198,21.90,9.80,21.70,9.90,0.10,17.50
S102,1486912497,21.90,9.70,21.80,10.00,0.10,17.50
S102,1486912796,21.90,9.90,21.80,10.00,0.10,17.50
S102,1486913095,21.90,9.70,21.80,10.10,0.10,17.50
S102,1486913394,21.90,9.80,21.70,9.70,0.10,17.50
S102,1486913693,21.80,9.50,21.70,9.90,0.10,17.50
S102,1486913992,21.80,9.50,21.70,10.30,0.10,17.50
S102,1486914291,21.80,9.90,21.70,10.10,0.10,17.50
S102,1486914590,21.80,9.90,21.80,10.30,0.10,17.50
S102,1486914889,21.80,10.00,21.80,9.90,0.10,17.50
S102,1486915188,21.80,9.70,21.80,10.10,0.10,17.50
S102,1486915487,21.80,9.90,21.70,10.00,0.10,17.50
S102,1486915786,21.80,9.90,21.60,9.90,0.10,17.50
S102,1486916085,21.80,9.70,21.60,9.90,0.10,17.50
S102,1486916384,21.80,9.60,21.50,9.90,0.10,17.50
S102,1486916683,21.80,9.50,21.40,9.60,0.10,17.50
S102,1486916982,21.80,9.60,21.40,9.80,0.10,17.50
S102,1486917281,21.80,9.60,21.50,10.10,0.10,17.50
S102,1486917580,21.70,9.70,21.40,10.00,0.10,17.50
S102,1486917879,21.70,9.70,21.50,10.00,0.10,17.50
S102,1486918178,21.70,9.60,21.40,9.70,0.10,17.50
S102,1486918477,21.70,9.40,21.40,9.60,0.10,17.50
S102,1486918776,21.70,9.40,21.30,9.60,0.10,17.50
S102,1486919075,21.60,9.60,21.30,9.60,0.10,17.50
S102,1486919375,21.60,9.70,21.40,9.90,0.10,17.50
S102,1486919674,21.60,9.70,21.40,9.90,0.10,17.50
S102,1486919974,21.60,9.80,21.40,9.70,0.10,17.50
S102,1486920273,21.60,9.50,21.40,9.70,0.10,17.50
S102,1486920572,21.60,9.20,21.40,9.40,0.10,17.50
S102,1486920871,21.60,9.40,21.30,9.20,0.10,17.50
S102,1486921171,21.60,9.30,21.40,9.50,0.10,17.50
S102,1486921470,21.60,9.50,21.40,9.60,0.10,17.50
S102,1486921769,21.60,9.70,21.40,9.80,0.10,17.50
S102,1486922068,21.60,9.80,21.40,9.90,0.10,17.50
S102,1486922368,21.60,9.80,21.40,9.90,0.10,17.50
S102,1486922667,21.60,9.60,21.30,9.40,0.10,17.50
S102,1486922967,21.60,9.30,21.30,9.30,0.10,17.50
S102,1486923266,21.60,9.20,21.30,9.50,0.10,17.50
S102,1486923565,21.60,9.60,21.30,9.70,0.10,17.50
S102,1486923865,21.60,9.70,21.30,9.80,0.10,17.50
S102,1486924164,21.60,9.80,21.30,9.90,0.10,17.50
S102,1486924463,21.60,9.80,21.30,9.80,0.10,17.50
S102,1486924763,21.60,9.70,21.30,9.70,0.10,17.50
S102,1486925062,21.50,9.20,21.30,9.40,0.10,17.50
S102,1486925361,21.50,9.40,21.20,9.60,0.10,17.50
S102,1486925660,21.50,9.60,21.30,9.70,0.10,17.50
S102,1486925960,21.50,9.60,21.30,9.70,0.10,17.50
S102,1486926259,21.50,9.70,21.30,9.80,0.10,17.50
S102,1486926558,21.50,9.60,21.30,9.70,0.10,17.50
S102,1486926857,21.50,9.30,21.30,9.30,0.10,17.50
S102,1486927156,21.50,9.20,21.20,9.30,0.10,17.50
S102,1486927455,21.50,9.30,21.30,9.60,0.10,17.50
S102,1486927754,21.50,9.40,21.30,9.70,0.10,17.50
S102,1486928053,21.50,9.60,21.30,9.70,0.10,17.50
S102,1486928352,21.50,9.50,21.30,9.60,0.10,17.50
S102,1486928651,21.50,9.40,21.30,9.60,0.10,17.50
S102,1486928950,21.50,9.20,21.20,9.10,0.10,17.50
S102,1486929249,21.50,9.20,21.20,9.40,0.10,17.50
S102,1486929548,21.50,9.40,21.20,9.60,0.10,17.50
S102,1486929847,21.50,9.60,21.30,9.50,0.10,17.50
S102,1486930146,21.50,9.50,21.30,9.60,0.10,17.50
S102,1486930445,21.50,9.40,21.30,9.60,0.10,17.50
S102,1486930744,21.50,9.40,21.30,9.50,0.10,17.50
S102,1486931043,21.50,9.00,21.20,9.20,0.10,17.50
S102,1486931342,21.50,9.10,21.20,9.40,0.10,17.50
S102,1486931641,21.50,9.40,21.20,9.50,0.10,17.50
S102,1486931940,21.50,9.50,21.30,9.60,0.10,17.50
S102,1486932239,21.50,9.70,21.30,9.80,0.10,17.50
S102,1486932539,21.50,9.70,21.30,9.80,0.10,17.50
S102,1486932838,21.50,9.60,21.30,9.60,0.10,17.50
S102,1486933137,21.50,9.30,21.20,9.20,0.10,17.50
S102,1486933436,21.50,9.20,21.20,9.30,0.10,17.50
S102,1486933735,21.40,9.30,21.10,9.50,0.10,17.50
S102,1486934034,21.40,9.40,21.10,9.70,0.10,17.50
S102,1486934333,21.40,9.50,21.10,9.80,0.10,17.50
S102,1486934632,21.40,9.60,21.10,9.90,0.10,17.50
S102,1486934931,21.40,9.40,20.90,9.50,0.10,17.50
S102,1486935230,21.40,9.20,20.80,9.50,0.10,17.50
S102,1486935529,21.30,9.00,20.60,9.50,0.10,17.50
S102,1486935828,21.30,9.00,20.60,9.70,0.10,17.50
S102,1486936127,21.20,9.30,20.50,9.60,0.10,17.50
S102,1486936426,21.20,9.20,20.40,9.80,0.10,17.50
S102,1486936725,21.10,9.10,20.30,9.80,0.10,17.50
S102,1486937024,21.10,9.30,20.20,10.00,0.10,17.50
S102,1486937323,21.00,9.30,20.20,10.10,0.10,17.50
S102,1486937622,21.00,9.30,20.10,10.20,0.10,17.50
S102,1486937921,20.90,9.00,20.20,10.40,0.10,17.50
S102,1486938220,20.90,9.20,20.20,10.60,0.10,17.50
S102,1486938519,20.80,9.10,20.20,10.70,0.10,17.50
S102,1486938818,20.80,9.50,20.20,10.80,0.10,17.50
S102,1486939117,20.80,9.70,20.20,10.80,0.10,17.50
S102,1486939416,20.80,9.60,20.10,10.80,0.10,17.50
S102,1486939715,20.70,9.70,20.00,10.90,0.10,17.50
S102,1486940014,20.70,9.60,20.10,11.00,0.10,17.50
S102,1486940313,20.70,9.40,20.00,10.90,0.10,17.50
S102,1486940612,20.70,9.50,20.00,11.00,0.10,17.50
S102,1486940911,20.70,10.00,20.00,11.00,0.10,17.50
S102,1486941210,20.60,9.90,20.00,11.20,0.10,17.50
S102,1486941509,20.60,10.00,19.90,11.20,0.10,17.50
S102,1486941808,20.60,10.00,19.90,11.20,0.10,17.50
S102,1486942107,20.60,10.00,19.90,11.50,0.10,17.50
S102,1486942406,20.50,10.20,19.80,11.40,0.10,17.50
S102,1486942705,20.50,10.20,19.80,11.50,0.10,17.50
S102,1486943004,20.50,10.00,19.80,11.50,0.10,17.50
S102,1486943303,20.50,10.30,19.80,11.50,0.10,17.50
S102,1486943602,20.40,10.00,19.80,11.60,0.10,17.50
S102,1486943901,20.40,10.40,19.70,11.60,0.10,17.50
S102,1486944200,20.40,10.30,19.70,11.60,0.10,17.50
S102,1486944499,20.30,10.20,19.70,11.70,0.10,17.50
S102,1486944798,20.30,10.30,19.60,11.70,0.10,17.50
S102,1486945097,20.30,10.20,19.50,11.90,0.10,17.50
S102,1486945396,20.20,10.20,19.40,11.90,0.10,17.50
S102,1486945695,20.20,10.10,19.40,12.00,0.10,17.50
S102,1486945994,20.20,10.20,19.30,12.00,0.10,17.50
S102,1486946293,20.10,10.40,19.30,12.10,0.10,17.50
S102,1486946592,20.10,10.60,19.20,12.10,0.10,17.50
S102,1486946891,20.00,10.40,19.20,12.20,0.10,17.50
S102,1486947190,20.00,10.60,19.20,12.20,0.10,17.50
S102,1486947489,20.00,10.50,19.20,12.20,0.10,17.50
S102,1486947788,19.90,10.40,19.10,12.20,0.10,17.50
S102,1486948087,19.90,10.40,19.10,12.30,0.10,17.50
S102,1486948386,19.90,10.40,19.00,12.10,0.10,17.50
S102,1486948685,19.80,10.30,19.00,12.20,0.10,17.50
S102,1486948984,19.80,10.50,19.00,12.30,0.10,17.50
S102,1486949283,19.80,10.60,19.00,12.20,0.10,17.50
S102,1486949582,19.70,10.80,19.00,12.30,0.10,17.50
S102,1486949881,19.70,10.50,18.90,12.20,0.10,17.50
S102,1486950181,19.70,10.50,18.90,12.30,0.10,17.50
S102,1486950480,19.60,10.40,18.90,12.30,0.10,17.50
S102,1486950779,19.60,10.30,18.90,12.40,0.10,17.50
S102,1486951078,19.60,10.60,18.90,12.40,0.10,17.50
S102,1486951377,19.50,10.70,18.80,12.50,0.10,17.50
S102,1486951676,19.50,10.70,18.80,12.70,0.10,17.50
S102,1486951975,19.50,10.70,18.80,12.80,0.10,17.50
S102,1486952274,19.50,10.70,18.80,12.90,0.10,17.50
S102,1486952573,19.40,10.70,18.70,12.80,0.10,17.50
S102,1486952872,19.40,10.70,18.70,12.80,0.10,17.50
S102,1486953171,19.40,10.70,18.70,12.80,0.10,17.50
S102,1486953470,19.40,10.70,18.60,12.60,0.10,17.50
S102,1486953769,19.30,10.60,18.60,12.70,0.10,17.50
S102,1486954068,19.30,10.80,18.60,12.70,0.10,17.50
S102,1486954367,19.30,10.60,18.60,12.80,0.10,17.50
S102,1486954666,19.30,10.60,18.60,12.70,0.10,17.50
S102,1486954965,19.20,10.50,18.50,12.60,0.10,17.50
S102,1486955264,19.20,10.50,18.50,12.50,0.10,17.50
S102,1486955563,19.20,10.50,18.50,12.60,0.10,17.50
S102,1486955862,19.10,10.60,18.50,12.70,0.10,17.50
S102,1486956161,19.20,10.70,18.50,13.30,0.10,17.50
S102,1486956460,19.10,10.60,18.50,12.80,0.10,17.50
S102,1486956759,19.10,10.50,18.50,12.90,0.10,17.50
S102,1486957058,19.10,10.50,18.40,12.70,0.10,17.50
S102,1486957357,19.10,10.50,18.40,12.60,0.10,17.50
S102,1486957656,19.00,10.40,18.40,12.60,0.10,17.50
S102,1486957955,19.00,10.40,18.40,12.60,0.10,17.50
S102,1486958254,19.00,10.40,18.40,12.60,0.10,17.50
S102,1486958553,19.00,10.40,18.30,12.50,0.10,17.50
S102,1486958852,19.00,10.70,18.30,12.70,0.10,17.50
S102,1486959151,18.90,10.70,18.30,12.70,0.10,17.50
S102,1486959450,18.90,10.60,18.40,12.80,0.10,17.50
S102,1486959749,18.90,10.90,18.40,12.70,0.10,17.50
S102,1486960048,18.90,10.80,18.40,12.60,0.10,17.50
S102,1486960347,18.90,10.70,18.50,12.50,0.10,17.50
S102,1486960646,18.90,10.80,18.50,12.50,0.10,17.50
S102,1486960945,19.00,10.50,18.50,12.30,0.10,17.50
S102,1486961244,18.90,10.50,18.50,12.30,0.10,17.50
S102,1486961543,18.90,10.30,18.50,12.30,0.10,17.50
S102,1486961842,18.90,10.30,18.40,12.20,0.10,17.50
S102,1486962141,18.90,10.30,18.40,12.20,0.10,17.50
S102,1486962440,18.90,10.30,18.30,12.10,0.10,17.50
S102,1486962739,18.90,10.30,18.30,12.20,0.10,17.50
S102,1486963038,18.90,10.30,18.30,12.10,0.10,17.50
S102,1486963337,18.80,10.20,18.30,12.20,0.10,17.50
S102,1486963636,18.80,10.60,18.40,12.30,0.10,17.50
S102,1486963935,18.80,10.80,18.50,12.50,0.10,17.50
S102,1486964234,18.80,10.80,18.60,12.70,0.10,17.50
S102,1486964533,18.80,11.00,18.60,12.60,0.10,17.50
S102,1486964832,18.80,11.00,18.70,12.50,0.10,17.50
S102,1486965131,18.90,11.10,18.80,12.50,0.10,17.50
S102,1486965430,18.90,11.10,18.80,12.50,0.10,17.50
S102,1486965729,18.90,11.20,18.90,12.50,0.10,17.50
S102,1486966028,19.00,11.30,18.90,12.40,0.10,17.50
S102,1486966327,19.00,11.20,19.00,12.50,0.10,17.50
S102,1486966626,19.00,11.20,19.00,12.50,0.10,17.50
S102,1486966925,19.10,11.20,19.00,12.50,0.10,17.50
S102,1486967224,19.10,11.20,19.10,12.50,0.10,17.50
S102,1486967523,19.10,11.30,19.10,12.30,0.10,17.50
S102,1486967822,19.20,11.30,19.20,12.40,0.10,17.50
S102,1486968121,19.20,11.20,19.20,12.30,0.10,17.50
S102,1486968420,19.20,11.20,19.20,12.30,0.10,17.50
S102,1486968719,19.30,11.20,19.30,12.30,0.10,17.50
S102,1486969018,19.30,11.20,19.30,12.30,0.10,17.50
S102,1486969317,19.30,11.20,19.40,12.40,0.10,17.50
S102,1486969616,19.30,11.10,19.40,12.30,0.10,17.50
S102,1486969915,19.30,11.10,19.40,12.20,0.10,17.50
S102,1486970214,19.40,11.10,19.50,12.30,0.10,17.50
S102,1486970513,19.40,11.20,19.50,12.20,0.10,17.50
S102,1486970812,19.50,11.10,19.50,12.20,0.10,17.50
S102,1486971111,19.50,11.10,19.60,12.00,0.10,17.50
S102,1486971410,19.50,11.00,19.60,12.10,0.10,17.50
S102,1486971709,19.50,10.90,19.60,12.00,0.10,17.50
S102,1486972008,19.60,10.80,19.60,11.90,0.10,17.50
S102,1486972307,19.60,10.80,19.60,11.80,0.10,17.50
S102,1486972606,19.60,10.80,19.60,11.80,0.10,17.50
S102,1486972905,19.60,10.80,19.70,11.90,0.10,17.50
S102,1486973204,19.70,10.90,19.70,11.80,0.10,17.50
S102,1486973503,19.70,10.90,19.70,11.70,0.10,17.50
S102,1486973802,19.70,10.90,19.80,11.70,0.10,17.50
S102,1486974101,19.70,10.90,19.80,11.70,0.10,17.50
S102,1486974400,19.70,10.90,19.80,11.70,0.10,17.50
S102,1486974699,19.80,10.90,19.80,11.50,0.10,17.50
S102,1486974998,19.80,10.90,19.80,11.50,0.10,17.50
S102,1486975297,19.80,10.90,19.90,11.70,0.10,17.50
S102,1486975596,19.90,11.00,19.90,11.70,0.10,17.50
S102,1486975895,19.90,11.00,19.90,11.70,0.10,17.50
S102,1486976194,19.90,11.00,20.00,11.70,0.10,17.50
S102,1486976493,19.90,11.00,20.00,11.70,0.10,17.50
S102,1486976792,19.90,11.00,20.10,11.70,0.10,17.50
S102,1486977091,20.00,10.90,20.30,11.70,0.10,17.50
S102,1486977390,20.00,11.10,20.30,11.60,0.10,17.50
S102,1486977689,20.10,11.10,20.40,11.70,0.10,17.50
S102,1486977988,20.20,11.20,20.40,11.60,0.10,17.50
S102,1486978287,20.20,11.10,20.40,11.50,0.10,17.50
S102,1486978586,20.30,11.00,20.40,11.40,0.10,17.50
S102,1486978885,20.30,10.90,20.50,11.40,0.10,17.50
S102,1486979184,20.30,10.80,20.50,11.40,0.10,17.50
S102,1486979483,20.40,10.80,20.50,11.30,0.10,17.50
S102,1486979782,20.40,10.80,20.50,11.40,0.10,17.50
S102,1486980081,20.40,10.90,20.60,11.30,0.10,17.50
S102,1486980380,20.40,10.90,20.60,11.30,0.10,17.50
S102,1486980679,20.50,10.80,20.60,11.30,0.10,17.50
S102,1486980978,20.50,10.80,20.60,11.20,0.10,17.50
S102,1486981277,20.50,10.80,20.60,11.20,0.10,17.50
S102,1486981576,20.60,10.90,20.70,11.10,0.10,17.50
S102,1486981875,20.60,10.90,20.70,11.10,0.10,17.50
S102,1486982174,20.60,10.80,20.80,11.20,0.10,17.50
S102,1486982473,20.70,10.80,20.70,11.20,0.10,17.50
S102,1486982772,20.70,10.50,20.80,11.30,0.10,17.50
S102,1486983071,20.70,10.70,20.90,11.20,0.10,17.50
S102,1486983370,20.80,10.80,20.90,11.30,0.10,17.50
S102,1486983669,20.80,10.90,20.90,11.30,0.10,17.50
S102,1486983968,20.80,10.80,20.90,11.30,0.10,17.50
S102,1486984267,20.80,10.40,20.90,11.10,0.10,17.50
S102,1486984566,20.90,10.20,20.90,11.40,0.10,17.50
S102,1486984865,20.90,10.70,21.00,11.20,0.10,17.50
S102,1486985164,20.90,10.50,20.90,11.10,0.10,17.50
S102,1486985463,20.90,10.40,21.00,11.40,0.10,17.50
S102,1486985762,21.00,10.30,21.10,10.90,0.10,17.50
S102,1486986061,21.00,10.70,21.10,11.10,0.10,17.50
S102,1486986360,21.00,10.70,21.10,11.10,0.10,17.50
S102,1486986659,21.00,10.70,21.10,11.10,0.10,17.50
S102,1486986958,21.10,10.70,21.00,11.00,0.10,17.50
S102,1486987257,21.10,10.50,21.00,10.80,0.10,17.50
S102,1486987556,21.10,10.40,21.00,10.80,0.10,17.50
S102,1486987855,21.10,9.80,21.10,10.60,0.10,17.50
S102,1486988154,21.10,10.50,21.10,10.80,0.10,17.50
S102,1486988454,21.10,10.30,21.10,10.70,0.10,17.50
S102,1486988753,21.10,10.40,21.10,10.60,0.10,17.50
S102,1486989052,21.10,10.40,21.10,10.70,0.10,17.50
S102,1486989351,21.10,10.30,21.10,10.70,0.10,17.50
S102,1486989650,21.20,10.30,21.10,11.20,0.10,17.50
S102,1486989949,21.20,10.70,21.10,11.10,0.10,17.50
S102,1486990248,21.20,10.40,21.20,11.00,0.10,17.50
S102,1486990547,21.20,10.70,21.20,11.00,0.10,17.50
S102,1486990846,21.20,10.50,21.20,11.20,0.10,17.50
S102,1486991145,21.20,10.50,21.10,10.90,0.10,17.50
S102,1486991444,21.20,9.90,21.10,10.30,0.10,17.50
S102,1486991743,21.20,9.50,21.00,9.90,0.10,17.50
S102,1486992042,21.20,9.70,21.10,10.20,0.10,17.50
S102,1486992341,21.20,9.90,21.10,10.40,0.10,17.50
S102,1486992640,21.20,9.60,21.10,10.20,0.10,17.50
S102,1486992939,21.20,9.30,21.20,10.20,0.10,17.50
S102,1486993238,21.20,9.80,21.30,10.20,0.10,17.50
S102,1486993538,21.20,10.00,21.30,10.40,0.10,17.50
S102,1486993837,21.30,10.00,21.20,10.10,0.10,17.50
S102,1486994136,21.30,9.70,21.20,9.90,0.10,17.50
S102,1486994435,21.30,9.30,21.10,10.00,0.10,17.50
S102,1486994734,21.30,9.40,21.10,9.80,0.10,17.50
S102,1486995033,21.30,9.60,21.20,10.00,0.10,17.50
S102,1486995332,21.30,9.70,21.20,10.30,0.10,17.50
S102,1486995631,21.30,9.80,21.10,10.10,0.10,17.50
S102,1486995930,21.30,9.70,21.20,10.00,0.10,17.50
S102,1486996229,21.30,9.90,21.10,10.20,0.10,17.50
S102,1486996528,21.30,9.70,21.10,10.00,0.10,17.50
S102,1486996827,21.30,9.70,21.10,9.90,0.10,17.50
S102,1486997126,21.30,9.60,21.20,9.90,0.10,17.50
S102,1486997425,21.30,9.70,21.20,10.10,0.10,17.50
S102,1486997724,21.30,9.30,21.20,9.60,0.10,17.50
S102,1486998023,21.30,9.40,21.20,9.50,0.10,17.50
S102,1486998322,21.30,9.00,21.20,9.30,0.10,17.50
S102,1486998621,21.30,9.20,21.30,9.50,0.10,17.50
S102,1486998920,21.30,9.10,21.30,9.40,0.10,17.50
S102,1486999219,21.30,9.20,21.20,9.40,0.10,17.50
S102,1486999518,21.30,9.20,21.20,9.50,0.10,17.50
S102,1486999817,21.40,9.30,21.20,9.50,0.10,17.50
S102,1487000116,21.40,9.30,21.20,9.40,0.10,17.50
S102,1487000415,21.40,9.00,21.20,9.30,0.10,17.50
S102,1487000714,21.30,9.30,21.20,9.20,0.10,17.50
S102,1487001013,21.40,8.60,21.20,9.20,0.10,17.50
S102,1487001312,21.40,9.00,21.20,9.30,0.10,17.50
S102,1487001611,21.30,8.80,21.20,9.40,0.10,17.50
S102,1487001910,21.30,9.20,21.20,9.40,0.10,17.50
S102,1487002209,21.30,9.40,21.20,9.50,0.10,17.50
S102,1487002508,21.40,9.30,21.20,9.30,0.10,17.50
S102,1487002807,21.30,9.00,21.20,9.30,0.10,17.50
S102,1487003106,21.40,8.80,21.10,9.00,0.10,17.50
S102,1487003405,21.40,8.90,21.10,9.30,0.10,17.50
S102,1487003704,21.40,8.80,21.10,9.30,0.10,17.50
S102,1487004003,21.30,9.00,21.20,10.60,0.10,17.50
S102,1487004302,21.30,9.00,21.20,9.60,0.10,17.50
S102,1487004601,21.30,9.30,21.20,9.70,0.10,17.50
S102,1487004900,21.30,9.40,21.20,9.50,0.10,17.50
S102,1487005199,21.30,9.40,21.20,9.40,0.10,17.50
S102,1487005498,21.40,9.30,21.20,10.00,0.10,17.50
S102,1487005797,21.40,8.90,21.20,9.30,0.10,17.50
S102,1487006096,21.40,8.80,21.20,9.10,0.10,17.50
S102,1487006395,21.40,8.90,21.20,9.30,0.10,17.50
S102,1487006694,21.40,9.20,21.20,9.60,0.10,17.50
S102,1487006993,21.40,9.30,21.20,9.50,0.10,17.50
S102,1487007292,21.40,9.30,21.20,9.50,0.10,17.50
S102,1487007591,21.40,9.30,21.20,10.30,0.10,17.50
S102,1487007890,21.30,9.00,21.20,9.40,0.10,17.50
S102,1487008189,21.40,9.10,21.20,9.50,0.10,17.50
S102,1487008488,21.30,9.10,21.20,9.60,0.10,17.50
S102,1487008787,21.40,9.30,21.20,9.60,0.10,17.50
S102,1487009086,21.40,9.40,21.20,9.70,0.10,17.50
S102,1487009385,21.40,9.10,21.20,9.50,0.10,17.50
S102,1487009684,21.30,9.00,21.10,9.40,0.10,17.50
S102,1487009983,21.40,9.00,21.10,9.50,0.10,17.50
S102,1487010282,21.30,9.20,21.10,9.60,0.10,17.50
S102,1487010581,21.30,9.40,21.20,9.70,0.10,17.50
S102,1487010880,21.30,9.10,21.20,9.70,0.10,17.50
S102,1487011179,21.30,9.10,21.10,9.40,0.10,17.50
S102,1487011478,21.30,9.00,21.10,9.40,0.10,17.50
S102,1487011777,21.30,9.00,21.10,9.70,0.10,17.50
S102,1487012076,21.30,9.20,21.10,9.60,0.10,17.50
S102,1487012375,21.30,9.20,21.10,9.40,0.10,17.50
S102,1487012674,21.30,9.20,21.20,9.40,0.10,17.50
S102,1487012973,21.30,8.90,21.10,9.40,0.10,17.50
S102,1487013272,21.30,8.90,21.10,9.30,0.10,17.50
S102,1487013571,21.30,8.90,21.00,9.40,0.10,17.50
S102,1487013870,21.30,9.10,21.10,9.40,0.10,17.50
S102,1487014169,21.30,9.30,21.20,9.60,0.10,17.50
S102,1487014468,21.30,9.20,21.20,9.60,0.10,17.50
S102,1487014767,21.30,9.10,21.20,9.30,0.10,17.50
S102,1487015066,21.30,9.10,21.20,9.30,0.10,17.50
S102,1487015365,21.30,8.60,21.20,9.00,0.10,17.50
S102,1487015664,21.30,8.90,21.20,9.30,0.10,17.50
S102,1487015963,21.30,8.90,21.20,9.20,0.10,17.50
S102,1487016262,21.30,9.10,21.20,9.30,0.10,17.50
S102,1487016561,21.30,8.60,21.20,9.30,0.10,17.50
S102,1487016860,21.40,9.00,21.30,9.20,0.10,17.50
S102,1487017159,21.40,8.90,21.20,9.10,0.10,17.50
S102,1487017458,21.40,8.90,21.20,9.10,0.10,17.50
S102,1487017757,21.40,8.80,21.30,9.30,0.10,17.50
S102,1487018056,21.40,8.80,21.30,9.50,0.10,17.50
S102,1487018355,21.30,9.20,21.30,9.30,0.10,17.50
S102,1487018654,21.40,9.20,21.20,9.30,0.10,17.50
S102,1487018953,21.40,9.20,21.20,9.30,0.10,17.50
S102,1487019252,21.40,8.80,21.20,9.10,0.10,17.50
S102,1487019551,21.40,8.70,21.10,9.00,0.10,17.50
S102,1487019850,21.40,8.80,21.20,9.20,0.10,17.50
S102,1487020149,21.40,8.80,21.20,9.20,0.10,17.50
S102,1487020448,21.40,9.00,21.20,9.10,0.10,17.50
S102,1487020747,21.40,8.90,21.20,9.10,0.10,17.50
S102,1487021046,21.40,8.50,21.00,8.60,0.10,17.50
S102,1487021345,21.40,8.10,20.90,8.70,0.10,17.50
S102,1487021644,21.30,7.90,20.70,8.70,0.10,17.50
S102,1487021943,21.30,7.90,20.60,8.80,0.10,17.50
S102,1487022242,21.20,7.80,20.50,8.70,0.10,17.50
S102,1487022541,21.20,7.90,20.40,8.90,0.10,17.50
S102,1487022840,21.10,8.20,20.30,8.90,0.10,17.50
S102,1487023139,21.10,8.20,20.20,8.90,0.10,17.50
S102,1487023438,21.00,8.10,20.10,9.00,0.10,17.50
S102,1487023737,20.90,8.10,20.00,9.00,0.10,17.50
S102,1487024036,20.90,8.10,19.90,9.00,0.10,17.50
S102,1487024335,20.80,7.90,19.90,9.10,0.10,17.50
S102,1487024634,20.80,8.20,19.80,9.20,0.10,17.50
S102,1487024933,20.70,8.20,19.80,9.20,0.10,17.50
S102,1487025232,20.70,8.30,19.70,9.30,0.10,17.50
S102,1487025531,20.60,8.40,19.60,9.50,0.10,17.50
S102,1487025830,20.50,8.30,19.60,9.70,0.10,17.50
S102,1487026129,20.50,8.50,19.50,9.80,0.10,17.50
S102,1487026428,20.40,8.50,19.50,9.80,0.10,17.50
S102,1487026728,20.40,8.50,19.50,10.00,0.10,17.50
S102,1487027027,20.30,8.70,19.40,10.10,0.10,17.50
S102,1487027326,20.30,8.80,19.40,10.10,0.10,17.50
S102,1487027625,20.20,8.90,19.30,10.20,0.10,17.50
S102,1487027924,20.20,8.90,19.30,10.30,0.10,17.50
S102,1487028223,20.20,9.00,19.20,10.20,0.10,17.50
S102,1487028522,20.10,8.90,19.20,10.40,0.10,17.50
S102,1487028821,20.10,8.90,19.20,10.40,0.10,17.50
S102,1487029120,20.00,8.80,19.10,10.50,0.10,17.50
S102,1487029419,20.00,9.10,19.10,10.60,0.10,17.50
S102,1487029718,19.90,8.90,19.10,10.60,0.10,17.50
S102,1487030017,19.80,9.10,19.00,10.60,0.10,17.50
S102,1487030316,19.80,9.10,19.00,10.60,0.10,17.50
S102,1487030615,19.80,9.20,19.00,10.60,0.10,17.50
S102,1487030914,19.80,9.30,19.00,10.70,0.10,17.50
S102,1487031213,19.70,9.20,19.00,10.70,0.10,17.50
S102,1487031512,19.80,9.30,19.00,10.70,0.10,17.50
S102,1487031811,19.70,9.20,19.00,10.70,0.10,17.50
S102,1487032110,19.70,9.30,19.00,10.70,0.10,17.50
S102,1487032409,19.70,9.20,19.00,10.60,0.10,17.50
S102,1487032708,19.70,9.30,19.00,10.70,0.10,17.50
S102,1487033007,19.70,9.30,19.00,10.80,0.10,17.50
S102,1487033306,19.60,9.30,19.00,10.70,0.10,17.50
S102,1487033605,19.60,9.30,18.90,10.80,0.10,17.50
S102,1487033904,19.60,9.30,18.90,10.80,0.10,17.50
S102,1487034203,19.60,9.40,18.80,10.80,0.10,17.50
S102,1487034502,19.50,9.30,18.80,10.90,0.10,17.50
S102,1487034801,19.50,9.30,18.70,10.90,0.10,17.50
S102,1487035100,19.50,9.30,18.70,11.00,0.10,17.50
S102,1487035399,19.40,9.40,18.60,11.00,0.10,17.50
S102,1487035698,19.40,9.30,18.60,11.10,0.10,17.50
S102,1487035997,19.30,9.10,18.60,11.20,0.10,17.50
S102,1487036296,19.30,9.30,18.50,11.10,0.10,17.50
S102,1487036595,19.30,9.40,18.50,11.20,0.10,17.50
S102,1487036894,19.20,9.30,18.50,11.20,0.10,17.50
S102,1487037193,19.20,9.40,18.50,11.30,0.10,17.50
S102,1487037492,19.20,9.40,18.40,11.20,0.10,17.50
S102,1487037791,19.10,9.50,18.40,11.30,0.10,17.50
S102,1487038090,19.10,9.50,18.40,11.30,0.10,17.50
S102,1487038389,19.10,9.40,18.40,11.30,0.10,17.50
S102,1487038688,19.00,9.40,18.40,11.40,0.10,17.50
S102,1487038987,19.00,9.40,18.30,11.40,0.10,17.50
S102,1487039286,19.00,9.60,18.30,11.30,0.10,17.50
S102,1487039585,19.00,9.60,18.30,11.40,0.10,17.50
S102,1487039884,18.90,9.40,18.30,11.40,0.10,17.50
S102,1487040183,18.90,9.40,18.30,11.50,0.10,17.50
S102,1487040482,18.90,9.40,18.20,11.50,0.10,17.50
S102,1487040781,18.90,9.60,18.20,11.60,0.10,17.50
S102,1487041080,18.80,9.50,18.20,11.60,0.10,17.50
S102,1487041379,18.80,9.70,18.20,11.60,0.10,17.50
S102,1487041678,18.80,9.70,18.20,11.60,0.10,17.50
S102,1487041977,18.80,9.60,18.10,11.60,0.10,17.50
S102,1487042276,18.80,9.90,18.10,11.60,0.10,17.50
S102,1487042575,18.70,9.70,18.10,11.70,0.10,17.50
S102,1487042874,18.70,9.70,18.10,11.80,0.10,17.50
S102,1487043173,18.70,9.80,18.10,11.80,0.10,17.50
S102,1487043472,18.70,10.00,18.10,11.80,0.10,17.50
S102,1487043771,18.70,9.90,18.00,11.80,0.10,17.50
S102,1487044070,18.60,9.70,18.10,11.90,0.10,17.50
S102,1487044369,18.60,9.80,18.00,11.90,0.10,17.50
S102,1487044668,18.60,10.10,18.00,11.90,0.10,17.50
S102,1487044967,18.60,9.80,18.00,11.90,0.10,17.50
S102,1487045266,18.60,10.10,18.00,12.00,0.10,17.50
S102,1487045565,18.60,10.10,17.90,11.90,0.10,17.50
S102,1487045864,18.50,10.00,17.90,12.00,0.10,17.50
S102,1487046163,18.50,10.00,17.90,12.00,0.10,17.50
S102,1487046462,18.50,10.00,17.90,12.00,0.10,17.50
S102,1487046761,18.50,10.00,17.90,12.10,0.10,17.50
S102,1487047060,18.50,10.00,17.90,12.10,0.10,17.50
S102,1487047359,18.50,10.00,17.90,12.10,0.10,17.50
S102,1487047658,18.40,10.00,17.90,12.10,0.10,17.50
S102,1487047957,18.40,10.00,17.90,12.10,0.10,17.50
S102,1487048256,18.40,10.00,17.80,12.10,0.10,17.50
S102,1487048555,18.40,10.00,17.90,12.20,0.10,17.50
S102,1487048854,18.40,10.00,17.80,12.10,0.10,17.50
S102,1487049153,18.40,10.00,17.80,12.10,0.10,17.50
S102,1487049452,18.40,10.00,17.80,12.10,0.10,17.50
S102,1487049751,18.30,10.20,17.90,12.20,0.10,17.50
S102,1487050050,18.30,10.30,18.00,12.30,0.10,17.50
S102,1487050349,18.30,10.30,18.10,12.30,0.10,17.50
S102,1487050648,18.40,10.50,18.20,12.40,0.10,17.50
S102,1487050947,18.40,10.50,18.30,12.40,0.10,17.50
S102,1487051246,18.40,10.60,18.30,12.30,0.10,17.50
S102,1487051545,18.40,10.60,18.40,12.40,0.10,17.50
S102,1487051844,18.50,10.70,18.40,12.30,0.10,17.50
S102,1487052143,18.50,10.70,18.50,12.30,0.10,17.50
S102,1487052442,18.60,10.80,18.60,12.40,0.10,17.50
S102,1487052741,18.60,10.80,18.60,12.30,0.10,17.50
S102,1487053040,18.60,10.80,18.60,12.40,0.10,17.50
S102,1487053339,18.70,10.80,18.70,12.40,0.10,17.50
S102,1487053638,18.70,10.90,18.70,12.40,0.10,17.50
S102,1487053937,18.70,10.90,18.70,12.20,0.10,17.50
S102,1487054236,18.80,11.00,18.80,12.40,0.10,17.50
S102,1487054535,18.80,11.00,18.80,12.30,0.10,17.50
S102,1487054834,18.80,11.00,18.90,12.40,0.10,17.50
S102,1487055133,18.90,11.00,18.90,12.40,0.10,17.50
S102,1487055432,18.90,11.00,19.00,12.40,0.10,17.50
S102,1487055731,18.90,11.00,19.00,12.40,0.10,17.50
S102,1487056030,19.00,11.10,19.00,12.30,0.10,17.50
S102,1487056329,19.00,11.10,19.10,12.40,0.10,17.50
S102,1487056628,19.00,11.10,19.10,12.30,0.10,17.50
S102,1487056927,19.00,11.10,19.10,12.30,0.10,17.50
S102,1487057226,19.10,11.10,19.20,12.40,0.10,17.50
S102,1487057525,19.10,11.10,19.20,12.40,0.10,17.50
S102,1487057824,19.20,11.20,19.20,12.40,0.10,17.50
S102,1487058123,19.20,11.20,19.30,12.30,0.10,17.50
S102,1487058422,19.20,11.20,19.30,12.40,0.10,17.50
S102,1487058721,19.20,11.10,19.40,12.50,0.10,17.50
S102,1487059020,19.30,11.20,19.40,12.40,0.10,17.50
S102,1487059319,19.30,11.20,19.40,12.30,0.10,17.50
S102,1487059618,19.30,11.20,19.50,12.30,0.10,17.50
S102,1487059917,19.40,11.30,19.50,12.40,0.10,17.50
S102,1487060216,19.40,11.20,19.50,12.40,0.10,17.50
S102,1487060515,19.40,11.20,19.50,12.30,0.10,17.50
S102,1487060814,19.50,11.30,19.60,12.30,0.10,17.50
S102,1487061113,19.50,11.30,19.60,12.50,0.10,17.50
S102,1487061412,19.50,11.30,19.60,12.40,0.10,17.50
S102,1487061711,19.60,11.30,19.60,12.30,0.10,17.50
S102,1487062010,19.60,11.30,19.70,12.40,0.10,17.50
S102,1487062309,19.60,11.30,19.80,12.40,0.10,17.50
S102,1487062608,19.60,11.30,19.80,12.40,0.10,17.50
S102,1487062907,19.70,11.30,19.90,12.30,0.10,17.50
S102,1487063206,19.70,11.20,20.00,12.30,0.10,17.50
S102,1487063505,19.80,11.40,20.10,12.40,0.10,17.50
S102,1487063804,19.80,11.30,20.10,12.20,0.10,17.50
S102,1487064103,19.90,11.30,20.20,12.20,0.10,17.50
S102,1487064402,19.90,11.30,20.20,12.10,0.10,17.50
S102,1487064701,20.00,11.20,20.30,12.00,0.10,17.50
S102,1487065001,20.00,11.10,20.30,12.00,0.10,17.50
S102,1487065300,20.10,11.10,20.30,11.80,0.10,17.50
S102,1487065599,20.10,11.10,20.40,11.90,0.10,17.50
S102,1487065898,20.20,11.20,20.40,11.80,0.10,17.50
S102,1487066197,20.20,11.20,20.40,11.60,0.10,17.50
S102,1487066496,20.20,11.20,20.30,11.60,0.10,17.50
S102,1487066795,20.30,11.20,20.40,11.60,0.10,17.50
S102,1487067094,20.30,11.10,20.40,11.40,0.10,17.50
S102,1487067393,20.30,11.00,20.40,11.40,0.10,17.50
S102,1487067692,20.30,11.00,20.50,11.20,0.10,17.50
S102,1487067991,20.40,11.00,20.50,11.10,0.10,17.50
S102,1487068290,20.40,10.90,20.60,11.10,0.10,17.50
S102,1487068589,20.40,10.80,20.60,11.20,0.10,17.50
S102,1487068888,20.50,10.80,20.60,11.00,0.10,17.50
S102,1487069187,20.50,10.80,20.60,11.00,0.10,17.50
S102,1487069486,20.50,10.80,20.60,11.10,0.10,17.50
S102,1487069785,20.50,10.70,20.60,11.00,0.10,17.50
S102,1487070084,20.60,10.60,20.60,11.00,0.10,17.50
S102,1487070383,20.60,10.70,20.60,11.00,0.10,17.50
S102,1487070682,20.60,10.70,20.50,10.80,0.10,17.50
S102,1487070981,20.60,10.60,20.50,10.80,0.10,17.50
S102,1487071280,20.60,10.60,20.50,10.70,0.10,17.50
S102,1487071579,20.60,10.50,20.50,10.80,0.10,17.50
S102,1487071878,20.60,10.50,20.50,10.70,0.10,17.50
S102,1487072177,20.60,10.50,20.50,10.70,0.10,17.50
S102,1487072476,20.60,10.50,20.50,10.60,0.10,17.50
S102,1487072775,20.60,10.50,20.50,10.60,0.10,17.50
S102,1487073074,20.60,10.50,20.50,10.50,0.10,17.50
S102,1487073373,20.60,10.40,20.50,10.50,0.10,17.50
S102,1487073672,20.60,10.40,20.50,10.40,0.10,17.50
S102,1487073971,20.60,10.30,20.50,10.30,0.10,17.50
S102,1487074270,20.60,10.20,20.50,10.30,0.10,17.50
S102,1487074569,20.70,10.30,20.50,10.20,0.10,17.50
S102,1487074868,20.60,10.20,20.50,10.20,0.10,17.50
S102,1487075167,20.60,10.10,20.50,10.20,0.10,17.50
S102,1487075466,20.60,10.20,20.50,10.10,0.10,17.50
S102,1487075765,20.70,10.10,20.50,10.20,0.10,17.50
S102,1487076064,20.60,10.00,20.50,10.00,0.10,17.50
S102,1487076363,20.70,10.00,20.50,10.00,0.10,17.50
S102,1487076662,20.60,10.00,20.50,10.00,0.10,17.50
S102,1487076961,20.60,9.50,20.60,10.20,0.10,17.50
S102,1487077260,20.70,10.00,20.60,10.20,0.10,17.50
S102,1487077559,20.70,10.00,20.70,10.10,0.10,17.50
S102,1487077858,20.70,10.10,20.70,10.10,0.10,17.50
S102,1487078157,20.80,10.20,20.80,10.30,0.10,17.50
S102,1487078456,20.80,10.10,20.90,10.10,0.10,17.50
S102,1487078755,20.80,10.10,20.90,10.30,0.10,17.50
S102,1487079054,20.80,10.20,20.90,10.20,0.10,17.50
S102,1487079353,20.80,10.20,20.90,10.30,0.10,17.50
S102,1487079652,20.90,10.20,21.00,10.30,0.10,17.50
S102,1487079951,20.90,10.20,21.00,10.10,0.10,17.50
S102,1487080250,20.90,10.10,21.00,10.30,0.10,17.50
S102,1487080549,20.90,9.60,21.00,9.70,0.10,17.50
S102,1487080848,21.00,9.20,21.00,9.70,0.10,17.50
S102,1487081147,21.00,9.30,21.00,9.50,0.10,17.50
S102,1487081446,21.00,9.20,21.10,9.50,0.10,17.50
S102,1487081745,21.00,9.20,21.00,9.70,0.10,17.50
S102,1487082044,21.00,9.20,21.00,9.60,0.10,17.50
S102,1487082343,21.00,9.30,21.10,9.80,0.10,17.50
S102,1487082642,21.00,9.30,21.10,9.80,0.10,17.50
S102,1487082941,21.10,9.10,21.20,10.00,0.10,17.50
S102,1487083240,21.10,9.50,21.20,10.00,0.10,17.50
S102,1487083539,21.10,9.10,21.20,9.90,0.10,17.50
S102,1487083838,21.10,9.40,21.20,9.60,0.10,17.50
S102,1487084137,21.10,8.80,21.20,9.50,0.10,17.50
S102,1487084436,21.20,9.00,21.10,9.80,0.10,17.50
S102,1487084735,21.20,9.00,21.10,9.30,0.10,17.50
S102,1487085034,21.20,9.00,21.10,9.60,0.10,17.50
S102,1487085333,21.20,9.20,21.20,9.60,0.10,17.50
S102,1487085632,21.20,9.20,21.30,9.80,0.10,17.50
S102,1487085931,21.20,9.50,21.30,9.70,0.10,17.50
S102,1487086230,21.20,9.50,21.30,9.80,0.10,17.50
S102,1487086529,21.30,9.30,21.30,9.50,0.10,17.50
S102,1487086828,21.30,8.70,21.20,9.00,0.10,17.50
S102,1487087127,21.30,8.70,21.20,8.90,0.10,17.50
S102,1487087426,21.30,8.30,21.10,9.00,0.10,17.50
S102,1487087725,21.20,8.40,21.10,10.80,0.10,17.50
S102,1487088024,21.30,8.80,21.10,9.10,0.10,17.50
S102,1487088323,21.20,8.70,21.10,9.20,0.10,17.50
S102,1487088622,21.20,8.70,21.10,9.10,0.10,17.50
S102,1487088921,21.30,8.70,21.10,9.30,0.10,17.50
S102,1487089220,21.30,8.30,21.20,9.20,0.10,17.50
S102,1487089519,21.20,8.60,21.20,9.20,0.10,17.50
S102,1487089818,21.20,8.40,21.20,9.30,0.10,17.50
S102,1487090117,21.20,8.60,21.20,9.60,0.10,17.50
S102,1487090416,21.20,8.90,21.20,9.60,0.10,17.50
S102,1487090715,21.30,8.70,21.20,9.30,0.10,17.50
S102,1487091014,21.20,8.80,21.20,9.20,0.10,17.50
S102,1487091313,21.30,8.60,21.10,8.90,0.10,17.50
S102,1487091612,21.30,8.10,21.10,9.10,0.10,17.50
S102,1487091911,21.30,8.20,21.10,8.90,0.10,17.50
S102,1487092210,21.30,8.50,21.20,9.10,0.10,17.50
S102,1487092509,21.30,8.40,21.20,9.20,0.10,17.50
S102,1487092808,21.20,8.50,21.20,9.10,0.10,17.50
S102,1487093107,21.20,8.40,21.10,8.80,0.10,17.50
S102,1487093406,21.30,8.20,21.00,8.70,0.10,17.50
S102,1487093705,21.20,8.20,21.00,8.80,0.10,17.50
S102,1487094004,21.20,8.50,21.00,9.00,0.10,17.50
S102,1487094303,21.20,8.50,21.00,8.80,0.10,17.50
S102,1487094602,21.20,8.60,21.00,8.70,0.10,17.50
S102,1487094901,21.20,8.40,21.00,8.90,0.10,17.50
S102,1487095200,21.20,8.40,21.10,9.00,0.10,17.50
S102,1487095499,21.20,8.40,21.10,9.10,0.10,17.50
S102,1487095798,21.20,8.60,21.10,9.00,0.10,17.50
S102,1487096097,21.20,8.50,21.10,9.00,0.10,17.50
S102,1487096396,21.20,8.50,21.10,9.00,0.10,17.50
S102,1487096695,21.20,8.50,21.10,9.30,0.10,17.50
S102,1487096994,21.20,8.10,21.10,9.00,0.10,17.50
S102,1487097293,21.20,8.30,21.10,9.00,0.10,17.50
S102,1487097592,21.20,8.20,21.10,8.80,0.10,17.50
S102,1487097891,21.20,8.20,21.10,8.20,0.10,17.50
S102,1487098190,21.20,7.80,21.00,8.30,0.10,17.50
S102,1487098489,21.20,8.00,21.10,8.50,0.10,17.50
S102,1487098788,21.20,8.20,21.10,8.60,0.10,17.50
S102,1487099087,21.20,8.20,21.10,8.50,0.10,17.50
S102,1487099386,21.20,8.10,21.10,8.70,0.10,17.50
S102,1487099685,21.20,7.80,21.10,8.80,0.10,17.50
S102,1487099984,21.20,8.00,21.10,8.60,0.10,17.50
S102,1487100283,21.20,8.20,21.00,8.10,0.10,17.50
S102,1487100582,21.20,8.00,21.00,8.00,0.10,17.50
S102,1487100881,21.20,7.80,21.00,8.30,0.10,17.50
S102,1487101180,21.20,7.80,21.00,8.30,0.10,17.50
S102,1487101479,21.20,7.80,21.00,8.30,0.10,17.50
S102,1487101778,21.20,7.80,20.90,8.30,0.10,17.50
S102,1487102077,21.20,7.80,20.90,8.30,0.10,17.50
S102,1487102376,21.20,8.00,20.90,8.30,0.10,17.50
S102,1487102675,21.20,7.80,20.80,8.20,0.10,17.50
S102,1487102974,21.20,7.80,20.80,8.40,0.10,17.50
S102,1487103274,21.10,7.80,20.70,8.30,0.10,17.50
S102,1487103573,21.10,7.80,20.70,8.30,0.10,17.50
S102,1487103872,21.10,7.80,20.60,8.30,0.10,17.50
S102,1487104171,21.00,7.70,20.60,8.40,0.10,17.50
S102,1487104470,21.00,7.70,20.60,8.40,0.10,17.50
S102,1487104769,21.00,7.80,20.50,8.40,0.10,17.50
S102,1487105068,21.00,8.00,20.60,8.50,0.10,17.50
S102,1487105367,20.90,7.70,20.50,8.30,0.10,17.50
S102,1487105666,20.90,7.60,20.50,8.30,0.10,17.50
S102,1487105965,20.90,7.80,20.50,8.30,0.10,17.50
S102,1487106264,20.90,7.80,20.50,8.40,0.10,17.50
S102,1487106563,20.90,8.00,20.50,8.40,0.10,17.50
S102,1487106862,20.80,7.90,20.40,8.40,0.10,17.50
S102,1487107161,20.80,7.60,20.30,8.30,0.10,17.50
S102,1487107460,20.80,7.70,20.10,8.20,0.10,17.50
S102,1487107759,20.70,7.50,20.00,8.10,0.10,17.50
S102,1487108058,20.70,7.20,19.90,8.20,0.10,17.50
S102,1487108357,20.70,7.50,19.80,8.20,0.10,17.50
S102,1487108656,20.60,7.40,19.70,8.20,0.10,17.50
S102,1487108955,20.50,7.30,19.60,8.20,0.10,17.50
S102,1487109254,20.50,7.30,19.50,8.10,0.10,17.50
S102,1487109553,20.40,7.30,19.50,8.20,0.10,17.50
S102,1487109852,20.40,7.30,19.40,8.20,0.10,17.50
S102,1487110151,20.30,7.20,19.40,8.40,0.10,17.50
S102,1487110450,20.30,7.20,19.30,8.40,0.10,17.50
S102,1487110749,20.20,7.10,19.30,8.40,0.10,17.50
S102,1487111048,20.20,7.20,19.20,8.40,0.10,17.50
S102,1487111347,20.10,7.10,19.20,8.50,0.10,17.50
S102,1487111646,20.10,7.10,19.10,8.40,0.10,17.50
S102,1487111945,20.00,7.20,19.10,8.50,0.10,17.50
S102,1487112244,20.00,7.20,19.00,8.50,0.10,17.50
S102,1487112543,19.90,7.30,19.00,8.60,0.10,17.50
S102,1487112842,19.90,7.50,19.00,8.90,0.10,17.50
S102,1487113141,19.80,7.30,19.10,8.90,0.10,17.50
S102,1487113440,19.80,7.40,19.10,8.80,0.10,17.50
S102,1487113739,19.80,7.30,19.10,8.90,0.10,17.50
S102,1487114038,19.80,7.50,19.10,8.70,0.10,17.50
S102,1487114337,19.70,7.30,19.10,8.70,0.10,17.50
S102,1487114636,19.70,7.30,19.10,8.70,0.10,17.50
S102,1487114935,19.70,7.10,19.00,8.60,0.10,17.50
S102,1487115234,19.70,7.20,19.00,8.80,0.10,17.50
S102,1487115533,19.70,8.20,19.00,9.90,0.10,17.50
S102,1487115832,19.60,7.90,19.00,9.50,0.10,17.50
S102,1487116131,19.60,7.90,19.00,9.30,0.10,17.50
S102,1487116430,19.60,7.70,19.00,9.00,0.10,17.50
S102,1487116729,19.60,7.50,18.90,8.70,0.10,17.50
S102,1487117028,19.60,7.00,18.90,8.50,0.10,17.50
S102,1487117327,19.60,7.20,18.90,8.40,0.10,17.50
S102,1487117626,19.50,7.20,18.90,8.20,0.10,17.50
S102,1487117925,19.50,6.70,18.80,8.10,0.10,17.50
S102,1487118224,19.50,6.70,18.80,8.10,0.10,17.50
S102,1487118523,19.50,6.70,18.70,8.00,0.10,17.50
S102,1487118822,19.50,6.70,18.70,8.00,0.10,17.50
S102,1487119121,19.40,6.60,18.60,7.90,0.10,17.50
S102,1487119420,19.30,6.50,18.60,7.90,0.10,17.50
S102,1487119719,19.30,6.50,18.50,7.90,0.10,17.50
S102,1487120018,19.30,6.30,18.50,7.90,0.10,17.50
S102,1487120317,19.20,6.40,18.50,8.00,0.10,17.50
S102,1487120616,19.20,6.70,18.50,7.90,0.10,17.50
S102,1487120915,19.20,6.70,18.40,8.00,0.10,17.50
S102,1487121214,19.20,6.60,18.40,7.90,0.10,17.50
S102,1487121513,19.10,6.40,18.40,8.00,0.10,17.50
S102,1487121812,19.10,6.60,18.30,8.00,0.10,17.50
S102,1487122111,19.00,6.30,18.30,8.00,0.10,17.50
S102,1487122410,19.00,6.40,18.30,8.00,0.10,17.50
S102,1487122709,19.00,6.30,18.20,8.00,0.10,17.50
S102,1487123008,18.90,6.40,18.20,8.10,0.10,17.50
S102,1487123307,18.90,6.20,18.20,8.10,0.10,17.50
S102,1487123606,18.90,6.50,18.10,8.10,0.10,17.50
S102,1487123905,18.80,6.60,18.10,8.20,0.10,17.50
S102,1487124204,18.80,6.60,18.10,8.30,0.10,17.50
S102,1487124503,18.80,6.70,18.10,8.40,0.10,17.50
S102,1487124802,18.80,6.50,18.10,8.40,0.10,17.50
S102,1487125101,18.70,6.40,18.10,8.50,0.10,17.50
S102,1487125400,18.70,6.60,18.00,8.30,0.10,17.50
S102,1487125699,18.70,6.40,18.00,8.40,0.10,17.50
S102,1487125998,18.70,6.70,18.00,8.40,0.10,17.50
S102,1487126297,18.60,6.70,18.00,8.40,0.10,17.50
S102,1487126596,18.60,6.50,18.00,8.30,0.10,17.50
S102,1487126895,18.60,6.40,17.90,8.30,0.10,17.50
S102,1487127194,18.60,6.50,17.90,8.30,0.10,17.50
S102,1487127493,18.50,6.50,17.90,8.20,0.10,17.50
S102,1487127792,18.50,6.50,17.90,8.20,0.10,17.50
S102,1487128091,18.50,6.20,17.80,8.20,0.10,17.50
S102,1487128390,18.50,6.40,17.80,8.20,0.10,17.50
S102,1487128689,18.50,6.40,17.90,8.30,0.10,17.50
S102,1487128988,18.40,6.30,17.80,8.20,0.10,17.50
S102,1487129287,18.40,6.30,17.80,8.20,0.10,17.50
S102,1487129586,18.40,6.60,17.80,8.20,0.10,17.50
S102,1487129885,18.40,6.50,17.70,8.20,0.10,17.50
S102,1487130184,18.30,6.40,17.70,8.30,0.10,17.50
S102,1487130483,18.30,6.40,17.70,8.30,0.10,17.50
S102,1487130782,18.30,6.60,17.70,8.40,0.10,17.50
S102,1487131081,18.30,6.70,17.60,8.40,0.10,17.50
S102,1487131380,18.30,6.80,17.60,8.40,0.10,17.50
S102,1487131679,18.30,6.50,17.60,8.50,0.10,17.50
S102,1487131978,18.30,6.80,17.60,8.60,0.10,17.50
S102,1487132277,18.20,6.80,17.60,8.70,0.10,17.50
S102,1487132576,18.20,7.00,17.60,8.80,0.10,17.50
S102,1487132875,18.20,7.10,17.60,8.80,0.10,17.50
S102,1487133174,18.20,6.90,17.60,8.90,0.10,17.50
S102,1487133473,18.20,7.00,17.60,8.90,0.10,17.50
S102,1487133772,18.10,7.00,17.60,8.90,0.10,17.50
S102,1487134071,18.10,6.90,17.70,8.90,0.10,17.50
S102,1487134370,18.10,7.20,17.70,8.80,0.10,17.50
S102,1487134669,18.10,7.10,17.70,8.80,0.10,17.50
S102,1487134968,18.10,7.10,17.70,8.80,0.10,17.50
S102,1487135267,18.20,7.30,17.70,8.80,0.10,17.50
S102,1487135566,18.10,7.20,17.80,8.90,0.10,17.50
S102,1487135865,18.20,7.60,17.90,9.00,0.10,17.50
S102,1487136164,18.20,7.70,18.00,9.20,0.10,17.50
S102,1487136463,18.20,7.80,18.10,9.20,0.10,17.50
S102,1487136762,18.20,7.90,18.10,9.10,0.10,17.50
S102,1487137061,18.30,8.00,18.20,9.30,0.10,17.50
S102,1487137360,18.20,7.90,18.20,9.30,0.10,17.50
S102,1487137659,18.30,8.00,18.20,9.20,0.10,17.50
S102,1487137958,18.30,7.90,18.30,9.30,0.10,17.50
S102,1487138257,18.40,7.90,18.40,9.20,0.10,17.50
S102,1487138556,18.40,8.00,18.40,9.10,0.10,17.50
S102,1487138855,18.40,8.00,18.40,9.20,0.10,17.50
S102,1487139154,18.40,8.00,18.50,9.10,0.10,17.50
S102,1487139453,18.50,8.10,18.50,9.10,0.10,17.50
S102,1487139752,18.50,8.00,18.50,8.90,0.10,17.50
S102,1487140051,18.50,7.90,18.60,8.90,0.10,17.50
S102,1487140350,18.50,7.80,18.60,8.70,0.10,17.50
S102,1487140649,18.60,7.90,18.60,8.80,0.10,17.50
S102,1487140948,18.60,7.80,18.70,8.70,0.10,17.50
S102,1487141247,18.60,7.80,18.70,8.80,0.10,17.50
S102,1487141547,18.70,7.90,18.70,8.80,0.10,17.50
S102,1487141846,18.70,7.90,18.70,8.70,0.10,17.50
S102,1487142145,18.70,7.90,18.80,8.60,0.10,17.50
S102,1487142444,18.70,7.90,18.80,8.60,0.10,17.50
S102,1487142743,18.80,7.90,18.90,8.80,0.10,17.50
S102,1487143042,18.80,7.90,18.90,8.60,0.10,17.50
S102,1487143341,18.80,7.80,18.90,8.50,0.10,17.50
S102,1487143640,18.90,7.90,18.90,8.50,0.10,17.50
S102,1487143939,18.90,7.90,18.90,8.50,0.10,17.50
S102,1487144238,18.90,7.80,19.00,8.50,0.10,17.50
S102,1487144537,19.00,7.80,19.00,8.50,0.10,17.50
S102,1487144836,19.00,7.70,19.00,8.30,0.10,17.50
S102,1487145135,19.00,7.80,19.10,8.40,0.10,17.50
S102,1487145434,19.00,7.80,19.10,8.40,0.10,17.50
S102,1487145733,19.00,7.50,19.10,8.60,0.10,17.50
S102,1487146032,19.10,7.30,19.10,8.10,0.10,17.50
S102,1487146331,19.10,7.10,19.20,8.10,0.10,17.50
S102,1487146630,19.10,7.00,19.20,7.90,0.10,17.50
S102,1487146929,19.20,7.00,19.20,7.90,0.10,17.50
S102,1487147228,19.20,7.20,19.20,8.00,0.10,17.50
S102,1487147527,19.20,7.00,19.20,8.00,0.10,17.50
S102,1487147826,19.20,7.20,19.10,8.30,0.10,17.50
S102,1487148125,19.20,7.10,19.10,8.70,0.10,17.50
S102,1487148424,19.30,7.50,19.20,8.70,0.10,17.50
S102,1487148723,19.30,7.60,19.10,8.80,0.10,17.50
S102,1487149022,19.30,7.50,19.10,8.70,0.10,17.50
S102,1487149321,19.30,7.40,19.10,8.70,0.10,17.50
S102,1487149620,19.30,7.40,19.10,9.00,0.10,17.50
S102,1487149919,19.30,7.30,19.10,9.00,0.10,17.50
S102,1487150218,19.30,7.40,19.00,8.90,0.10,17.50
S102,1487150517,19.30,7.50,19.00,8.70,0.10,17.50
S102,1487150816,19.30,7.60,18.90,8.50,0.10,17.50
S102,1487151115,19.30,7.50,19.00,8.90,0.10,17.50
S102,1487151414,19.30,7.60,19.00,9.40,0.10,17.50
S102,1487151713,19.30,8.00,19.10,9.80,0.10,17.50
S102,1487152012,19.30,7.80,19.10,9.40,0.10,17.50
S102,1487152311,19.30,7.90,19.30,9.40,0.10,17.50
S102,1487152610,19.40,7.90,19.40,9.20,0.10,17.50
S102,1487152909,19.40,8.00,19.40,9.30,0.10,17.50
S102,1487153208,19.40,8.10,19.60,9.10,0.10,17.50
S102,1487153507,19.50,8.20,19.60,9.20,0.10,17.50
S102,1487153806,19.50,8.10,19.70,9.10,0.10,17.50
S102,1487154105,19.50,7.90,19.70,8.90,0.10,17.50
S102,1487154404,19.60,7.90,19.70,8.80,0.10,17.50
S102,1487154703,19.60,7.60,19.80,8.60,0.10,17.50
S102,1487155002,19.70,7.90,19.90,9.20,0.10,17.50
S102,1487155301,19.70,7.90,19.90,8.80,0.10,17.50
S102,1487155600,19.70,7.90,19.90,8.80,0.10,17.50
S102,1487155899,19.80,7.70,19.90,8.50,0.10,17.50
S102,1487156198,19.80,7.60,19.90,8.20,0.10,17.50
S102,1487156497,19.80,7.50,20.00,8.20,0.10,17.50
S102,1487156796,19.80,7.50,20.00,8.20,0.10,17.50
S102,1487157095,19.90,7.30,20.00,8.20,0.10,17.50
S102,1487157394,19.90,7.50,20.00,8.00,0.10,17.50
S102,1487157693,19.90,7.10,20.20,8.30,0.10,17.50
S102,1487157992,20.00,7.00,20.30,12.10,0.10,17.50
S102,1487158291,20.00,7.00,20.30,8.00,0.10,17.50
S102,1487158590,20.10,7.10,20.20,7.90,0.10,17.50
S102,1487158889,20.10,7.10,20.40,7.70,0.10,17.50
S102,1487159188,20.10,7.10,20.40,7.60,0.10,17.50
S102,1487159487,20.20,7.00,20.30,7.70,0.10,17.50
S102,1487159786,20.20,7.10,20.30,7.60,0.10,17.50
